! 55V energy loss (dE/dX) in He
! apply ZOOM for details
Energy (MeV/u)1	0 - [He-base] F.Hubert et al, AD&ND Tables 46(1990)1	Energy (MeV/u)2	1 - [H -base] J.F.Ziegler et al,Pergamon Press,NY(low energy)	Energy (MeV/u)3	2 - ATIMA 1.2 LS-theory (recommended for high energy)	Energy (MeV/u)4	3 - ATIMA 1.2 without LS-correction	Energy (MeV/u)5	4 - ATIMA 1.4 H.Weick, improved mean charge formula for HI	Energy (MeV/u)6	5 - electrical component of [1] - J.F.Ziegler et al	Energy (MeV/u)7	6 - nuclear component of [1] - J.F.Ziegler et al	
0.001000	0.000118576	0.001000	0.00013136	0.001000	0.000126679	0.001000	0.000126679	0.001000	0.000126687	0.001000	3.20228e-05	0.001000	9.93369e-05	
0.002000	0.000119445	0.002000	0.000125688	0.002000	0.000122826	0.002000	0.000122826	0.002000	0.000122832	0.002000	4.15285e-05	0.002000	8.41598e-05	
0.005000	0.000121944	0.005000	0.000117102	0.005000	0.000119681	0.005000	0.000119681	0.005000	0.000119684	0.005000	5.85563e-05	0.005000	5.85455e-05	
0.008000	0.00012692	0.008000	0.000115817	0.008000	0.000123305	0.008000	0.000123305	0.008000	0.000123308	0.008000	6.98423e-05	0.008000	4.59752e-05	
0.010000	0.000130642	0.010000	0.000116475	0.010000	0.000126994	0.010000	0.000126994	0.010000	0.000126996	0.010000	7.59381e-05	0.010000	4.05365e-05	
0.015000	0.00014144	0.015000	0.000120143	0.015000	0.000137623	0.015000	0.000137623	0.015000	0.000137624	0.015000	8.84085e-05	0.015000	3.17347e-05	
0.020000	0.000155576	0.020000	0.00012486	0.020000	0.000148649	0.020000	0.000148649	0.020000	0.000148651	0.020000	9.84795e-05	0.020000	2.63805e-05	
0.025000	0.00017281	0.025000	0.000129805	0.025000	0.000159431	0.025000	0.000159431	0.025000	0.000159432	0.025000	0.000107075	0.025000	2.27303e-05	
0.030000	0.000188733	0.030000	0.000143551	0.030000	0.000172563	0.030000	0.000172563	0.030000	0.000172564	0.030000	0.000123491	0.030000	2.00598e-05	
0.035000	0.000202936	0.035000	0.000164945	0.035000	0.000188317	0.035000	0.000188317	0.035000	0.000188318	0.035000	0.000146936	0.035000	1.80096e-05	
0.040000	0.000215043	0.040000	0.00018517	0.040000	0.000204062	0.040000	0.000204062	0.040000	0.000204062	0.040000	0.000168942	0.040000	1.62284e-05	
0.045000	0.000225172	0.045000	0.000204376	0.045000	0.000219999	0.045000	0.000219999	0.045000	0.00022   	0.045000	0.000189463	0.045000	1.49125e-05	
0.050000	0.000233152	0.050000	0.000222509	0.050000	0.000235874	0.050000	0.000235874	0.050000	0.000235875	0.050000	0.000208695	0.050000	1.38136e-05	
0.055000	0.000246251	0.055000	0.000239776	0.055000	0.000251622	0.055000	0.000251622	0.055000	0.000251623	0.055000	0.000226895	0.055000	1.28804e-05	
0.060000	0.000258102	0.060000	0.000256362	0.060000	0.000267189	0.060000	0.000267189	0.060000	0.000267189	0.060000	0.000244285	0.060000	1.2077e-05	
0.070000	0.000278732	0.070000	0.000287971	0.070000	0.000297611	0.070000	0.000297611	0.070000	0.000297612	0.070000	0.000277209	0.070000	1.07617e-05	
0.080000	0.000302103	0.080000	0.000318128	0.080000	0.000326868	0.080000	0.000326868	0.080000	0.000326868	0.080000	0.000308401	0.080000	9.72726e-06	
0.090000	0.000322226	0.090000	0.000348962	0.090000	0.000354766	0.090000	0.000354766	0.090000	0.000354767	0.090000	0.000340072	0.090000	8.8901e-06	
0.100000	0.000339718	0.100000	0.000377974	0.100000	0.000381179	0.100000	0.000381179	0.100000	0.00038118	0.100000	0.000369777	0.100000	8.19724e-06	
0.120000	0.000360507	0.120000	0.000430396	0.120000	0.000429286	0.120000	0.000429286	0.120000	0.000429287	0.120000	0.000423282	0.120000	7.11389e-06	
0.140000	0.000376684	0.140000	0.000475611	0.140000	0.000471031	0.140000	0.000471031	0.140000	0.000471031	0.140000	0.000469308	0.140000	6.30261e-06	
0.160000	0.000390933	0.160000	0.000514359	0.160000	0.000506689	0.160000	0.000506689	0.160000	0.00050669	0.160000	0.000508689	0.160000	5.67016e-06	
0.180000	0.000404588	0.180000	0.000547546	0.180000	0.00053679	0.180000	0.00053679	0.180000	0.000536791	0.180000	0.000542384	0.180000	5.16197e-06	
0.200000	0.000418222	0.200000	0.000576044	0.200000	0.000561979	0.200000	0.000561979	0.200000	0.00056198	0.200000	0.0005713 	0.200000	4.74385e-06	
0.250000	0.000438638	0.250000	0.000631485	0.250000	0.00060781	0.250000	0.00060781	0.250000	0.00060781	0.250000	0.000627524	0.250000	3.96125e-06	
0.300000	0.000458241	0.300000	0.000670867	0.300000	0.000636343	0.300000	0.000636343	0.300000	0.000636344	0.300000	0.000667453	0.300000	3.41419e-06	
0.350000	0.000485256	0.350000	0.000709093	0.350000	0.000654256	0.350000	0.000654256	0.350000	0.000654257	0.350000	0.000706085	0.350000	3.00844e-06	
0.400000	0.000513142	0.400000	0.000750712	0.400000	0.000690192	0.400000	0.000690192	0.400000	0.000690193	0.400000	0.000748018	0.400000	2.69454e-06	
0.450000	0.000536396	0.450000	0.000782283	0.450000	0.000707538	0.450000	0.000707538	0.450000	0.000707538	0.450000	0.000779839	0.450000	2.44387e-06	
0.500000	0.000555692	0.500000	0.000806244	0.500000	0.000719915	0.500000	0.000719915	0.500000	0.000719915	0.500000	0.000804005	0.500000	2.23872e-06	
0.600000	0.00056599	0.600000	0.000838669	0.600000	0.000735433	0.600000	0.000735433	0.600000	0.000735434	0.600000	0.000836747	0.600000	1.92217e-06	
0.700000	0.000566818	0.700000	0.000860219	0.700000	0.000743633	0.700000	0.000743633	0.700000	0.000743633	0.700000	0.00085853	0.700000	1.68857e-06	
0.800000	0.000581954	0.800000	0.000871485	0.800000	0.000747506	0.800000	0.000747506	0.800000	0.000747507	0.800000	0.000869977	0.800000	1.50857e-06	
0.900000	0.000591942	0.900000	0.000875874	0.900000	0.00074852	0.900000	0.00074852	0.900000	0.000748521	0.900000	0.000874508	0.900000	1.36532e-06	
1.000000	0.000597677	1.000000	0.000875426	1.000000	0.000747496	1.000000	0.000747496	1.000000	0.000747497	1.000000	0.000874178	1.000000	1.2484e-06	
1.250000	0.000594661	1.250000	0.000852387	1.250000	0.000739065	1.250000	0.000739065	1.250000	0.000739065	1.250000	0.000851356	1.250000	1.03196e-06	
1.500000	0.000584641	1.500000	0.000824654	1.500000	0.00072561	1.500000	0.00072561	1.500000	0.00072561	1.500000	0.000823771	1.500000	8.82593e-07	
1.750000	0.000569208	1.750000	0.000793002	1.750000	0.000707814	1.750000	0.000707814	1.750000	0.000707815	1.750000	0.000792229	1.750000	7.72908e-07	
2.000000	0.000549856	2.000000	0.000757575	2.000000	0.000686173	2.000000	0.000686173	2.000000	0.000686173	2.000000	0.000756886	2.000000	6.88724e-07	
2.250000	0.000531934	2.250000	0.000725419	2.250000	0.000665905	2.250000	0.000665905	2.250000	0.000665905	2.250000	0.000724797	2.250000	6.21945e-07	
2.500000	0.000600602	2.500000	0.000695137	2.500000	0.00064682	2.500000	0.00064682	2.500000	0.00064682	2.500000	0.00069457	2.500000	5.67597e-07	
3.000000	0.000563988	3.000000	0.00064272	3.000000	0.000611744	3.000000	0.000611744	3.000000	0.000611745	3.000000	0.000642236	3.000000	4.84312e-07	
3.500000	0.000530561	3.500000	0.000598362	3.500000	0.000580259	3.500000	0.000580259	3.500000	0.000580259	3.500000	0.000597938	3.500000	4.23324e-07	
4.000000	0.000500497	4.000000	0.000563531	4.000000	0.00055186	4.000000	0.00055186	4.000000	0.00055186	4.000000	0.000563154	4.000000	3.76623e-07	
4.500000	0.000473554	4.500000	0.000534118	4.500000	0.000526132	4.500000	0.000526132	4.500000	0.000526133	4.500000	0.000533779	4.500000	3.39649e-07	
5.000000	0.00044938	5.000000	0.000507987	5.000000	0.000502727	5.000000	0.000502727	5.000000	0.000502727	5.000000	0.000507677	5.000000	3.09607e-07	
5.500000	0.000427625	5.500000	0.000484555	5.500000	0.000481348	5.500000	0.000481348	5.500000	0.000481348	5.500000	0.000484271	5.500000	2.84687e-07	
6.000000	0.000407972	6.000000	0.000463248	6.000000	0.000461745	6.000000	0.000461745	6.000000	0.000461745	6.000000	0.000462984	6.000000	2.63663e-07	
6.500000	0.000390143	6.500000	0.000443753	6.500000	0.000443705	6.500000	0.000443705	6.500000	0.000443706	6.500000	0.000443507	6.500000	2.45674e-07	
7.000000	0.000373905	7.000000	0.00042585	7.000000	0.00042705	7.000000	0.00042705	7.000000	0.00042705	7.000000	0.00042562	7.000000	2.30097e-07	
7.500000	0.000359056	7.500000	0.000409352	7.500000	0.000411623	7.500000	0.000411623	7.500000	0.000411623	7.500000	0.000409135	7.500000	2.1647e-07	
8.000000	0.000345428	8.000000	0.000394095	8.000000	0.000397293	8.000000	0.000397293	8.000000	0.000397293	8.000000	0.00039389	8.000000	2.04442e-07	
8.500000	0.000332876	8.500000	0.000379944	8.500000	0.000383945	8.500000	0.000383945	8.500000	0.000383945	8.500000	0.00037975	8.500000	1.93744e-07	
9.000000	0.000321276	9.000000	0.000366782	9.000000	0.000371481	9.000000	0.000371481	9.000000	0.000371481	9.000000	0.000366598	9.000000	1.84163e-07	
9.500000	0.000310525	9.500000	0.00035451	9.500000	0.000359814	9.500000	0.000359814	9.500000	0.000359814	9.500000	0.000354334	9.500000	1.7553e-07	
10.000000	0.00030053	10.000000	0.000328768	10.000000	0.00034887	10.000000	0.00034887	10.000000	0.00034887	10.000000	0.000328601	10.000000	1.67708e-07	
11.000000	0.000282512	11.000000	0.000313017	11.000000	0.000327441	11.000000	0.000329275	11.000000	0.000329616	11.000000	0.000312862	11.000000	1.54075e-07	
12.000000	0.000266709	12.000000	0.000298646	12.000000	0.000308643	12.000000	0.000311887	12.000000	0.000312371	12.000000	0.000298504	12.000000	1.42585e-07	
13.000000	0.000252732	13.000000	0.000285515	13.000000	0.000292034	13.000000	0.000296362	13.000000	0.000296862	13.000000	0.000285382	13.000000	1.32764e-07	
14.000000	0.000240277	14.000000	0.000273489	14.000000	0.000277258	14.000000	0.000282424	14.000000	0.000282856	14.000000	0.000273365	14.000000	1.24266e-07	
15.000000	0.000229103	15.000000	0.000262446	15.000000	0.00026403	15.000000	0.000269849	15.000000	0.000270161	15.000000	0.000262329	15.000000	1.16838e-07	
16.000000	0.00021902	16.000000	0.000252278	16.000000	0.000252133	16.000000	0.000258453	16.000000	0.000258614	16.000000	0.000252167	16.000000	1.10287e-07	
17.000000	0.000209872	17.000000	0.00024289	17.000000	0.000241388	17.000000	0.000248084	17.000000	0.000248079	17.000000	0.000242785	17.000000	1.04463e-07	
18.000000	0.000201534	18.000000	0.000234199	18.000000	0.000231643	18.000000	0.000238614	18.000000	0.000238428	18.000000	0.0002341 	18.000000	9.92507e-08	
19.000000	0.000193899	19.000000	0.000226134	19.000000	0.000222769	19.000000	0.000229939	19.000000	0.000229574	19.000000	0.000226039	19.000000	9.45567e-08	
20.000000	0.000186881	20.000000	0.000218629	20.000000	0.000214655	20.000000	0.000221966	20.000000	0.000221434	20.000000	0.000218539	20.000000	9.03064e-08	
21.000000	0.000180407	21.000000	0.000211631	21.000000	0.000207216	21.000000	0.000214619	21.000000	0.000213913	21.000000	0.000211545	21.000000	8.64386e-08	
22.000000	0.000174414	22.000000	0.000205091	22.000000	0.000200383	22.000000	0.000207831	22.000000	0.000206971	22.000000	0.000205008	22.000000	8.29033e-08	
23.000000	0.00016885	23.000000	0.000198965	23.000000	0.000194091	23.000000	0.000201547	23.000000	0.000200537	23.000000	0.000198885	23.000000	7.96586e-08	
24.000000	0.00016367	24.000000	0.000193216	24.000000	0.00018828	24.000000	0.000195716	24.000000	0.00019457	24.000000	0.000193139	24.000000	7.66696e-08	
25.000000	0.000158834	25.000000	0.000187811	25.000000	0.000182899	25.000000	0.000190295	25.000000	0.000189022	25.000000	0.000187737	25.000000	7.39068e-08	
27.000000	0.000150064	27.000000	0.000177916	27.000000	0.000173259	27.000000	0.000180537	27.000000	0.000179044	27.000000	0.000177847	27.000000	6.89629e-08	
29.000000	0.000142318	29.000000	0.00016908	29.000000	0.000164923	29.000000	0.00017202	29.000000	0.000170348	29.000000	0.000169015	29.000000	6.46656e-08	
31.000000	0.000135423	31.000000	0.000161142	31.000000	0.000157502	31.000000	0.000164049	31.000000	0.000162324	31.000000	0.000161082	31.000000	6.08942e-08	
33.000000	0.000129244	33.000000	0.000153974	33.000000	0.000150662	33.000000	0.000156445	33.000000	0.000154781	33.000000	0.000153916	33.000000	5.75563e-08	
35.000000	0.000123672	35.000000	0.000147468	35.000000	0.000144455	35.000000	0.000149574	35.000000	0.000147984	35.000000	0.000147414	35.000000	5.45804e-08	
38.000000	0.000116268	38.000000	0.000138765	38.000000	0.000136135	38.000000	0.000140426	38.000000	0.000138961	38.000000	0.000138714	38.000000	5.06743e-08	
41.000000	0.000109809	41.000000	0.000131122	41.000000	0.000128797	41.000000	0.000132434	41.000000	0.000131099	41.000000	0.000131075	41.000000	4.73115e-08	
44.000000	0.000104123	44.000000	0.000124358	44.000000	0.000122308	44.000000	0.000125392	44.000000	0.000124186	44.000000	0.000124314	44.000000	4.43845e-08	
47.000000	9.90754e-05	47.000000	0.00011833	47.000000	0.000116515	47.000000	0.000119139	47.000000	0.000118059	47.000000	0.000118288	47.000000	4.18127e-08	
50.000000	9.45631e-05	50.000000	0.000112924	50.000000	0.000111295	50.000000	0.00011355	50.000000	0.00011259	50.000000	0.000112884	50.000000	3.95343e-08	
55.000000	8.80155e-05	55.000000	0.000105055	55.000000	0.000103694	55.000000	0.000105446	55.000000	0.000104668	55.000000	0.000105018	55.000000	3.62629e-08	
60.000000	8.24434e-05	60.000000	9.83405e-05	60.000000	9.72008e-05	60.000000	9.85591e-05	60.000000	9.7942e-05	60.000000	9.8307e-05	60.000000	3.3511e-08	
65.000000	7.76402e-05	65.000000	9.25446e-05	65.000000	9.15813e-05	65.000000	9.26347e-05	65.000000	9.21574e-05	65.000000	9.25134e-05	65.000000	3.11625e-08	
70.000000	7.34543e-05	70.000000	8.74905e-05	70.000000	8.66787e-05	70.000000	8.74835e-05	70.000000	8.71276e-05	70.000000	8.74614e-05	70.000000	2.91337e-08	
75.000000	6.97716e-05	75.000000	8.30444e-05	75.000000	8.236e-05 	75.000000	8.29633e-05	75.000000	8.2713e-05	75.000000	8.3017e-05	75.000000	2.73627e-08	
80.000000	6.6505e-05	80.000000	7.91028e-05	80.000000	7.85214e-05	80.000000	7.89644e-05	80.000000	7.88066e-05	80.000000	7.9077e-05	80.000000	2.58027e-08	
85.000000	6.35863e-05	85.000000	7.55843e-05	85.000000	7.50866e-05	85.000000	7.54015e-05	85.000000	7.53225e-05	85.000000	7.55599e-05	85.000000	2.44177e-08	
90.000000	6.09616e-05	90.000000	7.24243e-05	90.000000	7.20033e-05	90.000000	7.22068e-05	90.000000	7.21958e-05	90.000000	7.24011e-05	90.000000	2.31794e-08	
95.000000	5.85878e-05	95.000000	6.95705e-05	95.000000	6.92199e-05	95.000000	6.93258e-05	95.000000	6.93757e-05	95.000000	6.95484e-05	95.000000	2.20654e-08	
100.000000	5.64297e-05	100.000000	6.69804e-05	100.000000	6.66871e-05	100.000000	6.67145e-05	100.000000	6.68175e-05	100.000000	6.69594e-05	100.000000	2.10576e-08	
105.000000	5.44587e-05	105.000000	6.46191e-05	105.000000	6.43792e-05	105.000000	6.43366e-05	105.000000	6.44849e-05	105.000000	6.4599e-05	105.000000	2.01414e-08	
110.000000	5.26509e-05	110.000000	6.24575e-05	110.000000	6.22611e-05	110.000000	6.2162e-05	110.000000	6.23524e-05	110.000000	6.24382e-05	110.000000	1.93046e-08	
115.000000	5.09863e-05	115.000000	6.04712e-05	115.000000	6.03151e-05	115.000000	6.01657e-05	115.000000	6.03907e-05	115.000000	6.04527e-05	115.000000	1.85372e-08	
120.000000	4.94483e-05	120.000000	5.86398e-05	120.000000	5.85175e-05	120.000000	5.83266e-05	120.000000	5.85842e-05	120.000000	5.8622e-05	120.000000	1.78309e-08	
125.000000	4.80226e-05	125.000000	5.69457e-05	125.000000	5.68537e-05	125.000000	5.66269e-05	125.000000	5.69118e-05	125.000000	5.69285e-05	125.000000	1.71784e-08	
130.000000	4.6697e-05	130.000000	5.53741e-05	130.000000	5.53151e-05	130.000000	5.50512e-05	130.000000	5.53618e-05	130.000000	5.53575e-05	130.000000	1.65739e-08	
135.000000	4.54612e-05	135.000000	5.39121e-05	135.000000	5.38805e-05	135.000000	5.35865e-05	135.000000	5.39184e-05	135.000000	5.3896e-05	135.000000	1.60121e-08	
140.000000	4.4306e-05	140.000000	5.25486e-05	140.000000	5.25376e-05	140.000000	5.22214e-05	140.000000	5.25741e-05	140.000000	5.25331e-05	140.000000	1.54886e-08	
145.000000	4.32236e-05	145.000000	5.1274e-05	145.000000	5.12829e-05	145.000000	5.09461e-05	145.000000	5.13154e-05	145.000000	5.1259e-05	145.000000	1.49996e-08	
150.000000	4.22073e-05	150.000000	5.00799e-05	150.000000	5.01112e-05	150.000000	4.9752e-05	150.000000	5.01375e-05	150.000000	5.00653e-05	150.000000	1.45417e-08	
155.000000	4.07693e-05	155.000000	4.89588e-05	155.000000	4.90087e-05	155.000000	4.86317e-05	155.000000	4.9031e-05	155.000000	4.89447e-05	155.000000	1.4112e-08	
160.000000	3.99296e-05	160.000000	4.79043e-05	160.000000	4.79702e-05	160.000000	4.75785e-05	160.000000	4.79902e-05	160.000000	4.78906e-05	160.000000	1.37079e-08	
165.000000	3.91373e-05	165.000000	4.69106e-05	165.000000	4.69925e-05	165.000000	4.65866e-05	165.000000	4.70103e-05	165.000000	4.68973e-05	165.000000	1.33272e-08	
170.000000	3.83882e-05	170.000000	4.59726e-05	170.000000	4.60672e-05	170.000000	4.56507e-05	170.000000	4.60838e-05	170.000000	4.59596e-05	170.000000	1.29679e-08	
175.000000	3.7679e-05	175.000000	4.50858e-05	175.000000	4.51916e-05	175.000000	4.47664e-05	175.000000	4.52088e-05	175.000000	4.50731e-05	175.000000	1.26283e-08	
180.000000	3.70064e-05	180.000000	4.4246e-05	180.000000	4.43657e-05	180.000000	4.39294e-05	180.000000	4.43803e-05	180.000000	4.42337e-05	180.000000	1.23066e-08	
185.000000	3.63678e-05	185.000000	4.34496e-05	185.000000	4.35822e-05	185.000000	4.31361e-05	185.000000	4.35939e-05	185.000000	4.34376e-05	185.000000	1.20016e-08	
190.000000	3.57605e-05	190.000000	4.26935e-05	190.000000	4.28359e-05	190.000000	4.23832e-05	190.000000	4.28478e-05	190.000000	4.26817e-05	190.000000	1.17119e-08	
195.000000	3.51822e-05	195.000000	4.19745e-05	195.000000	4.21276e-05	195.000000	4.16677e-05	195.000000	4.21385e-05	195.000000	4.1963e-05	195.000000	1.14364e-08	
200.000000	3.4631e-05	200.000000	4.129e-05 	200.000000	4.14555e-05	200.000000	4.09869e-05	200.000000	4.14626e-05	200.000000	4.12788e-05	200.000000	1.1174e-08	
210.000000	3.36024e-05	210.000000	4.00152e-05	210.000000	4.02005e-05	210.000000	3.97199e-05	210.000000	4.02053e-05	210.000000	4.00045e-05	210.000000	1.06852e-08	
220.000000	3.26615e-05	220.000000	3.88523e-05	220.000000	3.90506e-05	220.000000	3.8565e-05	220.000000	3.90573e-05	220.000000	3.8842e-05	220.000000	1.02389e-08	
230.000000	3.17975e-05	230.000000	3.77871e-05	230.000000	3.80009e-05	230.000000	3.75083e-05	230.000000	3.80069e-05	230.000000	3.77772e-05	230.000000	9.82968e-09	
240.000000	3.10013e-05	240.000000	3.68079e-05	240.000000	3.70382e-05	240.000000	3.65379e-05	240.000000	3.7041e-05	240.000000	3.67985e-05	240.000000	9.45313e-09	
250.000000	3.02653e-05	250.000000	3.59049e-05	250.000000	3.61482e-05	250.000000	3.56437e-05	250.000000	3.61508e-05	250.000000	3.58958e-05	250.000000	9.1054e-09	
260.000000	2.95827e-05	260.000000	3.50694e-05	260.000000	3.53233e-05	260.000000	3.48173e-05	260.000000	3.53272e-05	260.000000	3.50607e-05	260.000000	8.78328e-09	
270.000000	2.89481e-05	270.000000	3.42944e-05	270.000000	3.45601e-05	270.000000	3.40514e-05	270.000000	3.45638e-05	270.000000	3.42859e-05	270.000000	8.48399e-09	
280.000000	2.83564e-05	280.000000	3.35735e-05	280.000000	3.38529e-05	280.000000	3.33396e-05	280.000000	3.38536e-05	280.000000	3.35653e-05	280.000000	8.20517e-09	
290.000000	2.78036e-05	290.000000	3.29014e-05	290.000000	3.31916e-05	290.000000	3.26766e-05	290.000000	3.31923e-05	290.000000	3.28934e-05	290.000000	7.94477e-09	
300.000000	2.72859e-05	300.000000	3.22732e-05	300.000000	3.25732e-05	300.000000	3.20576e-05	300.000000	3.25738e-05	300.000000	3.22655e-05	300.000000	7.70098e-09	
310.000000	2.68001e-05	310.000000	3.1685e-05	310.000000	3.19952e-05	310.000000	3.14785e-05	310.000000	3.19954e-05	310.000000	3.16776e-05	310.000000	7.47225e-09	
320.000000	2.63434e-05	320.000000	3.11331e-05	320.000000	3.14532e-05	320.000000	3.09357e-05	320.000000	3.14528e-05	320.000000	3.11259e-05	320.000000	7.25721e-09	
330.000000	2.59133e-05	330.000000	3.06143e-05	330.000000	3.09423e-05	330.000000	3.04259e-05	330.000000	3.09429e-05	330.000000	3.06073e-05	330.000000	7.05466e-09	
340.000000	2.55074e-05	340.000000	3.01258e-05	340.000000	3.04611e-05	340.000000	2.99463e-05	340.000000	3.04635e-05	340.000000	3.01189e-05	340.000000	6.86352e-09	
350.000000	2.5124e-05	350.000000	2.96651e-05	350.000000	3.00094e-05	350.000000	2.94944e-05	350.000000	3.0011e-05	350.000000	2.96584e-05	350.000000	6.68283e-09	
360.000000	2.47611e-05	360.000000	2.92299e-05	360.000000	2.95838e-05	360.000000	2.90679e-05	360.000000	2.95841e-05	360.000000	2.92233e-05	360.000000	6.51177e-09	
370.000000	2.44173e-05	370.000000	2.88182e-05	370.000000	2.91809e-05	370.000000	2.86649e-05	370.000000	2.91808e-05	370.000000	2.88118e-05	370.000000	6.34956e-09	
380.000000	2.4091e-05	380.000000	2.84282e-05	380.000000	2.87981e-05	380.000000	2.82835e-05	380.000000	2.87984e-05	380.000000	2.8422e-05	380.000000	6.19553e-09	
390.000000	2.37811e-05	390.000000	2.80584e-05	390.000000	2.84351e-05	390.000000	2.79221e-05	390.000000	2.84363e-05	390.000000	2.80523e-05	390.000000	6.04907e-09	
400.000000	2.34863e-05	400.000000	2.77072e-05	400.000000	2.80921e-05	400.000000	2.75792e-05	400.000000	2.80928e-05	400.000000	2.77013e-05	400.000000	5.90963e-09	
410.000000	2.32056e-05	410.000000	2.73733e-05	410.000000	2.77665e-05	410.000000	2.72536e-05	410.000000	2.77661e-05	410.000000	2.73675e-05	410.000000	5.77671e-09	
420.000000	2.2938e-05	420.000000	2.70555e-05	420.000000	2.74557e-05	420.000000	2.69439e-05	420.000000	2.74554e-05	420.000000	2.70499e-05	420.000000	5.64985e-09	
430.000000	2.26827e-05	430.000000	2.67528e-05	430.000000	2.71593e-05	430.000000	2.66492e-05	430.000000	2.71599e-05	430.000000	2.67473e-05	430.000000	5.52864e-09	
440.000000	2.24389e-05	440.000000	2.64642e-05	440.000000	2.68769e-05	440.000000	2.63683e-05	440.000000	2.68781e-05	440.000000	2.64587e-05	440.000000	5.41272e-09	
450.000000	2.22059e-05	450.000000	2.61886e-05	450.000000	2.66081e-05	450.000000	2.61005e-05	450.000000	2.66091e-05	450.000000	2.61833e-05	450.000000	5.30173e-09	
460.000000	2.19829e-05	460.000000	2.59254e-05	460.000000	2.6352e-05	460.000000	2.58448e-05	460.000000	2.63525e-05	460.000000	2.59202e-05	460.000000	5.19537e-09	
470.000000	2.17695e-05	470.000000	2.56737e-05	470.000000	2.61074e-05	470.000000	2.56006e-05	470.000000	2.61074e-05	470.000000	2.56686e-05	470.000000	5.09335e-09	
480.000000	2.15649e-05	480.000000	2.54329e-05	480.000000	2.58732e-05	480.000000	2.53671e-05	480.000000	2.58726e-05	480.000000	2.54279e-05	480.000000	4.99541e-09	
490.000000	2.13687e-05	490.000000	2.52022e-05	490.000000	2.56485e-05	490.000000	2.51436e-05	490.000000	2.5648e-05	490.000000	2.51973e-05	490.000000	4.90129e-09	
500.000000	2.11805e-05	500.000000	2.49811e-05	500.000000	2.54331e-05	500.000000	2.49296e-05	500.000000	2.5433e-05	500.000000	2.49763e-05	500.000000	4.81079e-09	
520.000000	2.08261e-05	520.000000	2.45657e-05	520.000000	2.50289e-05	520.000000	2.45278e-05	520.000000	2.50292e-05	520.000000	2.45611e-05	520.000000	4.6398e-09	
540.000000	2.04985e-05	540.000000	2.41826e-05	540.000000	2.46568e-05	540.000000	2.41579e-05	540.000000	2.46571e-05	540.000000	2.41781e-05	540.000000	4.48097e-09	
560.000000	2.0195e-05	560.000000	2.38285e-05	560.000000	2.43131e-05	560.000000	2.38163e-05	560.000000	2.43136e-05	560.000000	2.38241e-05	560.000000	4.33303e-09	
580.000000	1.99132e-05	580.000000	2.35004e-05	580.000000	2.3995e-05	580.000000	2.35003e-05	580.000000	2.39954e-05	580.000000	2.34962e-05	580.000000	4.19487e-09	
600.000000	1.96511e-05	600.000000	2.31958e-05	600.000000	2.37e-05  	600.000000	2.32073e-05	600.000000	2.37007e-05	600.000000	2.31918e-05	600.000000	4.06556e-09	
620.000000	1.94069e-05	620.000000	2.29126e-05	620.000000	2.34259e-05	620.000000	2.29351e-05	620.000000	2.34263e-05	620.000000	2.29086e-05	620.000000	3.94426e-09	
640.000000	1.91789e-05	640.000000	2.26487e-05	640.000000	2.31707e-05	640.000000	2.26816e-05	640.000000	2.31711e-05	640.000000	2.26449e-05	640.000000	3.83024e-09	
660.000000	1.89658e-05	660.000000	2.24025e-05	660.000000	2.29327e-05	660.000000	2.24454e-05	660.000000	2.2933e-05	660.000000	2.23988e-05	660.000000	3.72285e-09	
680.000000	1.87663e-05	680.000000	2.21724e-05	680.000000	2.27105e-05	680.000000	2.22247e-05	680.000000	2.27105e-05	680.000000	2.21688e-05	680.000000	3.62153e-09	
700.000000	1.85794e-05	700.000000	2.19571e-05	700.000000	2.25025e-05	700.000000	2.20183e-05	700.000000	2.25025e-05	700.000000	2.19535e-05	700.000000	3.52577e-09	
720.000000	1.8404e-05	720.000000	2.17553e-05	720.000000	2.23077e-05	720.000000	2.1825e-05	720.000000	2.23075e-05	720.000000	2.17519e-05	720.000000	3.43511e-09	
740.000000	1.82393e-05	740.000000	2.15661e-05	740.000000	2.21251e-05	740.000000	2.16438e-05	740.000000	2.21246e-05	740.000000	2.15628e-05	740.000000	3.34917e-09	
760.000000	1.80845e-05	760.000000	2.13885e-05	760.000000	2.19537e-05	760.000000	2.14736e-05	760.000000	2.1953e-05	760.000000	2.13852e-05	760.000000	3.26756e-09	
780.000000	1.79388e-05	780.000000	2.12215e-05	780.000000	2.17923e-05	780.000000	2.13136e-05	780.000000	2.17914e-05	780.000000	2.12183e-05	780.000000	3.18998e-09	
800.000000	1.78016e-05	800.000000	2.10644e-05	800.000000	2.16398e-05	800.000000	2.1163e-05	800.000000	2.16394e-05	800.000000	2.10613e-05	800.000000	3.11612e-09	
820.000000	1.76723e-05	820.000000	2.09165e-05	820.000000	2.14958e-05	820.000000	2.10211e-05	820.000000	2.14962e-05	820.000000	2.09134e-05	820.000000	3.04572e-09	
840.000000	1.75503e-05	840.000000	2.07772e-05	840.000000	2.13603e-05	840.000000	2.08874e-05	840.000000	2.13611e-05	840.000000	2.07742e-05	840.000000	2.97855e-09	
860.000000	1.74353e-05	860.000000	2.06458e-05	860.000000	2.12328e-05	860.000000	2.07612e-05	860.000000	2.12335e-05	860.000000	2.06429e-05	860.000000	2.91437e-09	
880.000000	1.73267e-05	880.000000	2.05219e-05	880.000000	2.11126e-05	880.000000	2.0642e-05	880.000000	2.11131e-05	880.000000	2.0519e-05	880.000000	2.853e-09 	
900.000000	1.72242e-05	900.000000	2.04049e-05	900.000000	2.09991e-05	900.000000	2.05293e-05	900.000000	2.09993e-05	900.000000	2.04021e-05	900.000000	2.79425e-09	
920.000000	1.71274e-05	920.000000	2.02944e-05	920.000000	2.08917e-05	920.000000	2.04227e-05	920.000000	2.08914e-05	920.000000	2.02917e-05	920.000000	2.73795e-09	
940.000000	1.70359e-05	940.000000	2.01901e-05	940.000000	2.07899e-05	940.000000	2.03218e-05	940.000000	2.07893e-05	940.000000	2.01874e-05	940.000000	2.68396e-09	
960.000000	1.69494e-05	960.000000	2.00914e-05	960.000000	2.06931e-05	960.000000	2.02262e-05	960.000000	2.06927e-05	960.000000	2.00888e-05	960.000000	2.63213e-09	
980.000000	1.68676e-05	980.000000	1.99982e-05	980.000000	2.06011e-05	980.000000	2.01356e-05	980.000000	2.06011e-05	980.000000	1.99956e-05	980.000000	2.58233e-09	
1000.000000	1.67903e-05	1000.000000	1.99101e-05	1000.000000	2.05137e-05	1000.000000	2.00496e-05	1000.000000	2.0514e-05	1000.000000	1.99075e-05	1000.000000	2.53444e-09	
1020.000000	1.67172e-05	1020.000000	1.98267e-05	1020.000000	2.04309e-05	1020.000000	1.99681e-05	1020.000000	2.04315e-05	1020.000000	1.98242e-05	1020.000000	2.48836e-09	
1040.000000	1.66481e-05	1040.000000	1.97478e-05	1040.000000	2.03524e-05	1040.000000	1.98907e-05	1040.000000	2.03532e-05	1040.000000	1.97454e-05	1040.000000	2.44398e-09	
1060.000000	1.65828e-05	1060.000000	1.96732e-05	1060.000000	2.0278e-05	1060.000000	1.98172e-05	1060.000000	2.02788e-05	1060.000000	1.96708e-05	1060.000000	2.40122e-09	
1080.000000	1.65211e-05	1080.000000	1.96026e-05	1080.000000	2.02075e-05	1080.000000	1.97474e-05	1080.000000	2.0208e-05	1080.000000	1.96003e-05	1080.000000	2.35997e-09	
1100.000000	1.64627e-05	1100.000000	1.95358e-05	1100.000000	2.01405e-05	1100.000000	1.9681e-05	1100.000000	2.01406e-05	1100.000000	1.95335e-05	1100.000000	2.32017e-09	
1120.000000	1.64076e-05	1120.000000	1.94727e-05	1120.000000	2.00768e-05	1120.000000	1.96178e-05	1120.000000	2.00767e-05	1120.000000	1.94704e-05	1120.000000	2.28173e-09	
1140.000000	1.63556e-05	1140.000000	1.9413e-05	1140.000000	2.00162e-05	1140.000000	1.95577e-05	1140.000000	2.00158e-05	1140.000000	1.94107e-05	1140.000000	2.24459e-09	
1160.000000	1.63064e-05	1160.000000	1.93565e-05	1160.000000	1.99585e-05	1160.000000	1.95006e-05	1160.000000	1.99579e-05	1160.000000	1.93543e-05	1160.000000	2.20868e-09	
1180.000000	1.62601e-05	1180.000000	1.93031e-05	1180.000000	1.99035e-05	1180.000000	1.94462e-05	1180.000000	1.99026e-05	1180.000000	1.93009e-05	1180.000000	2.17394e-09	
1200.000000	1.62164e-05	1200.000000	1.92527e-05	1200.000000	1.98509e-05	1200.000000	1.93944e-05	1200.000000	1.98501e-05	1200.000000	1.92505e-05	1200.000000	2.14032e-09	
1220.000000	1.61752e-05	1220.000000	1.9205e-05	1220.000000	1.98007e-05	1220.000000	1.93451e-05	1220.000000	1.98e-05  	1220.000000	1.92029e-05	1220.000000	2.10776e-09	
1240.000000	1.61365e-05	1240.000000	1.91601e-05	1240.000000	1.97528e-05	1240.000000	1.92981e-05	1240.000000	1.97524e-05	1240.000000	1.9158e-05	1240.000000	2.0762e-09	
1260.000000	1.61e-05  	1260.000000	1.91176e-05	1260.000000	1.97072e-05	1260.000000	1.92533e-05	1260.000000	1.97069e-05	1260.000000	1.91156e-05	1260.000000	2.04561e-09	
1280.000000	1.60658e-05	1280.000000	1.90776e-05	1280.000000	1.96636e-05	1280.000000	1.92107e-05	1280.000000	1.96636e-05	1280.000000	1.90756e-05	1280.000000	2.01594e-09	
1300.000000	1.60337e-05	1300.000000	1.90399e-05	1300.000000	1.96222e-05	1300.000000	1.91701e-05	1300.000000	1.96223e-05	1300.000000	1.90379e-05	1300.000000	1.98714e-09	
1320.000000	1.60036e-05	1320.000000	1.90044e-05	1320.000000	1.95828e-05	1320.000000	1.91314e-05	1320.000000	1.9583e-05	1320.000000	1.90024e-05	1320.000000	1.95919e-09	
1340.000000	1.59754e-05	1340.000000	1.8971e-05	1340.000000	1.95454e-05	1340.000000	1.90945e-05	1340.000000	1.95455e-05	1340.000000	1.89691e-05	1340.000000	1.93204e-09	
1360.000000	1.59491e-05	1360.000000	1.89397e-05	1360.000000	1.95098e-05	1360.000000	1.90593e-05	1360.000000	1.95097e-05	1360.000000	1.89378e-05	1360.000000	1.90565e-09	
1380.000000	1.59246e-05	1380.000000	1.89102e-05	1380.000000	1.94759e-05	1380.000000	1.90258e-05	1380.000000	1.94756e-05	1380.000000	1.89084e-05	1380.000000	1.88e-09  	
1400.000000	1.59018e-05	1400.000000	1.88827e-05	1400.000000	1.94435e-05	1400.000000	1.89938e-05	1400.000000	1.9443e-05	1400.000000	1.88808e-05	1400.000000	1.85506e-09	
1420.000000	1.58806e-05	1420.000000	1.88569e-05	1420.000000	1.94127e-05	1420.000000	1.89634e-05	1420.000000	1.9412e-05	1420.000000	1.8855e-05	1420.000000	1.83079e-09	
1440.000000	1.5861e-05	1440.000000	1.88328e-05	1440.000000	1.93832e-05	1440.000000	1.89343e-05	1440.000000	1.93825e-05	1440.000000	1.8831e-05	1440.000000	1.80717e-09	
1460.000000	1.5843e-05	1460.000000	1.88103e-05	1460.000000	1.93551e-05	1460.000000	1.89067e-05	1460.000000	1.93544e-05	1460.000000	1.88085e-05	1460.000000	1.78417e-09	
1480.000000	1.58264e-05	1480.000000	1.87894e-05	1480.000000	1.93282e-05	1480.000000	1.88803e-05	1480.000000	1.93275e-05	1480.000000	1.87876e-05	1480.000000	1.76178e-09	
1500.000000	1.58112e-05	1500.000000	1.877e-05 	1500.000000	1.93025e-05	1500.000000	1.88552e-05	1500.000000	1.93018e-05	1500.000000	1.87683e-05	1500.000000	1.73995e-09	
1520.000000	1.57974e-05	1520.000000	1.87521e-05	1520.000000	1.9278e-05	1520.000000	1.88313e-05	1520.000000	1.92774e-05	1520.000000	1.87504e-05	1520.000000	1.71868e-09	
1540.000000	1.57849e-05	1540.000000	1.87355e-05	1540.000000	1.92546e-05	1540.000000	1.88085e-05	1540.000000	1.92542e-05	1540.000000	1.87338e-05	1540.000000	1.69794e-09	
1560.000000	1.57736e-05	1560.000000	1.87203e-05	1560.000000	1.92323e-05	1560.000000	1.87869e-05	1560.000000	1.92321e-05	1560.000000	1.87186e-05	1560.000000	1.67771e-09	
1580.000000	1.57636e-05	1580.000000	1.87064e-05	1580.000000	1.92111e-05	1580.000000	1.87662e-05	1580.000000	1.9211e-05	1580.000000	1.87047e-05	1580.000000	1.65798e-09	
1600.000000	1.57548e-05	1600.000000	1.86937e-05	1600.000000	1.91909e-05	1600.000000	1.87466e-05	1600.000000	1.9191e-05	1600.000000	1.86921e-05	1600.000000	1.63871e-09	
1620.000000	1.57471e-05	1620.000000	1.86822e-05	1620.000000	1.91717e-05	1620.000000	1.87279e-05	1620.000000	1.91718e-05	1620.000000	1.86806e-05	1620.000000	1.61991e-09	
1640.000000	1.57405e-05	1640.000000	1.86719e-05	1640.000000	1.91534e-05	1640.000000	1.87102e-05	1640.000000	1.91537e-05	1640.000000	1.86703e-05	1640.000000	1.60155e-09	
1660.000000	1.57349e-05	1660.000000	1.86627e-05	1660.000000	1.91361e-05	1660.000000	1.86933e-05	1660.000000	1.91364e-05	1660.000000	1.86611e-05	1660.000000	1.58361e-09	
1680.000000	1.57304e-05	1680.000000	1.86545e-05	1680.000000	1.91196e-05	1680.000000	1.86773e-05	1680.000000	1.912e-05 	1680.000000	1.8653e-05	1680.000000	1.56609e-09	
1700.000000	1.57269e-05	1700.000000	1.86474e-05	1700.000000	1.9104e-05	1700.000000	1.86621e-05	1700.000000	1.91044e-05	1700.000000	1.86459e-05	1700.000000	1.54896e-09	
1750.000000	1.57223e-05	1750.000000	1.86339e-05	1750.000000	1.90683e-05	1750.000000	1.86274e-05	1750.000000	1.90688e-05	1750.000000	1.86324e-05	1750.000000	1.50779e-09	
1800.000000	1.57232e-05	1800.000000	1.86262e-05	1800.000000	1.90373e-05	1800.000000	1.85972e-05	1800.000000	1.90376e-05	1800.000000	1.86247e-05	1800.000000	1.46882e-09	
1850.000000	1.57294e-05	1850.000000	1.86237e-05	1850.000000	1.90103e-05	1850.000000	1.85709e-05	1850.000000	1.90106e-05	1850.000000	1.86222e-05	1850.000000	1.43188e-09	
1900.000000	1.57403e-05	1900.000000	1.8626e-05	1900.000000	1.89871e-05	1900.000000	1.85483e-05	1900.000000	1.89872e-05	1900.000000	1.86246e-05	1900.000000	1.39681e-09	
1950.000000	1.57557e-05	1950.000000	1.86329e-05	1950.000000	1.89672e-05	1950.000000	1.8529e-05	1950.000000	1.89671e-05	1950.000000	1.86315e-05	1950.000000	1.36347e-09	
2000.000000	1.57752e-05	2000.000000	1.86439e-05	2000.000000	1.89504e-05	2000.000000	1.85127e-05	2000.000000	1.89501e-05	2000.000000	1.86426e-05	2000.000000	1.33174e-09	
2100.000000	1.58257e-05	2100.000000	1.86772e-05	2100.000000	1.89245e-05	2100.000000	1.84881e-05	2100.000000	1.89241e-05	2100.000000	1.86759e-05	2100.000000	1.27265e-09	
2200.000000	1.589e-05 	2200.000000	1.87237e-05	2200.000000	1.89078e-05	2200.000000	1.84727e-05	2200.000000	1.89076e-05	2200.000000	1.87225e-05	2200.000000	1.21874e-09	
2300.000000	1.59663e-05	2300.000000	1.87819e-05	2300.000000	1.88988e-05	2300.000000	1.8465e-05	2300.000000	1.88987e-05	2300.000000	1.87807e-05	2300.000000	1.16935e-09	
2400.000000	1.60535e-05	2400.000000	1.88502e-05	2400.000000	1.88965e-05	2400.000000	1.84638e-05	2400.000000	1.88966e-05	2400.000000	1.8849e-05	2400.000000	1.12393e-09	
2500.000000	1.61503e-05	2500.000000	1.89274e-05	2500.000000	1.88998e-05	2500.000000	1.84681e-05	2500.000000	1.89e-05  	2500.000000	1.89263e-05	2500.000000	1.08201e-09	
2600.000000	1.62558e-05	2600.000000	1.90124e-05	2600.000000	1.89079e-05	2600.000000	1.84771e-05	2600.000000	1.89082e-05	2600.000000	1.90114e-05	2600.000000	1.0432e-09	
2700.000000	1.63693e-05	2700.000000	1.91044e-05	2700.000000	1.89201e-05	2700.000000	1.84901e-05	2700.000000	1.89203e-05	2700.000000	1.91034e-05	2700.000000	1.00717e-09	
2800.000000	1.64899e-05	2800.000000	1.92027e-05	2800.000000	1.89357e-05	2800.000000	1.85065e-05	2800.000000	1.8936e-05	2800.000000	1.92017e-05	2800.000000	9.73617e-10	
2900.000000	1.66171e-05	2900.000000	1.93065e-05	2900.000000	1.89543e-05	2900.000000	1.85257e-05	2900.000000	1.89546e-05	2900.000000	1.93056e-05	2900.000000	9.42297e-10	
3000.000000	1.67504e-05	3000.000000	1.94154e-05	3000.000000	1.89754e-05	3000.000000	1.85475e-05	3000.000000	1.89757e-05	3000.000000	1.94144e-05	3000.000000	9.12991e-10	
3200.000000	1.70333e-05	3200.000000	1.96461e-05	3200.000000	1.90237e-05	3200.000000	1.8597e-05	3200.000000	1.90241e-05	3200.000000	1.96452e-05	3200.000000	8.59684e-10	
3400.000000	1.73356e-05	3400.000000	1.98917e-05	3400.000000	1.90785e-05	3400.000000	1.86527e-05	3400.000000	1.90788e-05	3400.000000	1.98908e-05	3400.000000	8.12434e-10	
3600.000000	1.76547e-05	3600.000000	2.01495e-05	3600.000000	1.91378e-05	3600.000000	1.87129e-05	3600.000000	1.91381e-05	3600.000000	2.01487e-05	3600.000000	7.70254e-10	
3800.000000	1.79887e-05	3800.000000	2.04175e-05	3800.000000	1.92005e-05	3800.000000	1.87763e-05	3800.000000	1.92007e-05	3800.000000	2.04168e-05	3800.000000	7.32364e-10	
4000.000000	1.83361e-05	4000.000000	2.06942e-05	4000.000000	1.92655e-05	4000.000000	1.88419e-05	4000.000000	1.92656e-05	4000.000000	2.06935e-05	4000.000000	6.98133e-10	
4200.000000	1.86955e-05	4200.000000	2.09782e-05	4200.000000	1.9332e-05	4200.000000	1.8909e-05	4200.000000	1.9332e-05	4200.000000	2.09775e-05	4200.000000	6.67051e-10	
4400.000000	1.9066e-05	4400.000000	2.12685e-05	4400.000000	1.93995e-05	4400.000000	1.8977e-05	4400.000000	1.93994e-05	4400.000000	2.12678e-05	4400.000000	6.38699e-10	
4600.000000	1.94466e-05	4600.000000	2.15641e-05	4600.000000	1.94674e-05	4600.000000	1.90455e-05	4600.000000	1.94673e-05	4600.000000	2.15635e-05	4600.000000	6.12729e-10	
4800.000000	1.98367e-05	4800.000000	2.18644e-05	4800.000000	1.95355e-05	4800.000000	1.91141e-05	4800.000000	1.95353e-05	4800.000000	2.18638e-05	4800.000000	5.88849e-10	
5000.000000	2.02355e-05	5000.000000	2.21688e-05	5000.000000	1.96034e-05	5000.000000	1.91826e-05	5000.000000	1.96033e-05	5000.000000	2.21682e-05	5000.000000	5.66815e-10	
5250.000000	2.07456e-05	5250.000000	2.25541e-05	5250.000000	1.96879e-05	5250.000000	1.92677e-05	5250.000000	1.96878e-05	5250.000000	2.25535e-05	5250.000000	5.41554e-10	
5500.000000	2.12678e-05	5500.000000	2.2944e-05	5500.000000	1.97715e-05	5500.000000	1.9352e-05	5500.000000	1.97715e-05	5500.000000	2.29435e-05	5500.000000	5.18513e-10	
6000.000000	2.23455e-05	6000.000000	2.37353e-05	6000.000000	1.99356e-05	6000.000000	1.95173e-05	6000.000000	1.99357e-05	6000.000000	2.37348e-05	6000.000000	4.78003e-10	
6500.000000	2.34642e-05	6500.000000	2.45383e-05	6500.000000	2.00949e-05	6500.000000	1.96775e-05	6500.000000	2.00948e-05	6500.000000	2.45379e-05	6500.000000	4.43526e-10	
7000.000000	2.46206e-05	7000.000000	2.535e-05 	7000.000000	2.02487e-05	7000.000000	1.98322e-05	7000.000000	2.02485e-05	7000.000000	2.53496e-05	7000.000000	4.13817e-10	
7500.000000	2.58122e-05	7500.000000	2.61682e-05	7500.000000	2.03968e-05	7500.000000	1.99811e-05	7500.000000	2.03964e-05	7500.000000	2.61678e-05	7500.000000	3.87941e-10	
8000.000000	2.70374e-05	8000.000000	2.69914e-05	8000.000000	2.05389e-05	8000.000000	2.01245e-05	8000.000000	2.05388e-05	8000.000000	2.6991e-05	8000.000000	3.65197e-10	
8500.000000	2.82946e-05	8500.000000	2.78182e-05	8500.000000	2.06756e-05	8500.000000	2.02624e-05	8500.000000	2.06757e-05	8500.000000	2.78179e-05	8500.000000	3.45043e-10	
9000.000000	2.95828e-05	9000.000000	2.86479e-05	9000.000000	2.08072e-05	9000.000000	2.0395e-05	9000.000000	2.08074e-05	9000.000000	2.86476e-05	9000.000000	3.27056e-10	
9500.000000	3.09012e-05	9500.000000	2.94796e-05	9500.000000	2.09339e-05	9500.000000	2.05228e-05	9500.000000	2.09341e-05	9500.000000	2.94793e-05	9500.000000	3.10902e-10	
10000.000000	3.22491e-05	10000.000000	3.03129e-05	10000.000000	2.1056e-05	10000.000000	2.06458e-05	10000.000000	2.10561e-05	10000.000000	3.03126e-05	10000.000000	2.96312e-10	
11000.000000	3.50312e-05	11000.000000	3.19823e-05	11000.000000	2.12868e-05	11000.000000	2.08789e-05	11000.000000	2.1287e-05	11000.000000	3.1982e-05	11000.000000	2.70988e-10	
12000.000000	3.79258e-05	12000.000000	3.36535e-05	12000.000000	2.15016e-05	12000.000000	2.10963e-05	12000.000000	2.15021e-05	12000.000000	3.36533e-05	12000.000000	2.49755e-10	
13000.000000	4.09307e-05	13000.000000	3.53251e-05	13000.000000	2.17026e-05	13000.000000	2.12997e-05	13000.000000	2.17031e-05	13000.000000	3.53248e-05	13000.000000	2.3169e-10	
14000.000000	4.40446e-05	14000.000000	3.69958e-05	14000.000000	2.18915e-05	14000.000000	2.14906e-05	14000.000000	2.18915e-05	14000.000000	3.69956e-05	14000.000000	2.16126e-10	
15000.000000	4.72665e-05	15000.000000	3.86649e-05	15000.000000	2.20695e-05	15000.000000	2.16704e-05	15000.000000	2.20687e-05	15000.000000	3.86647e-05	15000.000000	2.02574e-10	
16000.000000	5.05957e-05	16000.000000	4.03321e-05	16000.000000	2.2237e-05	16000.000000	2.18403e-05	16000.000000	2.22358e-05	16000.000000	4.03319e-05	16000.000000	1.90664e-10	
17000.000000	5.40319e-05	17000.000000	4.19969e-05	17000.000000	2.23951e-05	17000.000000	2.20012e-05	17000.000000	2.23938e-05	17000.000000	4.19967e-05	17000.000000	1.80112e-10	
18000.000000	5.75748e-05	18000.000000	4.36591e-05	18000.000000	2.25446e-05	18000.000000	2.2154e-05	18000.000000	2.25435e-05	18000.000000	4.3659e-05	18000.000000	1.70697e-10	
19000.000000	6.12245e-05	19000.000000	4.53187e-05	19000.000000	2.26864e-05	19000.000000	2.22995e-05	19000.000000	2.26858e-05	19000.000000	4.53185e-05	19000.000000	1.62243e-10	
20000.000000	6.4981e-05	20000.000000	4.69755e-05	20000.000000	2.28213e-05	20000.000000	2.24383e-05	20000.000000	2.28212e-05	20000.000000	4.69754e-05	20000.000000	1.54608e-10	
21000.000000	6.88445e-05	21000.000000	4.86296e-05	21000.000000	2.29503e-05	21000.000000	2.25709e-05	21000.000000	2.29504e-05	21000.000000	4.86294e-05	21000.000000	1.47679e-10	
22000.000000	7.28151e-05	22000.000000	5.02809e-05	22000.000000	2.30739e-05	22000.000000	2.26979e-05	22000.000000	2.30737e-05	22000.000000	5.02807e-05	22000.000000	1.4136e-10	
23000.000000	7.68932e-05	23000.000000	5.19294e-05	23000.000000	2.31923e-05	23000.000000	2.28197e-05	23000.000000	2.31919e-05	23000.000000	5.19292e-05	23000.000000	1.35573e-10	
24000.000000	8.10791e-05	24000.000000	5.35751e-05	24000.000000	2.33055e-05	24000.000000	2.29368e-05	24000.000000	2.3305e-05	24000.000000	5.3575e-05	24000.000000	1.30255e-10	
25000.000000	8.53731e-05	25000.000000	5.52182e-05	25000.000000	2.34141e-05	25000.000000	2.30494e-05	25000.000000	2.34137e-05	25000.000000	5.5218e-05	25000.000000	1.25348e-10	
26000.000000	8.97756e-05	26000.000000	5.68585e-05	26000.000000	2.35183e-05	26000.000000	2.31579e-05	26000.000000	2.3518e-05	26000.000000	5.68584e-05	26000.000000	1.20808e-10	
27000.000000	9.42872e-05	27000.000000	5.84963e-05	27000.000000	2.36185e-05	27000.000000	2.32626e-05	27000.000000	2.36185e-05	27000.000000	5.84962e-05	27000.000000	1.16594e-10	
28000.000000	9.89081e-05	28000.000000	6.01315e-05	28000.000000	2.37152e-05	28000.000000	2.33637e-05	28000.000000	2.37151e-05	28000.000000	6.01314e-05	28000.000000	1.12672e-10	
29000.000000	0.000103639	29000.000000	6.17642e-05	29000.000000	2.38085e-05	29000.000000	2.34615e-05	29000.000000	2.38085e-05	29000.000000	6.17641e-05	29000.000000	1.09012e-10	
30000.000000	0.00010848	30000.000000	6.33945e-05	30000.000000	2.38988e-05	30000.000000	2.35562e-05	30000.000000	2.38985e-05	30000.000000	6.33944e-05	30000.000000	1.05588e-10	
32000.000000	0.000118496	32000.000000	6.66478e-05	32000.000000	2.40704e-05	32000.000000	2.37368e-05	32000.000000	2.40696e-05	32000.000000	6.66477e-05	32000.000000	9.93646e-11	
34000.000000	0.000128959	34000.000000	6.9892e-05	34000.000000	2.42308e-05	34000.000000	2.39071e-05	34000.000000	2.42297e-05	34000.000000	6.98919e-05	34000.000000	9.38516e-11	
36000.000000	0.000139875	36000.000000	7.31274e-05	36000.000000	2.4381e-05	36000.000000	2.40681e-05	36000.000000	2.43801e-05	36000.000000	7.31273e-05	36000.000000	8.89332e-11	
38000.000000	0.000151247	38000.000000	7.63544e-05	38000.000000	2.45219e-05	38000.000000	2.42207e-05	38000.000000	2.45218e-05	38000.000000	7.63543e-05	38000.000000	8.45174e-11	
40000.000000	0.00016308	40000.000000	7.95734e-05	40000.000000	2.46548e-05	40000.000000	2.43659e-05	40000.000000	2.46555e-05	40000.000000	7.95733e-05	40000.000000	8.05303e-11	
42000.000000	0.000175379	42000.000000	8.27847e-05	42000.000000	2.4781e-05	42000.000000	2.45041e-05	42000.000000	2.4782e-05	42000.000000	8.27846e-05	42000.000000	7.69118e-11	
44000.000000	0.00018815	44000.000000	8.59886e-05	44000.000000	2.49013e-05	44000.000000	2.46362e-05	44000.000000	2.4902e-05	44000.000000	8.59886e-05	44000.000000	7.36126e-11	
46000.000000	0.000201395	46000.000000	8.91856e-05	46000.000000	2.50165e-05	46000.000000	2.47626e-05	46000.000000	2.50157e-05	46000.000000	8.91855e-05	46000.000000	7.0592e-11	
48000.000000	0.000215122	48000.000000	9.23757e-05	48000.000000	2.51267e-05	48000.000000	2.48838e-05	48000.000000	2.51241e-05	48000.000000	9.23757e-05	48000.000000	6.78157e-11	
50000.000000	0.000229335	50000.000000	9.55594e-05	50000.000000	2.52315e-05	50000.000000	2.50002e-05	50000.000000	2.52271e-05	50000.000000	9.55593e-05	50000.000000	6.52551e-11	
