! 58Cr energy loss (dE/dX) in He
! apply ZOOM for details
Energy (MeV/u)1	0 - [He-base] F.Hubert et al, AD&ND Tables 46(1990)1	Energy (MeV/u)2	1 - [H -base] J.F.Ziegler et al,Pergamon Press,NY(low energy)	Energy (MeV/u)3	2 - ATIMA 1.2 LS-theory (recommended for high energy)	Energy (MeV/u)4	3 - ATIMA 1.2 without LS-correction	Energy (MeV/u)5	4 - ATIMA 1.4 H.Weick, improved mean charge formula for HI	Energy (MeV/u)6	5 - electrical component of [1] - J.F.Ziegler et al	Energy (MeV/u)7	6 - nuclear component of [1] - J.F.Ziegler et al	
0.001000	0.000123721	0.001000	0.000138207	0.001000	0.000128756	0.001000	0.000128756	0.001000	0.000128764	0.001000	3.40594e-05	0.001000	0.000104148	
0.002000	0.000124731	0.002000	0.000132966	0.002000	0.000123596	0.002000	0.000123596	0.002000	0.000123602	0.002000	4.41695e-05	0.002000	8.87961e-05	
0.005000	0.000127043	0.005000	0.000124526	0.005000	0.000117267	0.005000	0.000117267	0.005000	0.000117271	0.005000	6.22803e-05	0.005000	6.22462e-05	
0.008000	0.000131905	0.008000	0.000123325	0.008000	0.000118637	0.008000	0.000118637	0.008000	0.00011864	0.008000	7.4284e-05	0.008000	4.90409e-05	
0.010000	0.0001356 	0.010000	0.000124066	0.010000	0.00012111	0.010000	0.00012111	0.010000	0.000121112	0.010000	8.07675e-05	0.010000	4.32987e-05	
0.015000	0.000145033	0.015000	0.000128003	0.015000	0.00012927	0.015000	0.00012927	0.015000	0.000129271	0.015000	9.4031e-05	0.015000	3.39719e-05	
0.020000	0.000157507	0.020000	0.000133021	0.020000	0.000138319	0.020000	0.000138319	0.020000	0.00013832	0.020000	0.000104742	0.020000	2.82786e-05	
0.025000	0.000173666	0.025000	0.000138273	0.025000	0.000147418	0.025000	0.000147418	0.025000	0.000147419	0.025000	0.000113884	0.025000	2.43888e-05	
0.030000	0.000188513	0.030000	0.000146585	0.030000	0.000157608	0.030000	0.000157608	0.030000	0.000157609	0.030000	0.000125046	0.030000	2.15388e-05	
0.035000	0.000201682	0.035000	0.00016677	0.035000	0.00017315	0.035000	0.00017315	0.035000	0.000173151	0.035000	0.000147422	0.035000	1.93483e-05	
0.040000	0.000212817	0.040000	0.000185671	0.040000	0.000188837	0.040000	0.000188837	0.040000	0.000188838	0.040000	0.000168231	0.040000	1.74407e-05	
0.045000	0.000222079	0.045000	0.000203535	0.045000	0.000204866	0.045000	0.000204866	0.045000	0.000204867	0.045000	0.000187501	0.045000	1.60335e-05	
0.050000	0.000229299	0.050000	0.000220337	0.050000	0.000220942	0.050000	0.000220942	0.050000	0.000220943	0.050000	0.00020548	0.050000	1.48573e-05	
0.055000	0.000241584	0.055000	0.000236311	0.055000	0.000236983	0.055000	0.000236983	0.055000	0.000236983	0.055000	0.000222453	0.055000	1.38579e-05	
0.060000	0.000252693	0.060000	0.000251657	0.060000	0.000252919	0.060000	0.000252919	0.060000	0.000252919	0.060000	0.00023866	0.060000	1.2997e-05	
0.070000	0.000271498	0.070000	0.000280971	0.070000	0.000284265	0.070000	0.000284265	0.070000	0.000284265	0.070000	0.000269385	0.070000	1.15867e-05	
0.080000	0.000295632	0.080000	0.000308811	0.080000	0.000314631	0.080000	0.000314631	0.080000	0.000314632	0.080000	0.000298334	0.080000	1.04767e-05	
0.090000	0.00031738	0.090000	0.000339302	0.090000	0.000343771	0.090000	0.000343771	0.090000	0.000343771	0.090000	0.000329724	0.090000	9.57795e-06	
0.100000	0.000336497	0.100000	0.000370335	0.100000	0.000371513	0.100000	0.000371513	0.100000	0.000371513	0.100000	0.000361501	0.100000	8.83374e-06	
0.120000	0.000360398	0.120000	0.000426904	0.120000	0.000422414	0.120000	0.000422414	0.120000	0.000422414	0.120000	0.000419235	0.120000	7.66944e-06	
0.140000	0.000379279	0.140000	0.000476165	0.140000	0.000466985	0.140000	0.000466985	0.140000	0.000466985	0.140000	0.000469368	0.140000	6.79701e-06	
0.160000	0.000395872	0.160000	0.000518698	0.160000	0.000505385	0.160000	0.000505385	0.160000	0.000505386	0.160000	0.000512582	0.160000	6.11656e-06	
0.180000	0.000411968	0.180000	0.000555342	0.180000	0.000538075	0.180000	0.000538075	0.180000	0.000538075	0.180000	0.000549773	0.180000	5.56959e-06	
0.200000	0.000428246	0.200000	0.000588115	0.200000	0.000565666	0.200000	0.000565666	0.200000	0.000565666	0.200000	0.000582995	0.200000	5.11942e-06	
0.250000	0.000453697	0.250000	0.000652622	0.250000	0.000616637	0.250000	0.000616637	0.250000	0.000616637	0.250000	0.000648346	0.250000	4.27648e-06	
0.300000	0.000477046	0.300000	0.000698535	0.300000	0.000649191	0.300000	0.000649191	0.300000	0.000649191	0.300000	0.000694848	0.300000	3.68693e-06	
0.350000	0.000501485	0.350000	0.000732066	0.350000	0.000683234	0.350000	0.000683234	0.350000	0.000683235	0.350000	0.000728816	0.350000	3.2495e-06	
0.400000	0.000533067	0.400000	0.000779563	0.400000	0.000710355	0.400000	0.000710355	0.400000	0.000710356	0.400000	0.000776652	0.400000	2.91099e-06	
0.450000	0.00055957	0.450000	0.000816177	0.450000	0.000729661	0.450000	0.000729661	0.450000	0.000729662	0.450000	0.000813536	0.450000	2.6406e-06	
0.500000	0.000581719	0.500000	0.000844454	0.500000	0.000743703	0.500000	0.000743703	0.500000	0.000743704	0.500000	0.000842034	0.500000	2.41926e-06	
0.600000	0.000594908	0.600000	0.000882996	0.600000	0.000761904	0.600000	0.000761904	0.600000	0.000761904	0.600000	0.000880919	0.600000	2.07765e-06	
0.700000	0.000596444	0.700000	0.000906475	0.700000	0.000772176	0.700000	0.000772176	0.700000	0.000772176	0.700000	0.000904649	0.700000	1.82548e-06	
0.800000	0.000613041	0.800000	0.000919359	0.800000	0.000777698	0.800000	0.000777698	0.800000	0.000777698	0.800000	0.000917728	0.800000	1.63113e-06	
0.900000	0.000624163	0.900000	0.000924884	0.900000	0.000780045	0.900000	0.000780045	0.900000	0.000780046	0.900000	0.000923407	0.900000	1.47642e-06	
1.000000	0.000631201	1.000000	0.000925349	1.000000	0.000780111	1.000000	0.000780111	1.000000	0.000780111	1.000000	0.000923998	1.000000	1.35014e-06	
1.250000	0.000626686	1.250000	0.000899291	1.250000	0.000773627	1.250000	0.000773627	1.250000	0.000773628	1.250000	0.000898175	1.250000	1.1163e-06	
1.500000	0.000614173	1.500000	0.000866418	1.500000	0.000761356	1.500000	0.000761356	1.500000	0.000761356	1.500000	0.000865463	1.500000	9.54889e-07	
1.750000	0.00059912	1.750000	0.000834307	1.750000	0.000746014	1.750000	0.000746014	1.750000	0.000746014	1.750000	0.00083347	1.750000	8.36332e-07	
2.000000	0.000577616	2.000000	0.000795553	2.000000	0.000724573	2.000000	0.000724573	2.000000	0.000724574	2.000000	0.000794808	2.000000	7.45325e-07	
2.250000	0.000558737	2.250000	0.000761462	2.250000	0.000703848	2.250000	0.000703848	2.250000	0.000703849	2.250000	0.000760789	2.250000	6.73123e-07	
2.500000	0.000640335	2.500000	0.000732083	2.500000	0.000684294	2.500000	0.000684294	2.500000	0.000684294	2.500000	0.000731469	2.500000	6.14354e-07	
3.000000	0.000602387	3.000000	0.000682038	3.000000	0.000648253	3.000000	0.000648253	3.000000	0.000648254	3.000000	0.000681514	3.000000	5.24281e-07	
3.500000	0.000567507	3.500000	0.000636044	3.500000	0.000615793	3.500000	0.000615793	3.500000	0.000615793	3.500000	0.000635586	3.500000	4.58312e-07	
4.000000	0.000535994	4.000000	0.00059892	4.000000	0.000586429	4.000000	0.000586429	4.000000	0.000586429	4.000000	0.000598512	4.000000	4.0779e-07	
4.500000	0.000507656	4.500000	0.000568215	4.500000	0.000559758	4.500000	0.000559758	4.500000	0.000559758	4.500000	0.000567847	4.500000	3.67786e-07	
5.000000	0.000482167	5.000000	0.000540915	5.000000	0.000535439	5.000000	0.000535439	5.000000	0.000535439	5.000000	0.00054058	5.000000	3.35279e-07	
5.500000	0.000459179	5.500000	0.00051636	5.500000	0.00051318	5.500000	0.00051318	5.500000	0.00051318	5.500000	0.000516051	5.500000	3.08312e-07	
6.000000	0.000438375	6.000000	0.000494119	6.000000	0.000492732	6.000000	0.000492732	6.000000	0.000492732	6.000000	0.000493834	6.000000	2.85559e-07	
6.500000	0.000419475	6.500000	0.000473744	6.500000	0.000473883	6.500000	0.000473883	6.500000	0.000473883	6.500000	0.000473478	6.500000	2.66089e-07	
7.000000	0.000402239	7.000000	0.000455007	7.000000	0.000456453	7.000000	0.000456453	7.000000	0.000456453	7.000000	0.000454758	7.000000	2.49229e-07	
7.500000	0.000386459	7.500000	0.000437717	7.500000	0.000440285	7.500000	0.000440285	7.500000	0.000440286	7.500000	0.000437483	7.500000	2.34478e-07	
8.000000	0.000371961	8.000000	0.00042171	8.000000	0.000425247	8.000000	0.000425247	8.000000	0.000425248	8.000000	0.000421488	8.000000	2.21459e-07	
8.500000	0.000358596	8.500000	0.000406842	8.500000	0.000411223	8.500000	0.000411223	8.500000	0.000411223	8.500000	0.000406633	8.500000	2.09878e-07	
9.000000	0.000346235	9.000000	0.000392997	9.000000	0.000398112	9.000000	0.000398112	9.000000	0.000398112	9.000000	0.000392798	9.000000	1.99505e-07	
9.500000	0.000334769	9.500000	0.000380072	9.500000	0.000385826	9.500000	0.000385826	9.500000	0.000385826	9.500000	0.000379882	9.500000	1.90159e-07	
10.000000	0.000324103	10.000000	0.00035267	10.000000	0.000374289	10.000000	0.000374289	10.000000	0.00037429	10.000000	0.000352488	10.000000	1.81691e-07	
11.000000	0.000304856	11.000000	0.000336113	11.000000	0.000351563	11.000000	0.000353628	11.000000	0.000354065	11.000000	0.000335946	11.000000	1.6693e-07	
12.000000	0.000287957	12.000000	0.000320971	12.000000	0.000331601	12.000000	0.000335264	12.000000	0.000335903	12.000000	0.000320817	12.000000	1.54489e-07	
13.000000	0.000272996	13.000000	0.000307108	13.000000	0.000313942	13.000000	0.000318843	13.000000	0.00031953	13.000000	0.000306964	13.000000	1.43853e-07	
14.000000	0.000259652	14.000000	0.000294388	14.000000	0.00029822	14.000000	0.000304082	14.000000	0.000304715	14.000000	0.000294253	14.000000	1.34651e-07	
15.000000	0.000247673	15.000000	0.000282689	15.000000	0.000284137	15.000000	0.000290748	15.000000	0.000291261	15.000000	0.000282562	15.000000	1.26607e-07	
16.000000	0.000236855	16.000000	0.000271902	16.000000	0.00027146	16.000000	0.000278651	16.000000	0.000279004	16.000000	0.000271782	16.000000	1.19511e-07	
17.000000	0.000227034	17.000000	0.00026193	17.000000	0.000259998	17.000000	0.000267632	17.000000	0.000267805	17.000000	0.000261817	17.000000	1.13204e-07	
18.000000	0.000218077	18.000000	0.000252688	18.000000	0.000249593	18.000000	0.000257561	18.000000	0.000257532	18.000000	0.00025258	18.000000	1.07559e-07	
19.000000	0.000209872	19.000000	0.000244101	19.000000	0.000240115	19.000000	0.000248325	19.000000	0.000248097	19.000000	0.000243999	19.000000	1.02475e-07	
20.000000	0.000202326	20.000000	0.000236104	20.000000	0.000231453	20.000000	0.00023983	20.000000	0.000239411	20.000000	0.000236007	20.000000	9.78708e-08	
21.000000	0.000195361	21.000000	0.00022864	21.000000	0.000223508	21.000000	0.000231996	21.000000	0.000231379	21.000000	0.000228546	21.000000	9.36813e-08	
22.000000	0.000188912	22.000000	0.000221658	22.000000	0.000216194	22.000000	0.000224754	22.000000	0.000223959	22.000000	0.000221568	22.000000	8.98517e-08	
23.000000	0.000182922	23.000000	0.000215113	23.000000	0.000209449	23.000000	0.000218044	23.000000	0.000217074	23.000000	0.000215027	23.000000	8.63369e-08	
24.000000	0.000177343	24.000000	0.000208967	24.000000	0.000203225	24.000000	0.000211814	24.000000	0.000210685	24.000000	0.000208884	24.000000	8.3099e-08	
25.000000	0.000172133	25.000000	0.000203184	25.000000	0.000197471	25.000000	0.000206019	25.000000	0.00020474	25.000000	0.000203104	25.000000	8.0106e-08	
27.000000	0.00016268	27.000000	0.000192587	27.000000	0.000187172	27.000000	0.000195577	27.000000	0.000194036	27.000000	0.000192512	27.000000	7.47501e-08	
29.000000	0.000154326	29.000000	0.000183114	29.000000	0.00017823	29.000000	0.000186455	29.000000	0.000184698	29.000000	0.000183044	29.000000	7.00944e-08	
31.000000	0.000146886	31.000000	0.000174595	31.000000	0.000170272	31.000000	0.000177896	31.000000	0.000176059	31.000000	0.000174529	31.000000	6.60083e-08	
33.000000	0.000140216	33.000000	0.000166894	33.000000	0.000162981	33.000000	0.000169712	33.000000	0.000167922	33.000000	0.000166832	33.000000	6.23918e-08	
35.000000	0.000134198	35.000000	0.000159899	35.000000	0.000156341	35.000000	0.000162311	35.000000	0.000160587	35.000000	0.00015984	35.000000	5.91674e-08	
38.000000	0.000126199	38.000000	0.000150532	38.000000	0.000147419	38.000000	0.000152449	38.000000	0.000150844	38.000000	0.000150477	38.000000	5.4935e-08	
41.000000	0.000119217	41.000000	0.000142299	41.000000	0.000139565	41.000000	0.000143824	41.000000	0.00014235	41.000000	0.000142248	41.000000	5.1291e-08	
44.000000	0.000113067	44.000000	0.000135006	44.000000	0.000132585	44.000000	0.000136217	44.000000	0.000134876	44.000000	0.000134957	44.000000	4.81193e-08	
47.000000	0.000107606	47.000000	0.0001285 	47.000000	0.000126346	47.000000	0.000129458	47.000000	0.00012825	47.000000	0.000128455	47.000000	4.53323e-08	
50.000000	0.000102722	50.000000	0.000122662	50.000000	0.000120741	50.000000	0.000123412	50.000000	0.000122334	50.000000	0.000122619	50.000000	4.28632e-08	
55.000000	9.56328e-05	55.000000	0.000114157	55.000000	0.00011256	55.000000	0.000114639	55.000000	0.000113758	55.000000	0.000114117	55.000000	3.93179e-08	
60.000000	8.95967e-05	60.000000	0.000106893	60.000000	0.000105554	60.000000	0.000107179	60.000000	0.000106473	60.000000	0.000106857	60.000000	3.63353e-08	
65.000000	8.43915e-05	65.000000	0.000100619	65.000000	9.94861e-05	65.000000	0.000100756	65.000000	0.000100205	65.000000	0.000100585	65.000000	3.37899e-08	
70.000000	7.98536e-05	70.000000	9.51434e-05	70.000000	9.41896e-05	70.000000	9.51691e-05	70.000000	9.47526e-05	70.000000	9.51118e-05	70.000000	3.1591e-08	
75.000000	7.58601e-05	75.000000	9.03241e-05	75.000000	8.95076e-05	75.000000	9.02637e-05	75.000000	8.99652e-05	75.000000	9.02945e-05	75.000000	2.96714e-08	
80.000000	7.23167e-05	80.000000	8.60496e-05	80.000000	8.53564e-05	80.000000	8.59224e-05	80.000000	8.57278e-05	80.000000	8.60216e-05	80.000000	2.79805e-08	
85.000000	6.915e-05 	85.000000	8.22323e-05	85.000000	8.16512e-05	85.000000	8.2053e-05	85.000000	8.19473e-05	85.000000	8.22058e-05	85.000000	2.64791e-08	
90.000000	6.63017e-05	90.000000	7.88026e-05	90.000000	7.83048e-05	90.000000	7.85825e-05	90.000000	7.85537e-05	90.000000	7.87775e-05	90.000000	2.51368e-08	
95.000000	6.37251e-05	95.000000	7.57043e-05	95.000000	7.52918e-05	95.000000	7.5452e-05	95.000000	7.54924e-05	95.000000	7.56803e-05	95.000000	2.39292e-08	
100.000000	6.13823e-05	100.000000	7.28915e-05	100.000000	7.2541e-05	100.000000	7.26139e-05	100.000000	7.27147e-05	100.000000	7.28686e-05	100.000000	2.28367e-08	
105.000000	5.92422e-05	105.000000	7.03264e-05	105.000000	7.00407e-05	105.000000	7.00289e-05	105.000000	7.01816e-05	105.000000	7.03046e-05	105.000000	2.18435e-08	
110.000000	5.7279e-05	110.000000	6.79778e-05	110.000000	6.77476e-05	110.000000	6.76647e-05	110.000000	6.78655e-05	110.000000	6.79569e-05	110.000000	2.09363e-08	
115.000000	5.54711e-05	115.000000	6.58192e-05	115.000000	6.56333e-05	115.000000	6.54939e-05	115.000000	6.57344e-05	115.000000	6.57991e-05	115.000000	2.01044e-08	
120.000000	5.38004e-05	120.000000	6.38286e-05	120.000000	6.3682e-05	120.000000	6.34939e-05	120.000000	6.37719e-05	120.000000	6.38092e-05	120.000000	1.93386e-08	
125.000000	5.22516e-05	125.000000	6.19869e-05	125.000000	6.18785e-05	125.000000	6.16452e-05	125.000000	6.19546e-05	125.000000	6.19683e-05	125.000000	1.86312e-08	
130.000000	5.08114e-05	130.000000	6.02781e-05	130.000000	6.02048e-05	130.000000	5.99312e-05	130.000000	6.02703e-05	130.000000	6.02601e-05	130.000000	1.79758e-08	
135.000000	4.94685e-05	135.000000	5.86883e-05	135.000000	5.86429e-05	135.000000	5.83378e-05	135.000000	5.87017e-05	135.000000	5.86709e-05	135.000000	1.73667e-08	
140.000000	4.82131e-05	140.000000	5.72055e-05	140.000000	5.71892e-05	140.000000	5.68526e-05	140.000000	5.72407e-05	140.000000	5.71887e-05	140.000000	1.67991e-08	
145.000000	4.70369e-05	145.000000	5.58192e-05	145.000000	5.58325e-05	145.000000	5.5465e-05	145.000000	5.58724e-05	145.000000	5.58029e-05	145.000000	1.62689e-08	
150.000000	4.59322e-05	150.000000	5.45202e-05	150.000000	5.45574e-05	150.000000	5.41658e-05	150.000000	5.45921e-05	150.000000	5.45045e-05	150.000000	1.57724e-08	
155.000000	4.43685e-05	155.000000	5.33007e-05	155.000000	5.33563e-05	155.000000	5.29467e-05	155.000000	5.33891e-05	155.000000	5.32854e-05	155.000000	1.53065e-08	
160.000000	4.34559e-05	160.000000	5.21535e-05	160.000000	5.22274e-05	160.000000	5.18006e-05	160.000000	5.22576e-05	160.000000	5.21386e-05	160.000000	1.48684e-08	
165.000000	4.25945e-05	165.000000	5.10723e-05	165.000000	5.1167e-05	165.000000	5.07211e-05	165.000000	5.11922e-05	165.000000	5.10579e-05	165.000000	1.44557e-08	
170.000000	4.17802e-05	170.000000	5.00517e-05	170.000000	5.01643e-05	170.000000	4.97026e-05	170.000000	5.01849e-05	170.000000	5.00377e-05	170.000000	1.40661e-08	
175.000000	4.10092e-05	175.000000	4.90867e-05	175.000000	4.9214e-05	175.000000	4.87401e-05	175.000000	4.92334e-05	175.000000	4.9073e-05	175.000000	1.36978e-08	
180.000000	4.0278e-05	180.000000	4.81729e-05	180.000000	4.83145e-05	180.000000	4.78292e-05	180.000000	4.83325e-05	180.000000	4.81595e-05	180.000000	1.3349e-08	
185.000000	3.95836e-05	185.000000	4.73063e-05	185.000000	4.74625e-05	185.000000	4.69658e-05	185.000000	4.74772e-05	185.000000	4.72932e-05	185.000000	1.30183e-08	
190.000000	3.89232e-05	190.000000	4.64833e-05	190.000000	4.66536e-05	190.000000	4.61463e-05	190.000000	4.66659e-05	190.000000	4.64706e-05	190.000000	1.27041e-08	
195.000000	3.82945e-05	195.000000	4.57008e-05	195.000000	4.58826e-05	195.000000	4.53675e-05	195.000000	4.58945e-05	195.000000	4.56884e-05	195.000000	1.24054e-08	
200.000000	3.76951e-05	200.000000	4.49559e-05	200.000000	4.51473e-05	200.000000	4.46264e-05	200.000000	4.51593e-05	200.000000	4.49438e-05	200.000000	1.21209e-08	
210.000000	3.65764e-05	210.000000	4.35684e-05	210.000000	4.37833e-05	210.000000	4.32471e-05	210.000000	4.37919e-05	210.000000	4.35568e-05	210.000000	1.15908e-08	
220.000000	3.55531e-05	220.000000	4.23025e-05	220.000000	4.25366e-05	220.000000	4.199e-05 	220.000000	4.2543e-05	220.000000	4.22914e-05	220.000000	1.11068e-08	
230.000000	3.46134e-05	230.000000	4.1143e-05	230.000000	4.13941e-05	230.000000	4.08397e-05	230.000000	4.14004e-05	230.000000	4.11323e-05	230.000000	1.06631e-08	
240.000000	3.37474e-05	240.000000	4.00771e-05	240.000000	4.03447e-05	240.000000	3.97832e-05	240.000000	4.03495e-05	240.000000	4.00668e-05	240.000000	1.02548e-08	
250.000000	3.29467e-05	250.000000	3.9094e-05	250.000000	3.9378e-05	250.000000	3.88098e-05	250.000000	3.93811e-05	250.000000	3.90841e-05	250.000000	9.87767e-09	
260.000000	3.22042e-05	260.000000	3.81845e-05	260.000000	3.84819e-05	260.000000	3.79101e-05	260.000000	3.8485e-05	260.000000	3.8175e-05	260.000000	9.52834e-09	
270.000000	3.15138e-05	270.000000	3.73408e-05	270.000000	3.76499e-05	270.000000	3.70762e-05	270.000000	3.76544e-05	270.000000	3.73315e-05	270.000000	9.20377e-09	
280.000000	3.08701e-05	280.000000	3.65559e-05	280.000000	3.68796e-05	280.000000	3.63013e-05	280.000000	3.68815e-05	280.000000	3.6547e-05	280.000000	8.90139e-09	
290.000000	3.02687e-05	290.000000	3.58241e-05	290.000000	3.61592e-05	290.000000	3.55794e-05	290.000000	3.6162e-05	290.000000	3.58155e-05	290.000000	8.61898e-09	
300.000000	2.97054e-05	300.000000	3.51403e-05	300.000000	3.54852e-05	300.000000	3.49055e-05	300.000000	3.54889e-05	300.000000	3.51319e-05	300.000000	8.35459e-09	
310.000000	2.91768e-05	310.000000	3.44999e-05	310.000000	3.4856e-05	310.000000	3.4275e-05	310.000000	3.48595e-05	310.000000	3.44918e-05	310.000000	8.10653e-09	
320.000000	2.86799e-05	320.000000	3.3899e-05	320.000000	3.42679e-05	320.000000	3.3684e-05	320.000000	3.4269e-05	320.000000	3.38911e-05	320.000000	7.87331e-09	
330.000000	2.82118e-05	330.000000	3.33341e-05	330.000000	3.3714e-05	330.000000	3.31289e-05	330.000000	3.37141e-05	330.000000	3.33265e-05	330.000000	7.65363e-09	
340.000000	2.77702e-05	340.000000	3.28022e-05	340.000000	3.31915e-05	340.000000	3.26067e-05	340.000000	3.31923e-05	340.000000	3.27948e-05	340.000000	7.44632e-09	
350.000000	2.73529e-05	350.000000	3.23006e-05	350.000000	3.26994e-05	350.000000	3.21147e-05	350.000000	3.26998e-05	350.000000	3.22933e-05	350.000000	7.25036e-09	
360.000000	2.69581e-05	360.000000	3.18267e-05	360.000000	3.2235e-05	360.000000	3.16504e-05	360.000000	3.22351e-05	360.000000	3.18196e-05	360.000000	7.06482e-09	
370.000000	2.65839e-05	370.000000	3.13785e-05	370.000000	3.17959e-05	370.000000	3.12116e-05	370.000000	3.17962e-05	370.000000	3.13716e-05	370.000000	6.88889e-09	
380.000000	2.62288e-05	380.000000	3.09539e-05	380.000000	3.13807e-05	380.000000	3.07963e-05	380.000000	3.138e-05 	380.000000	3.09471e-05	380.000000	6.72183e-09	
390.000000	2.58915e-05	390.000000	3.05512e-05	390.000000	3.09867e-05	390.000000	3.04028e-05	390.000000	3.09858e-05	390.000000	3.05446e-05	390.000000	6.56298e-09	
400.000000	2.55707e-05	400.000000	3.01688e-05	400.000000	3.06115e-05	400.000000	3.00295e-05	400.000000	3.0612e-05	400.000000	3.01624e-05	400.000000	6.41173e-09	
410.000000	2.52652e-05	410.000000	2.98053e-05	410.000000	3.02549e-05	410.000000	2.96749e-05	410.000000	3.02562e-05	410.000000	2.9799e-05	410.000000	6.26756e-09	
420.000000	2.4974e-05	420.000000	2.94593e-05	420.000000	2.99169e-05	420.000000	2.93377e-05	420.000000	2.99181e-05	420.000000	2.94532e-05	420.000000	6.12996e-09	
430.000000	2.46961e-05	430.000000	2.91297e-05	430.000000	2.95959e-05	430.000000	2.90168e-05	430.000000	2.95964e-05	430.000000	2.91237e-05	430.000000	5.9985e-09	
440.000000	2.44308e-05	440.000000	2.88154e-05	440.000000	2.92901e-05	440.000000	2.8711e-05	440.000000	2.92896e-05	440.000000	2.88095e-05	440.000000	5.87276e-09	
450.000000	2.41771e-05	450.000000	2.85154e-05	450.000000	2.89979e-05	450.000000	2.84194e-05	450.000000	2.89968e-05	450.000000	2.85096e-05	450.000000	5.75238e-09	
460.000000	2.39345e-05	460.000000	2.82287e-05	460.000000	2.8718e-05	460.000000	2.81411e-05	460.000000	2.87174e-05	460.000000	2.82231e-05	460.000000	5.63701e-09	
470.000000	2.37021e-05	470.000000	2.79547e-05	470.000000	2.84501e-05	470.000000	2.78751e-05	470.000000	2.84506e-05	470.000000	2.79492e-05	470.000000	5.52635e-09	
480.000000	2.34795e-05	480.000000	2.76924e-05	480.000000	2.81946e-05	480.000000	2.76208e-05	480.000000	2.8195e-05	480.000000	2.7687e-05	480.000000	5.42011e-09	
490.000000	2.3266e-05	490.000000	2.74413e-05	490.000000	2.79509e-05	490.000000	2.73775e-05	490.000000	2.79505e-05	490.000000	2.7436e-05	490.000000	5.31802e-09	
500.000000	2.30611e-05	500.000000	2.72006e-05	500.000000	2.77174e-05	500.000000	2.71445e-05	500.000000	2.77164e-05	500.000000	2.71954e-05	500.000000	5.21985e-09	
520.000000	2.26753e-05	520.000000	2.67483e-05	520.000000	2.72773e-05	520.000000	2.6707e-05	520.000000	2.72767e-05	520.000000	2.67432e-05	520.000000	5.03438e-09	
540.000000	2.23187e-05	540.000000	2.63311e-05	540.000000	2.6871e-05	540.000000	2.63042e-05	540.000000	2.68716e-05	540.000000	2.63263e-05	540.000000	4.86209e-09	
560.000000	2.19883e-05	560.000000	2.59455e-05	560.000000	2.64969e-05	560.000000	2.59323e-05	560.000000	2.64976e-05	560.000000	2.59408e-05	560.000000	4.70161e-09	
580.000000	2.16816e-05	580.000000	2.55883e-05	580.000000	2.6152e-05	580.000000	2.55883e-05	580.000000	2.61512e-05	580.000000	2.55837e-05	580.000000	4.55175e-09	
600.000000	2.13963e-05	600.000000	2.52567e-05	600.000000	2.58312e-05	600.000000	2.52692e-05	600.000000	2.58302e-05	600.000000	2.52523e-05	600.000000	4.41148e-09	
620.000000	2.11304e-05	620.000000	2.49483e-05	620.000000	2.55321e-05	620.000000	2.49728e-05	620.000000	2.55315e-05	620.000000	2.4944e-05	620.000000	4.27989e-09	
640.000000	2.08822e-05	640.000000	2.4661e-05	640.000000	2.52538e-05	640.000000	2.46969e-05	640.000000	2.52536e-05	640.000000	2.46568e-05	640.000000	4.1562e-09	
660.000000	2.06503e-05	660.000000	2.43929e-05	660.000000	2.49945e-05	660.000000	2.44396e-05	660.000000	2.49943e-05	660.000000	2.43888e-05	660.000000	4.03971e-09	
680.000000	2.04331e-05	680.000000	2.41423e-05	680.000000	2.47521e-05	680.000000	2.41993e-05	680.000000	2.4752e-05	680.000000	2.41384e-05	680.000000	3.92979e-09	
700.000000	2.02297e-05	700.000000	2.39079e-05	700.000000	2.45254e-05	700.000000	2.39746e-05	700.000000	2.45256e-05	700.000000	2.3904e-05	700.000000	3.82591e-09	
720.000000	2.00387e-05	720.000000	2.36882e-05	720.000000	2.43131e-05	720.000000	2.37641e-05	720.000000	2.43132e-05	720.000000	2.36845e-05	720.000000	3.72756e-09	
740.000000	1.98594e-05	740.000000	2.34822e-05	740.000000	2.41139e-05	740.000000	2.35668e-05	740.000000	2.4114e-05	740.000000	2.34786e-05	740.000000	3.63432e-09	
760.000000	1.96908e-05	760.000000	2.32887e-05	760.000000	2.39268e-05	760.000000	2.33814e-05	760.000000	2.39271e-05	760.000000	2.32852e-05	760.000000	3.5458e-09	
780.000000	1.95322e-05	780.000000	2.31069e-05	780.000000	2.37509e-05	780.000000	2.32072e-05	780.000000	2.37512e-05	780.000000	2.31035e-05	780.000000	3.46163e-09	
800.000000	1.93828e-05	800.000000	2.29359e-05	800.000000	2.35854e-05	800.000000	2.30433e-05	800.000000	2.35856e-05	800.000000	2.29325e-05	800.000000	3.3815e-09	
820.000000	1.92421e-05	820.000000	2.27748e-05	820.000000	2.34294e-05	820.000000	2.28888e-05	820.000000	2.34297e-05	820.000000	2.27715e-05	820.000000	3.30513e-09	
840.000000	1.91093e-05	840.000000	2.26231e-05	840.000000	2.32824e-05	840.000000	2.27432e-05	840.000000	2.32826e-05	840.000000	2.26199e-05	840.000000	3.23225e-09	
860.000000	1.89841e-05	860.000000	2.24801e-05	860.000000	2.31435e-05	860.000000	2.26058e-05	860.000000	2.31436e-05	860.000000	2.24769e-05	860.000000	3.16263e-09	
880.000000	1.88659e-05	880.000000	2.23452e-05	880.000000	2.30124e-05	880.000000	2.2476e-05	880.000000	2.30124e-05	880.000000	2.23421e-05	880.000000	3.09605e-09	
900.000000	1.87543e-05	900.000000	2.22178e-05	900.000000	2.28884e-05	900.000000	2.23533e-05	900.000000	2.28885e-05	900.000000	2.22148e-05	900.000000	3.03231e-09	
920.000000	1.86489e-05	920.000000	2.20975e-05	920.000000	2.27711e-05	920.000000	2.22372e-05	920.000000	2.2771e-05	920.000000	2.20945e-05	920.000000	2.97123e-09	
940.000000	1.85492e-05	940.000000	2.19839e-05	940.000000	2.266e-05 	940.000000	2.21273e-05	940.000000	2.26598e-05	940.000000	2.1981e-05	940.000000	2.91265e-09	
960.000000	1.84551e-05	960.000000	2.18765e-05	960.000000	2.25548e-05	960.000000	2.20232e-05	960.000000	2.25545e-05	960.000000	2.18736e-05	960.000000	2.85642e-09	
980.000000	1.8366e-05	980.000000	2.1775e-05	980.000000	2.2455e-05	980.000000	2.19246e-05	980.000000	2.24548e-05	980.000000	2.17722e-05	980.000000	2.80239e-09	
1000.000000	1.82819e-05	1000.000000	2.1679e-05	1000.000000	2.23604e-05	1000.000000	2.1831e-05	1000.000000	2.236e-05 	1000.000000	2.16762e-05	1000.000000	2.75044e-09	
1020.000000	1.82023e-05	1020.000000	2.15882e-05	1020.000000	2.22706e-05	1020.000000	2.17422e-05	1020.000000	2.227e-05 	1020.000000	2.15855e-05	1020.000000	2.70044e-09	
1040.000000	1.81271e-05	1040.000000	2.15023e-05	1040.000000	2.21854e-05	1040.000000	2.1658e-05	1040.000000	2.21847e-05	1040.000000	2.14997e-05	1040.000000	2.6523e-09	
1060.000000	1.8056e-05	1060.000000	2.14211e-05	1060.000000	2.21045e-05	1060.000000	2.15779e-05	1060.000000	2.21037e-05	1060.000000	2.14185e-05	1060.000000	2.6059e-09	
1080.000000	1.79888e-05	1080.000000	2.13442e-05	1080.000000	2.20276e-05	1080.000000	2.15019e-05	1080.000000	2.20266e-05	1080.000000	2.13417e-05	1080.000000	2.56115e-09	
1100.000000	1.79252e-05	1100.000000	2.12715e-05	1100.000000	2.19543e-05	1100.000000	2.14296e-05	1100.000000	2.19532e-05	1100.000000	2.1269e-05	1100.000000	2.51796e-09	
1120.000000	1.78652e-05	1120.000000	2.12028e-05	1120.000000	2.18844e-05	1120.000000	2.13608e-05	1120.000000	2.18835e-05	1120.000000	2.12003e-05	1120.000000	2.47626e-09	
1140.000000	1.78086e-05	1140.000000	2.11377e-05	1140.000000	2.18178e-05	1140.000000	2.12954e-05	1140.000000	2.18173e-05	1140.000000	2.11353e-05	1140.000000	2.43596e-09	
1160.000000	1.77551e-05	1160.000000	2.10763e-05	1160.000000	2.17542e-05	1160.000000	2.12332e-05	1160.000000	2.17542e-05	1160.000000	2.10739e-05	1160.000000	2.397e-09 	
1180.000000	1.77046e-05	1180.000000	2.10181e-05	1180.000000	2.16938e-05	1180.000000	2.11739e-05	1180.000000	2.1694e-05	1180.000000	2.10158e-05	1180.000000	2.35931e-09	
1200.000000	1.76571e-05	1200.000000	2.09632e-05	1200.000000	2.16363e-05	1200.000000	2.11175e-05	1200.000000	2.16367e-05	1200.000000	2.09609e-05	1200.000000	2.32283e-09	
1220.000000	1.76122e-05	1220.000000	2.09113e-05	1220.000000	2.15816e-05	1220.000000	2.10638e-05	1220.000000	2.15822e-05	1220.000000	2.0909e-05	1220.000000	2.2875e-09	
1240.000000	1.75701e-05	1240.000000	2.08624e-05	1240.000000	2.15297e-05	1240.000000	2.10127e-05	1240.000000	2.15304e-05	1240.000000	2.08601e-05	1240.000000	2.25326e-09	
1260.000000	1.75304e-05	1260.000000	2.08161e-05	1260.000000	2.14803e-05	1260.000000	2.0964e-05	1260.000000	2.14808e-05	1260.000000	2.08139e-05	1260.000000	2.22007e-09	
1280.000000	1.74931e-05	1280.000000	2.07726e-05	1280.000000	2.14332e-05	1280.000000	2.09175e-05	1280.000000	2.14336e-05	1280.000000	2.07704e-05	1280.000000	2.18787e-09	
1300.000000	1.74581e-05	1300.000000	2.07315e-05	1300.000000	2.13885e-05	1300.000000	2.08733e-05	1300.000000	2.13886e-05	1300.000000	2.07294e-05	1300.000000	2.15663e-09	
1320.000000	1.74254e-05	1320.000000	2.06929e-05	1320.000000	2.13458e-05	1320.000000	2.08311e-05	1320.000000	2.13457e-05	1320.000000	2.06908e-05	1320.000000	2.1263e-09	
1340.000000	1.73947e-05	1340.000000	2.06565e-05	1340.000000	2.13051e-05	1340.000000	2.07909e-05	1340.000000	2.13049e-05	1340.000000	2.06544e-05	1340.000000	2.09684e-09	
1360.000000	1.73661e-05	1360.000000	2.06224e-05	1360.000000	2.12663e-05	1360.000000	2.07526e-05	1360.000000	2.1266e-05	1360.000000	2.06203e-05	1360.000000	2.06821e-09	
1380.000000	1.73394e-05	1380.000000	2.05903e-05	1380.000000	2.12293e-05	1380.000000	2.07161e-05	1380.000000	2.12288e-05	1380.000000	2.05883e-05	1380.000000	2.04038e-09	
1400.000000	1.73145e-05	1400.000000	2.05603e-05	1400.000000	2.1194e-05	1400.000000	2.06813e-05	1400.000000	2.11933e-05	1400.000000	2.05583e-05	1400.000000	2.01332e-09	
1420.000000	1.72915e-05	1420.000000	2.05322e-05	1420.000000	2.11602e-05	1420.000000	2.06482e-05	1420.000000	2.11595e-05	1420.000000	2.05302e-05	1420.000000	1.98699e-09	
1440.000000	1.72702e-05	1440.000000	2.0506e-05	1440.000000	2.1128e-05	1440.000000	2.06166e-05	1440.000000	2.11273e-05	1440.000000	2.0504e-05	1440.000000	1.96136e-09	
1460.000000	1.72505e-05	1460.000000	2.04815e-05	1460.000000	2.10971e-05	1460.000000	2.05865e-05	1460.000000	2.10967e-05	1460.000000	2.04796e-05	1460.000000	1.93641e-09	
1480.000000	1.72325e-05	1480.000000	2.04588e-05	1480.000000	2.10677e-05	1480.000000	2.05578e-05	1480.000000	2.10674e-05	1480.000000	2.04569e-05	1480.000000	1.9121e-09	
1500.000000	1.72159e-05	1500.000000	2.04377e-05	1500.000000	2.10396e-05	1500.000000	2.05305e-05	1500.000000	2.10395e-05	1500.000000	2.04358e-05	1500.000000	1.88842e-09	
1520.000000	1.72009e-05	1520.000000	2.04181e-05	1520.000000	2.10128e-05	1520.000000	2.05044e-05	1520.000000	2.10129e-05	1520.000000	2.04163e-05	1520.000000	1.86534e-09	
1540.000000	1.71873e-05	1540.000000	2.04001e-05	1540.000000	2.09873e-05	1540.000000	2.04796e-05	1540.000000	2.09876e-05	1540.000000	2.03983e-05	1540.000000	1.84284e-09	
1560.000000	1.7175e-05	1560.000000	2.03836e-05	1560.000000	2.0963e-05	1560.000000	2.0456e-05	1560.000000	2.09635e-05	1560.000000	2.03817e-05	1560.000000	1.82089e-09	
1580.000000	1.71641e-05	1580.000000	2.03684e-05	1580.000000	2.094e-05 	1580.000000	2.04336e-05	1580.000000	2.09405e-05	1580.000000	2.03666e-05	1580.000000	1.79947e-09	
1600.000000	1.71545e-05	1600.000000	2.03546e-05	1600.000000	2.0918e-05	1600.000000	2.04122e-05	1600.000000	2.09187e-05	1600.000000	2.03528e-05	1600.000000	1.77857e-09	
1620.000000	1.71461e-05	1620.000000	2.03421e-05	1620.000000	2.08972e-05	1620.000000	2.03919e-05	1620.000000	2.08978e-05	1620.000000	2.03403e-05	1620.000000	1.75817e-09	
1640.000000	1.71389e-05	1640.000000	2.03308e-05	1640.000000	2.08775e-05	1640.000000	2.03725e-05	1640.000000	2.0878e-05	1640.000000	2.03291e-05	1640.000000	1.73824e-09	
1660.000000	1.71329e-05	1660.000000	2.03208e-05	1660.000000	2.08588e-05	1660.000000	2.03542e-05	1660.000000	2.08592e-05	1660.000000	2.03191e-05	1660.000000	1.71878e-09	
1680.000000	1.7128e-05	1680.000000	2.03119e-05	1680.000000	2.0841e-05	1680.000000	2.03367e-05	1680.000000	2.08413e-05	1680.000000	2.03102e-05	1680.000000	1.69976e-09	
1700.000000	1.71242e-05	1700.000000	2.03042e-05	1700.000000	2.08241e-05	1700.000000	2.03202e-05	1700.000000	2.08243e-05	1700.000000	2.03025e-05	1700.000000	1.68118e-09	
1750.000000	1.71191e-05	1750.000000	2.02895e-05	1750.000000	2.07856e-05	1750.000000	2.02824e-05	1750.000000	2.07855e-05	1750.000000	2.02879e-05	1750.000000	1.6365e-09	
1800.000000	1.71202e-05	1800.000000	2.0281e-05	1800.000000	2.07517e-05	1800.000000	2.02495e-05	1800.000000	2.07516e-05	1800.000000	2.02794e-05	1800.000000	1.59422e-09	
1850.000000	1.71268e-05	1850.000000	2.02783e-05	1850.000000	2.07221e-05	1850.000000	2.02209e-05	1850.000000	2.07221e-05	1850.000000	2.02768e-05	1850.000000	1.55413e-09	
1900.000000	1.71387e-05	1900.000000	2.02809e-05	1900.000000	2.06964e-05	1900.000000	2.01963e-05	1900.000000	2.06966e-05	1900.000000	2.02794e-05	1900.000000	1.51608e-09	
1950.000000	1.71555e-05	1950.000000	2.02884e-05	1950.000000	2.06743e-05	1950.000000	2.01752e-05	1950.000000	2.06746e-05	1950.000000	2.02869e-05	1950.000000	1.47991e-09	
2000.000000	1.71768e-05	2000.000000	2.03003e-05	2000.000000	2.06556e-05	2000.000000	2.01575e-05	2000.000000	2.06561e-05	2000.000000	2.02989e-05	2000.000000	1.44547e-09	
2100.000000	1.72318e-05	2100.000000	2.03366e-05	2100.000000	2.06273e-05	2100.000000	2.01307e-05	2100.000000	2.06278e-05	2100.000000	2.03352e-05	2100.000000	1.38135e-09	
2200.000000	1.73017e-05	2200.000000	2.03873e-05	2200.000000	2.06094e-05	2200.000000	2.01139e-05	2200.000000	2.06097e-05	2200.000000	2.0386e-05	2200.000000	1.32285e-09	
2300.000000	1.73849e-05	2300.000000	2.04506e-05	2300.000000	2.06001e-05	2300.000000	2.01055e-05	2300.000000	2.06001e-05	2300.000000	2.04493e-05	2300.000000	1.26925e-09	
2400.000000	1.74797e-05	2400.000000	2.05249e-05	2400.000000	2.05978e-05	2400.000000	2.01042e-05	2400.000000	2.05977e-05	2400.000000	2.05237e-05	2400.000000	1.21996e-09	
2500.000000	1.75852e-05	2500.000000	2.0609e-05	2500.000000	2.06015e-05	2500.000000	2.01089e-05	2500.000000	2.06013e-05	2500.000000	2.06078e-05	2500.000000	1.17447e-09	
2600.000000	1.77001e-05	2600.000000	2.07016e-05	2600.000000	2.06102e-05	2600.000000	2.01187e-05	2600.000000	2.06102e-05	2600.000000	2.07005e-05	2600.000000	1.13236e-09	
2700.000000	1.78236e-05	2700.000000	2.08018e-05	2700.000000	2.06233e-05	2700.000000	2.01329e-05	2700.000000	2.06234e-05	2700.000000	2.08007e-05	2700.000000	1.09325e-09	
2800.000000	1.7955e-05	2800.000000	2.09088e-05	2800.000000	2.06401e-05	2800.000000	2.01507e-05	2800.000000	2.06405e-05	2800.000000	2.09077e-05	2800.000000	1.05684e-09	
2900.000000	1.80935e-05	2900.000000	2.10219e-05	2900.000000	2.06603e-05	2900.000000	2.01717e-05	2900.000000	2.06607e-05	2900.000000	2.10208e-05	2900.000000	1.02285e-09	
3000.000000	1.82386e-05	3000.000000	2.11404e-05	3000.000000	2.06832e-05	3000.000000	2.01954e-05	3000.000000	2.06837e-05	3000.000000	2.11394e-05	3000.000000	9.91047e-10	
3200.000000	1.85467e-05	3200.000000	2.13916e-05	3200.000000	2.07358e-05	3200.000000	2.02493e-05	3200.000000	2.07363e-05	3200.000000	2.13907e-05	3200.000000	9.33195e-10	
3400.000000	1.88758e-05	3400.000000	2.1659e-05	3400.000000	2.07954e-05	3400.000000	2.03099e-05	3400.000000	2.07958e-05	3400.000000	2.16581e-05	3400.000000	8.81916e-10	
3600.000000	1.92232e-05	3600.000000	2.19397e-05	3600.000000	2.086e-05 	3600.000000	2.03755e-05	3600.000000	2.08604e-05	3600.000000	2.19388e-05	3600.000000	8.36139e-10	
3800.000000	1.95869e-05	3800.000000	2.22316e-05	3800.000000	2.09281e-05	3800.000000	2.04445e-05	3800.000000	2.09285e-05	3800.000000	2.22308e-05	3800.000000	7.95016e-10	
4000.000000	1.99652e-05	4000.000000	2.25328e-05	4000.000000	2.09988e-05	4000.000000	2.05159e-05	4000.000000	2.09991e-05	4000.000000	2.25321e-05	4000.000000	7.57865e-10	
4200.000000	2.03565e-05	4200.000000	2.28421e-05	4200.000000	2.10711e-05	4200.000000	2.0589e-05	4200.000000	2.10714e-05	4200.000000	2.28413e-05	4200.000000	7.24131e-10	
4400.000000	2.07599e-05	4400.000000	2.31581e-05	4400.000000	2.11445e-05	4400.000000	2.06631e-05	4400.000000	2.11447e-05	4400.000000	2.31574e-05	4400.000000	6.93359e-10	
4600.000000	2.11744e-05	4600.000000	2.348e-05 	4600.000000	2.12184e-05	4600.000000	2.07376e-05	4600.000000	2.12186e-05	4600.000000	2.34794e-05	4600.000000	6.65172e-10	
4800.000000	2.15991e-05	4800.000000	2.3807e-05	4800.000000	2.12924e-05	4800.000000	2.08123e-05	4800.000000	2.12926e-05	4800.000000	2.38064e-05	4800.000000	6.39254e-10	
5000.000000	2.20334e-05	5000.000000	2.41384e-05	5000.000000	2.13663e-05	5000.000000	2.08869e-05	5000.000000	2.13666e-05	5000.000000	2.41378e-05	5000.000000	6.15339e-10	
5250.000000	2.25888e-05	5250.000000	2.45579e-05	5250.000000	2.14582e-05	5250.000000	2.09796e-05	5250.000000	2.14586e-05	5250.000000	2.45573e-05	5250.000000	5.87921e-10	
5500.000000	2.31574e-05	5500.000000	2.49826e-05	5500.000000	2.15492e-05	5500.000000	2.10713e-05	5500.000000	2.15497e-05	5500.000000	2.4982e-05	5500.000000	5.62912e-10	
6000.000000	2.43309e-05	6000.000000	2.58441e-05	6000.000000	2.17278e-05	6000.000000	2.12513e-05	6000.000000	2.17284e-05	6000.000000	2.58436e-05	6000.000000	5.18942e-10	
6500.000000	2.55489e-05	6500.000000	2.67185e-05	6500.000000	2.19011e-05	6500.000000	2.14258e-05	6500.000000	2.19016e-05	6500.000000	2.6718e-05	6500.000000	4.8152e-10	
7000.000000	2.6808e-05	7000.000000	2.76023e-05	7000.000000	2.20686e-05	7000.000000	2.15942e-05	7000.000000	2.20689e-05	7000.000000	2.76018e-05	7000.000000	4.49272e-10	
7500.000000	2.81056e-05	7500.000000	2.84932e-05	7500.000000	2.22301e-05	7500.000000	2.17564e-05	7500.000000	2.22299e-05	7500.000000	2.84928e-05	7500.000000	4.21185e-10	
8000.000000	2.94396e-05	8000.000000	2.93895e-05	8000.000000	2.23847e-05	8000.000000	2.19124e-05	8000.000000	2.23848e-05	8000.000000	2.93891e-05	8000.000000	3.96496e-10	
8500.000000	3.08085e-05	8500.000000	3.02898e-05	8500.000000	2.25333e-05	8500.000000	2.20626e-05	8500.000000	2.25338e-05	8500.000000	3.02894e-05	8500.000000	3.74619e-10	
9000.000000	3.22112e-05	9000.000000	3.11932e-05	9000.000000	2.26767e-05	9000.000000	2.22071e-05	9000.000000	2.26771e-05	9000.000000	3.11928e-05	9000.000000	3.55094e-10	
9500.000000	3.36467e-05	9500.000000	3.20988e-05	9500.000000	2.28148e-05	9500.000000	2.23462e-05	9500.000000	2.28151e-05	9500.000000	3.20984e-05	9500.000000	3.37559e-10	
10000.000000	3.51143e-05	10000.000000	3.30061e-05	10000.000000	2.29476e-05	10000.000000	2.24802e-05	10000.000000	2.29478e-05	10000.000000	3.30057e-05	10000.000000	3.2172e-10	
11000.000000	3.81436e-05	11000.000000	3.48238e-05	11000.000000	2.31987e-05	11000.000000	2.27339e-05	11000.000000	2.31991e-05	11000.000000	3.48235e-05	11000.000000	2.9423e-10	
12000.000000	4.12953e-05	12000.000000	3.66436e-05	12000.000000	2.34326e-05	12000.000000	2.29706e-05	12000.000000	2.34332e-05	12000.000000	3.66433e-05	12000.000000	2.7118e-10	
13000.000000	4.45673e-05	13000.000000	3.84636e-05	13000.000000	2.36514e-05	13000.000000	2.31921e-05	13000.000000	2.36518e-05	13000.000000	3.84634e-05	13000.000000	2.51568e-10	
14000.000000	4.79579e-05	14000.000000	4.02827e-05	14000.000000	2.38569e-05	14000.000000	2.34e-05  	14000.000000	2.38568e-05	14000.000000	4.02825e-05	14000.000000	2.34672e-10	
15000.000000	5.1466e-05	15000.000000	4.21002e-05	15000.000000	2.40504e-05	15000.000000	2.35958e-05	15000.000000	2.40496e-05	15000.000000	4.21e-05  	15000.000000	2.1996e-10	
16000.000000	5.5091e-05	16000.000000	4.39155e-05	16000.000000	2.42325e-05	16000.000000	2.37808e-05	16000.000000	2.42313e-05	16000.000000	4.39153e-05	16000.000000	2.0703e-10	
17000.000000	5.88324e-05	17000.000000	4.57282e-05	17000.000000	2.44042e-05	17000.000000	2.3956e-05	17000.000000	2.44031e-05	17000.000000	4.5728e-05	17000.000000	1.95575e-10	
18000.000000	6.26902e-05	18000.000000	4.75381e-05	18000.000000	2.45667e-05	18000.000000	2.41224e-05	18000.000000	2.4566e-05	18000.000000	4.75379e-05	18000.000000	1.85353e-10	
19000.000000	6.66641e-05	19000.000000	4.93451e-05	19000.000000	2.47209e-05	19000.000000	2.42807e-05	19000.000000	2.47206e-05	19000.000000	4.93449e-05	19000.000000	1.76175e-10	
20000.000000	7.07544e-05	20000.000000	5.11492e-05	20000.000000	2.48676e-05	20000.000000	2.44318e-05	20000.000000	2.48679e-05	20000.000000	5.1149e-05	20000.000000	1.67886e-10	
21000.000000	7.49611e-05	21000.000000	5.29502e-05	21000.000000	2.50078e-05	21000.000000	2.45762e-05	21000.000000	2.50083e-05	21000.000000	5.295e-05 	21000.000000	1.60362e-10	
22000.000000	7.92845e-05	22000.000000	5.47482e-05	22000.000000	2.51426e-05	22000.000000	2.47145e-05	22000.000000	2.51424e-05	22000.000000	5.4748e-05	22000.000000	1.53502e-10	
23000.000000	8.37249e-05	23000.000000	5.65431e-05	23000.000000	2.52708e-05	23000.000000	2.48472e-05	23000.000000	2.52708e-05	23000.000000	5.6543e-05	23000.000000	1.47219e-10	
24000.000000	8.82827e-05	24000.000000	5.83351e-05	24000.000000	2.53933e-05	24000.000000	2.49746e-05	24000.000000	2.53937e-05	24000.000000	5.8335e-05	24000.000000	1.41445e-10	
25000.000000	9.29582e-05	25000.000000	6.01241e-05	25000.000000	2.55111e-05	25000.000000	2.50973e-05	25000.000000	2.55118e-05	25000.000000	6.0124e-05	25000.000000	1.36118e-10	
26000.000000	9.77519e-05	26000.000000	6.19103e-05	26000.000000	2.56246e-05	26000.000000	2.52154e-05	26000.000000	2.56251e-05	26000.000000	6.19101e-05	26000.000000	1.31188e-10	
27000.000000	0.000102664	27000.000000	6.36935e-05	27000.000000	2.57339e-05	27000.000000	2.53294e-05	27000.000000	2.57342e-05	27000.000000	6.36934e-05	27000.000000	1.26613e-10	
28000.000000	0.000107696	28000.000000	6.5474e-05	28000.000000	2.58391e-05	28000.000000	2.54395e-05	28000.000000	2.58392e-05	28000.000000	6.54739e-05	28000.000000	1.22354e-10	
29000.000000	0.000112847	29000.000000	6.72518e-05	29000.000000	2.59405e-05	29000.000000	2.5546e-05	29000.000000	2.59405e-05	29000.000000	6.72517e-05	29000.000000	1.18381e-10	
30000.000000	0.000118118	30000.000000	6.90269e-05	30000.000000	2.60382e-05	30000.000000	2.5649e-05	30000.000000	2.60382e-05	30000.000000	6.90268e-05	30000.000000	1.14664e-10	
32000.000000	0.000129024	32000.000000	7.25693e-05	32000.000000	2.6224e-05	32000.000000	2.58458e-05	32000.000000	2.62239e-05	32000.000000	7.25692e-05	32000.000000	1.07906e-10	
34000.000000	0.000140417	34000.000000	7.61017e-05	34000.000000	2.63982e-05	34000.000000	2.60312e-05	34000.000000	2.63977e-05	34000.000000	7.61016e-05	34000.000000	1.0192e-10	
36000.000000	0.000152302	36000.000000	7.96245e-05	36000.000000	2.65616e-05	36000.000000	2.62065e-05	36000.000000	2.65608e-05	36000.000000	7.96244e-05	36000.000000	9.65796e-11	
38000.000000	0.000164684	38000.000000	8.31382e-05	38000.000000	2.67151e-05	38000.000000	2.63727e-05	38000.000000	2.67144e-05	38000.000000	8.31381e-05	38000.000000	9.17849e-11	
40000.000000	0.000177569	40000.000000	8.66432e-05	40000.000000	2.68599e-05	40000.000000	2.65307e-05	40000.000000	2.68593e-05	40000.000000	8.66431e-05	40000.000000	8.74556e-11	
42000.000000	0.000190961	42000.000000	9.01398e-05	42000.000000	2.69968e-05	42000.000000	2.66813e-05	42000.000000	2.69963e-05	42000.000000	9.01397e-05	42000.000000	8.35266e-11	
44000.000000	0.000204866	44000.000000	9.36285e-05	44000.000000	2.71269e-05	44000.000000	2.68251e-05	44000.000000	2.71263e-05	44000.000000	9.36284e-05	44000.000000	7.99442e-11	
46000.000000	0.000219289	46000.000000	9.71094e-05	46000.000000	2.72509e-05	46000.000000	2.69627e-05	46000.000000	2.72494e-05	46000.000000	9.71093e-05	46000.000000	7.66643e-11	
48000.000000	0.000234235	48000.000000	0.000100583	48000.000000	2.73691e-05	48000.000000	2.70947e-05	48000.000000	2.73667e-05	48000.000000	0.000100583	48000.000000	7.36497e-11	
50000.000000	0.00024971	50000.000000	0.00010405	50000.000000	2.74815e-05	50000.000000	2.72214e-05	50000.000000	2.74781e-05	50000.000000	0.000104049	50000.000000	7.08692e-11	
