! 60Mn energy loss (dE/dX) in He
! apply ZOOM for details
Energy (MeV/u)1	0 - [He-base] F.Hubert et al, AD&ND Tables 46(1990)1	Energy (MeV/u)2	1 - [H -base] J.F.Ziegler et al,Pergamon Press,NY(low energy)	Energy (MeV/u)3	2 - ATIMA 1.2 LS-theory (recommended for high energy)	Energy (MeV/u)4	3 - ATIMA 1.2 without LS-correction	Energy (MeV/u)5	4 - ATIMA 1.4 H.Weick, improved mean charge formula for HI	Energy (MeV/u)6	5 - electrical component of [1] - J.F.Ziegler et al	Energy (MeV/u)7	6 - nuclear component of [1] - J.F.Ziegler et al	
0.001000	0.000128571	0.001000	0.000144908	0.001000	0.000131843	0.001000	0.000131843	0.001000	0.000131851	0.001000	3.6083e-05	0.001000	0.000108825	
0.002000	0.000129763	0.002000	0.000140159	0.002000	0.000125915	0.002000	0.000125915	0.002000	0.000125921	0.002000	4.67938e-05	0.002000	9.3365e-05	
0.005000	0.000131906	0.005000	0.000131931	0.005000	0.000117415	0.005000	0.000117415	0.005000	0.000117418	0.005000	6.59806e-05	0.005000	6.59503e-05	
0.008000	0.000136636	0.008000	0.000130827	0.008000	0.000117227	0.008000	0.000117227	0.008000	0.000117229	0.008000	7.86975e-05	0.008000	5.21291e-05	
0.010000	0.00014029	0.010000	0.000131655	0.010000	0.000118869	0.010000	0.000118869	0.010000	0.000118871	0.010000	8.55662e-05	0.010000	4.60885e-05	
0.015000	0.00014971	0.015000	0.000135859	0.015000	0.000125378	0.015000	0.000125378	0.015000	0.00012538	0.015000	9.96177e-05	0.015000	3.62409e-05	
0.020000	0.00016043	0.020000	0.000141174	0.020000	0.000133135	0.020000	0.000133135	0.020000	0.000133137	0.020000	0.000110966	0.020000	3.02085e-05	
0.025000	0.000176218	0.025000	0.000146729	0.025000	0.000141154	0.025000	0.000141154	0.025000	0.000141155	0.025000	0.000120651	0.025000	2.60781e-05	
0.030000	0.000190708	0.030000	0.000152235	0.030000	0.000149106	0.030000	0.000149106	0.030000	0.000149107	0.030000	0.000129188	0.030000	2.30471e-05	
0.035000	0.000203541	0.035000	0.00017022	0.035000	0.000163555	0.035000	0.000163555	0.035000	0.000163556	0.035000	0.000149505	0.035000	2.07149e-05	
0.040000	0.000214494	0.040000	0.000188923	0.040000	0.000179373	0.040000	0.000179373	0.040000	0.000179373	0.040000	0.000170065	0.040000	1.88573e-05	
0.045000	0.000223337	0.045000	0.000206226	0.045000	0.000195304	0.045000	0.000195304	0.045000	0.000195304	0.045000	0.000189047	0.045000	1.7179e-05	
0.050000	0.000230311	0.050000	0.000222645	0.050000	0.000211552	0.050000	0.000211552	0.050000	0.000211552	0.050000	0.00020672	0.050000	1.59246e-05	
0.055000	0.000242384	0.055000	0.000238246	0.055000	0.00022784	0.055000	0.00022784	0.055000	0.00022784	0.055000	0.000223388	0.055000	1.48581e-05	
0.060000	0.000253305	0.060000	0.000253241	0.060000	0.000244088	0.060000	0.000244088	0.060000	0.000244088	0.060000	0.000239302	0.060000	1.39389e-05	
0.070000	0.000271809	0.070000	0.000281926	0.070000	0.000276213	0.070000	0.000276213	0.070000	0.000276214	0.070000	0.000269494	0.070000	1.2432e-05	
0.080000	0.000293891	0.080000	0.000309246	0.080000	0.000307516	0.080000	0.000307516	0.080000	0.000307517	0.080000	0.000298001	0.080000	1.12452e-05	
0.090000	0.000316377	0.090000	0.000336599	0.090000	0.000337704	0.090000	0.000337704	0.090000	0.000337704	0.090000	0.000326316	0.090000	1.02836e-05	
0.100000	0.000336257	0.100000	0.000368475	0.100000	0.000366569	0.100000	0.000366569	0.100000	0.000366569	0.100000	0.000358988	0.100000	9.48695e-06	
0.120000	0.000361661	0.120000	0.000426896	0.120000	0.000419833	0.120000	0.000419833	0.120000	0.000419834	0.120000	0.000418656	0.120000	8.23999e-06	
0.140000	0.000381925	0.140000	0.000478098	0.140000	0.000466799	0.140000	0.000466799	0.140000	0.000466799	0.140000	0.000470793	0.140000	7.30504e-06	
0.160000	0.000399788	0.160000	0.000522561	0.160000	0.000507525	0.160000	0.000507525	0.160000	0.000507525	0.160000	0.000515985	0.160000	6.57548e-06	
0.180000	0.000416689	0.180000	0.000561068	0.180000	0.000542413	0.180000	0.000542413	0.180000	0.000542414	0.180000	0.000555079	0.180000	5.9888e-06	
0.200000	0.000435527	0.200000	0.000595806	0.200000	0.000572047	0.200000	0.000572047	0.200000	0.000572048	0.200000	0.0005903 	0.200000	5.5058e-06	
0.250000	0.000466507	0.250000	0.000670023	0.250000	0.000627405	0.250000	0.000627405	0.250000	0.000627405	0.250000	0.000665422	0.250000	4.60097e-06	
0.300000	0.000494076	0.300000	0.000723249	0.300000	0.000663408	0.300000	0.000663408	0.300000	0.000663409	0.300000	0.000719282	0.300000	3.96782e-06	
0.350000	0.00051826	0.350000	0.000762109	0.350000	0.00070003	0.350000	0.00070003	0.350000	0.000700031	0.350000	0.000758612	0.350000	3.49786e-06	
0.400000	0.000551267	0.400000	0.000805617	0.400000	0.000729513	0.400000	0.000729513	0.400000	0.000729514	0.400000	0.000802483	0.400000	3.13406e-06	
0.450000	0.000581243	0.450000	0.000847651	0.450000	0.000750808	0.450000	0.000750808	0.450000	0.000750809	0.450000	0.000844807	0.450000	2.8434e-06	
0.500000	0.00060648	0.500000	0.000880652	0.500000	0.000766548	0.500000	0.000766548	0.500000	0.000766549	0.500000	0.000878046	0.500000	2.60541e-06	
0.600000	0.000623836	0.600000	0.00092688	0.600000	0.0007875 	0.600000	0.0007875 	0.600000	0.0007875 	0.600000	0.000924642	0.600000	2.23801e-06	
0.700000	0.000625596	0.700000	0.000952463	0.700000	0.000799913	0.700000	0.000799913	0.700000	0.000799914	0.700000	0.000950497	0.700000	1.96674e-06	
0.800000	0.000641993	0.800000	0.000963995	0.800000	0.000807148	0.800000	0.000807148	0.800000	0.000807149	0.800000	0.000962238	0.800000	1.75761e-06	
0.900000	0.000652927	0.900000	0.000968318	0.900000	0.000810891	0.900000	0.000810891	0.900000	0.000810891	0.900000	0.000966727	0.900000	1.5911e-06	
1.000000	0.000659793	1.000000	0.000967726	1.000000	0.000812104	1.000000	0.000812104	1.000000	0.000812105	1.000000	0.00096627	1.000000	1.45517e-06	
1.250000	0.000656456	1.250000	0.000942435	1.250000	0.000807698	1.250000	0.000807698	1.250000	0.000807698	1.250000	0.000941232	1.250000	1.2034e-06	
1.500000	0.000642191	1.500000	0.000905722	1.500000	0.000796722	1.500000	0.000796722	1.500000	0.000796722	1.500000	0.000904693	1.500000	1.02957e-06	
1.750000	0.000626016	1.750000	0.000871209	1.750000	0.000782162	1.750000	0.000782162	1.750000	0.000782162	1.750000	0.000870307	1.750000	9.01864e-07	
2.000000	0.000607023	2.000000	0.000835964	2.000000	0.000763029	2.000000	0.000763029	2.000000	0.000763029	2.000000	0.00083516	2.000000	8.03816e-07	
2.250000	0.000588432	2.250000	0.000801954	2.250000	0.000741883	2.250000	0.000741883	2.250000	0.000741884	2.250000	0.000801228	2.250000	7.26018e-07	
2.500000	0.00068073	2.500000	0.00077171	2.500000	0.000721892	2.500000	0.000721892	2.500000	0.000721892	2.500000	0.000771048	2.500000	6.62686e-07	
3.000000	0.000641494	3.000000	0.000719361	3.000000	0.000684944	3.000000	0.000684944	3.000000	0.000684945	3.000000	0.000718796	3.000000	5.65606e-07	
3.500000	0.000605187	3.500000	0.000674226	3.500000	0.000651557	3.500000	0.000651557	3.500000	0.000651558	3.500000	0.000673732	3.500000	4.94493e-07	
4.000000	0.000572238	4.000000	0.000635781	4.000000	0.000621269	4.000000	0.000621269	4.000000	0.00062127	4.000000	0.000635341	4.000000	4.40024e-07	
4.500000	0.000542514	4.500000	0.000603093	4.500000	0.000593691	4.500000	0.000593691	4.500000	0.000593691	4.500000	0.000602696	4.500000	3.9689e-07	
5.000000	0.000515709	5.000000	0.000574396	5.000000	0.000568488	5.000000	0.000568488	5.000000	0.000568489	5.000000	0.000574034	5.000000	3.61836e-07	
5.500000	0.000491486	5.500000	0.000548652	5.500000	0.000545375	5.500000	0.000545375	5.500000	0.000545375	5.500000	0.000548319	5.500000	3.32753e-07	
6.000000	0.000469527	6.000000	0.000525383	6.000000	0.000524104	6.000000	0.000524104	6.000000	0.000524104	6.000000	0.000525074	6.000000	3.08214e-07	
6.500000	0.000449549	6.500000	0.000504129	6.500000	0.000504465	6.500000	0.000504465	6.500000	0.000504465	6.500000	0.000503842	6.500000	2.87214e-07	
7.000000	0.000431306	7.000000	0.000484566	7.000000	0.000486277	7.000000	0.000486277	7.000000	0.000486277	7.000000	0.000484296	7.000000	2.69027e-07	
7.500000	0.000414587	7.500000	0.000466493	7.500000	0.000469383	7.500000	0.000469383	7.500000	0.000469383	7.500000	0.00046624	7.500000	2.53115e-07	
8.000000	0.00039921	8.000000	0.000449744	8.000000	0.000453649	8.000000	0.000453649	8.000000	0.000453649	8.000000	0.000449504	8.000000	2.3907e-07	
8.500000	0.000385022	8.500000	0.000434172	8.500000	0.000438957	8.500000	0.000438957	8.500000	0.000438958	8.500000	0.000433946	8.500000	2.26576e-07	
9.000000	0.000371891	9.000000	0.000419654	9.000000	0.000425208	9.000000	0.000425208	9.000000	0.000425208	9.000000	0.000419438	9.000000	2.15385e-07	
9.500000	0.0003597 	9.500000	0.000406084	9.500000	0.00041231	9.500000	0.00041231	9.500000	0.00041231	9.500000	0.000405879	9.500000	2.05301e-07	
10.000000	0.000348353	10.000000	0.000377009	10.000000	0.000400187	10.000000	0.000400187	10.000000	0.000400187	10.000000	0.000376813	10.000000	1.96164e-07	
11.000000	0.000327858	11.000000	0.000359663	11.000000	0.000376158	11.000000	0.00037847	11.000000	0.000379018	11.000000	0.000359482	11.000000	1.80237e-07	
12.000000	0.000309844	12.000000	0.000343762	12.000000	0.00035503	12.000000	0.000359137	12.000000	0.000359958	12.000000	0.000343595	12.000000	1.66812e-07	
13.000000	0.000293881	13.000000	0.000329174	13.000000	0.000336314	13.000000	0.000341826	13.000000	0.000342735	13.000000	0.000329019	13.000000	1.55335e-07	
14.000000	0.000279632	14.000000	0.000315766	14.000000	0.000319632	14.000000	0.000326244	14.000000	0.000327119	14.000000	0.00031562	14.000000	1.45404e-07	
15.000000	0.00026683	15.000000	0.000303415	15.000000	0.000304688	15.000000	0.000312153	15.000000	0.000312912	15.000000	0.000303278	15.000000	1.36722e-07	
16.000000	0.000255262	16.000000	0.000292011	16.000000	0.000291225	16.000000	0.000299355	16.000000	0.000299949	16.000000	0.000291882	16.000000	1.29064e-07	
17.000000	0.000244754	17.000000	0.000281456	17.000000	0.000279037	17.000000	0.000287686	17.000000	0.000288087	17.000000	0.000281333	17.000000	1.22256e-07	
18.000000	0.000235164	18.000000	0.000271662	18.000000	0.000267967	18.000000	0.000277011	18.000000	0.000277191	18.000000	0.000271545	18.000000	1.16163e-07	
19.000000	0.000226375	19.000000	0.000262552	19.000000	0.000257878	19.000000	0.000267213	19.000000	0.000267172	19.000000	0.000262442	19.000000	1.10675e-07	
20.000000	0.000218288	20.000000	0.000254061	20.000000	0.000248651	20.000000	0.000258195	20.000000	0.000257939	20.000000	0.000253955	20.000000	1.05705e-07	
21.000000	0.000210821	21.000000	0.000246128	21.000000	0.000240185	21.000000	0.000249872	21.000000	0.000249391	21.000000	0.000246027	21.000000	1.01183e-07	
22.000000	0.000203904	22.000000	0.000238701	22.000000	0.000232396	22.000000	0.000242172	22.000000	0.000241487	22.000000	0.000238604	22.000000	9.70487e-08	
23.000000	0.000197477	23.000000	0.000231734	23.000000	0.000225213	23.000000	0.000235033	23.000000	0.000234148	23.000000	0.000231641	23.000000	9.32543e-08	
24.000000	0.000191489	24.000000	0.000225186	24.000000	0.00021858	24.000000	0.000228401	24.000000	0.000227331	24.000000	0.000225096	24.000000	8.97587e-08	
25.000000	0.000185895	25.000000	0.000219021	25.000000	0.000212439	25.000000	0.000222228	25.000000	0.000220984	25.000000	0.000218935	25.000000	8.65275e-08	
27.000000	0.000175742	27.000000	0.000207715	27.000000	0.000201437	27.000000	0.000211097	27.000000	0.000209544	27.000000	0.000207634	27.000000	8.07451e-08	
29.000000	0.000166763	29.000000	0.000197595	29.000000	0.000191898	29.000000	0.000201363	29.000000	0.000199551	29.000000	0.00019752	29.000000	7.57184e-08	
31.000000	0.000158763	31.000000	0.000188486	31.000000	0.000183431	31.000000	0.000192207	31.000000	0.000190282	31.000000	0.000188415	31.000000	7.13066e-08	
33.000000	0.000151586	33.000000	0.000180243	33.000000	0.000175663	33.000000	0.000183433	33.000000	0.000181534	33.000000	0.000180176	33.000000	6.74017e-08	
35.000000	0.000145111	35.000000	0.00017275	35.000000	0.000168584	35.000000	0.000175491	35.000000	0.000173645	35.000000	0.000172686	35.000000	6.392e-08 	
38.000000	0.000136497	38.000000	0.000162707	38.000000	0.00015906	38.000000	0.000164898	38.000000	0.000163161	38.000000	0.000162648	38.000000	5.93497e-08	
41.000000	0.000128976	41.000000	0.00015387	41.000000	0.000150666	41.000000	0.000155625	41.000000	0.000154016	41.000000	0.000153815	41.000000	5.54147e-08	
44.000000	0.000122348	44.000000	0.000146035	44.000000	0.000143198	44.000000	0.00014744	44.000000	0.000145966	44.000000	0.000145983	44.000000	5.19894e-08	
47.000000	0.000116461	47.000000	0.000139041	47.000000	0.000136516	47.000000	0.000140162	47.000000	0.000138825	47.000000	0.000138992	47.000000	4.89796e-08	
50.000000	0.000111193	50.000000	0.00013276	50.000000	0.000130507	50.000000	0.000133647	50.000000	0.000132447	50.000000	0.000132713	50.000000	4.6313e-08	
55.000000	0.000103544	55.000000	0.000123602	55.000000	0.00012173	55.000000	0.000124187	55.000000	0.000123197	55.000000	0.000123559	55.000000	4.24839e-08	
60.000000	9.70285e-05	60.000000	0.000115774	60.000000	0.000114209	60.000000	0.000116135	60.000000	0.000115336	60.000000	0.000115735	60.000000	3.92626e-08	
65.000000	9.14076e-05	65.000000	0.000109006	65.000000	0.000107679	65.000000	0.000109199	65.000000	0.000108568	65.000000	0.00010897	65.000000	3.65133e-08	
70.000000	8.65055e-05	70.000000	0.000103097	70.000000	0.000101977	70.000000	0.000103161	70.000000	0.000102679	70.000000	0.000103063	70.000000	3.4138e-08	
75.000000	8.21902e-05	75.000000	9.78925e-05	75.000000	9.6941e-05	75.000000	9.78575e-05	75.000000	9.75067e-05	75.000000	9.78604e-05	75.000000	3.20645e-08	
80.000000	7.83603e-05	80.000000	9.32741e-05	80.000000	9.24691e-05	80.000000	9.31619e-05	80.000000	9.29269e-05	80.000000	9.32439e-05	80.000000	3.02379e-08	
85.000000	7.49367e-05	85.000000	8.91479e-05	85.000000	8.84647e-05	85.000000	8.89752e-05	85.000000	8.88398e-05	85.000000	8.91193e-05	85.000000	2.86161e-08	
90.000000	7.18566e-05	90.000000	8.54393e-05	90.000000	8.48567e-05	90.000000	8.5219e-05	90.000000	8.51699e-05	90.000000	8.54121e-05	90.000000	2.7166e-08	
95.000000	6.90698e-05	95.000000	8.20879e-05	95.000000	8.15979e-05	95.000000	8.18299e-05	95.000000	8.18588e-05	95.000000	8.2062e-05	95.000000	2.58614e-08	
100.000000	6.65354e-05	100.000000	7.90444e-05	100.000000	7.86398e-05	100.000000	7.87566e-05	100.000000	7.88538e-05	100.000000	7.90197e-05	100.000000	2.46812e-08	
105.000000	6.42199e-05	105.000000	7.62683e-05	105.000000	7.59259e-05	105.000000	7.59568e-05	105.000000	7.61128e-05	105.000000	7.62447e-05	105.000000	2.36081e-08	
110.000000	6.20955e-05	110.000000	7.37257e-05	110.000000	7.34477e-05	110.000000	7.33956e-05	110.000000	7.36064e-05	110.000000	7.37031e-05	110.000000	2.2628e-08	
115.000000	6.01389e-05	115.000000	7.13885e-05	115.000000	7.11667e-05	115.000000	7.10438e-05	115.000000	7.12998e-05	115.000000	7.13667e-05	115.000000	2.17292e-08	
120.000000	5.83306e-05	120.000000	6.92326e-05	120.000000	6.90603e-05	120.000000	6.88765e-05	120.000000	6.91753e-05	120.000000	6.92117e-05	120.000000	2.09018e-08	
125.000000	5.66539e-05	125.000000	6.72377e-05	125.000000	6.71108e-05	125.000000	6.6873e-05	125.000000	6.72078e-05	125.000000	6.72176e-05	125.000000	2.01376e-08	
130.000000	5.50947e-05	130.000000	6.53866e-05	130.000000	6.5297e-05	130.000000	6.50153e-05	130.000000	6.53842e-05	130.000000	6.53671e-05	130.000000	1.94294e-08	
135.000000	5.36407e-05	135.000000	6.3664e-05	135.000000	6.36097e-05	135.000000	6.32881e-05	135.000000	6.36855e-05	135.000000	6.36453e-05	135.000000	1.87713e-08	
140.000000	5.22813e-05	140.000000	6.20572e-05	140.000000	6.20372e-05	140.000000	6.16781e-05	140.000000	6.21034e-05	140.000000	6.2039e-05	140.000000	1.8158e-08	
145.000000	5.10075e-05	145.000000	6.05548e-05	145.000000	6.05653e-05	145.000000	6.01738e-05	145.000000	6.06213e-05	145.000000	6.05372e-05	145.000000	1.75851e-08	
150.000000	4.98111e-05	150.000000	5.9147e-05	150.000000	5.91826e-05	150.000000	5.87651e-05	150.000000	5.92346e-05	150.000000	5.91299e-05	150.000000	1.70487e-08	
155.000000	4.81168e-05	155.000000	5.7825e-05	155.000000	5.78845e-05	155.000000	5.74433e-05	155.000000	5.79315e-05	155.000000	5.78085e-05	155.000000	1.65453e-08	
160.000000	4.71283e-05	160.000000	5.65814e-05	160.000000	5.66638e-05	160.000000	5.62005e-05	160.000000	5.67057e-05	160.000000	5.65653e-05	160.000000	1.60719e-08	
165.000000	4.61953e-05	165.000000	5.54093e-05	165.000000	5.55134e-05	165.000000	5.50299e-05	165.000000	5.55515e-05	165.000000	5.53937e-05	165.000000	1.56259e-08	
170.000000	4.53132e-05	170.000000	5.43028e-05	170.000000	5.44284e-05	170.000000	5.39254e-05	170.000000	5.446e-05 	170.000000	5.42876e-05	170.000000	1.52049e-08	
175.000000	4.44779e-05	175.000000	5.32564e-05	175.000000	5.34015e-05	175.000000	5.28816e-05	175.000000	5.34291e-05	175.000000	5.32416e-05	175.000000	1.48069e-08	
180.000000	4.36857e-05	180.000000	5.22655e-05	180.000000	5.24262e-05	180.000000	5.18937e-05	180.000000	5.24529e-05	180.000000	5.22511e-05	180.000000	1.443e-08 	
185.000000	4.29334e-05	185.000000	5.13258e-05	185.000000	5.15021e-05	185.000000	5.09572e-05	185.000000	5.15261e-05	185.000000	5.13117e-05	185.000000	1.40726e-08	
190.000000	4.22179e-05	190.000000	5.04334e-05	190.000000	5.06275e-05	190.000000	5.00684e-05	190.000000	5.06469e-05	190.000000	5.04196e-05	190.000000	1.37331e-08	
195.000000	4.15366e-05	195.000000	4.95848e-05	195.000000	4.97955e-05	195.000000	4.92237e-05	195.000000	4.98109e-05	195.000000	4.95713e-05	195.000000	1.34103e-08	
200.000000	4.08871e-05	200.000000	4.87768e-05	200.000000	4.9001e-05	200.000000	4.84199e-05	200.000000	4.90142e-05	200.000000	4.87637e-05	200.000000	1.31029e-08	
210.000000	3.96748e-05	210.000000	4.7272e-05	210.000000	4.75163e-05	210.000000	4.69238e-05	210.000000	4.7532e-05	210.000000	4.72594e-05	210.000000	1.25301e-08	
220.000000	3.85658e-05	220.000000	4.58989e-05	220.000000	4.61671e-05	220.000000	4.55601e-05	220.000000	4.61784e-05	220.000000	4.58869e-05	220.000000	1.2007e-08	
230.000000	3.75474e-05	230.000000	4.46412e-05	230.000000	4.49282e-05	230.000000	4.43122e-05	230.000000	4.49397e-05	230.000000	4.46297e-05	230.000000	1.15275e-08	
240.000000	3.66087e-05	240.000000	4.3485e-05	240.000000	4.37926e-05	240.000000	4.31662e-05	240.000000	4.38006e-05	240.000000	4.34739e-05	240.000000	1.10862e-08	
250.000000	3.57408e-05	250.000000	4.24185e-05	250.000000	4.27449e-05	250.000000	4.21101e-05	250.000000	4.27507e-05	250.000000	4.24078e-05	250.000000	1.06786e-08	
260.000000	3.49359e-05	260.000000	4.14319e-05	260.000000	4.17737e-05	260.000000	4.11341e-05	260.000000	4.17791e-05	260.000000	4.14216e-05	260.000000	1.03011e-08	
270.000000	3.41874e-05	270.000000	4.05165e-05	270.000000	4.08738e-05	270.000000	4.02294e-05	270.000000	4.08786e-05	270.000000	4.05065e-05	270.000000	9.95033e-09	
280.000000	3.34896e-05	280.000000	3.9665e-05	280.000000	4.00372e-05	280.000000	3.93887e-05	280.000000	4.00405e-05	280.000000	3.96554e-05	280.000000	9.62353e-09	
290.000000	3.28375e-05	290.000000	3.88711e-05	290.000000	3.92581e-05	290.000000	3.86055e-05	290.000000	3.92603e-05	290.000000	3.88618e-05	290.000000	9.3183e-09	
300.000000	3.22268e-05	300.000000	3.81292e-05	300.000000	3.8528e-05	300.000000	3.78744e-05	300.000000	3.85304e-05	300.000000	3.81201e-05	300.000000	9.03255e-09	
310.000000	3.16537e-05	310.000000	3.74343e-05	310.000000	3.78443e-05	310.000000	3.71903e-05	310.000000	3.78479e-05	310.000000	3.74256e-05	310.000000	8.76444e-09	
320.000000	3.11149e-05	320.000000	3.67824e-05	320.000000	3.72058e-05	320.000000	3.6549e-05	320.000000	3.72075e-05	320.000000	3.67739e-05	320.000000	8.51238e-09	
330.000000	3.06074e-05	330.000000	3.61695e-05	330.000000	3.66046e-05	330.000000	3.59468e-05	330.000000	3.66057e-05	330.000000	3.61613e-05	330.000000	8.27494e-09	
340.000000	3.01285e-05	340.000000	3.55924e-05	340.000000	3.60371e-05	340.000000	3.53803e-05	340.000000	3.60399e-05	340.000000	3.55844e-05	340.000000	8.05087e-09	
350.000000	2.9676e-05	350.000000	3.50481e-05	350.000000	3.55024e-05	350.000000	3.48464e-05	350.000000	3.55057e-05	350.000000	3.50403e-05	350.000000	7.83906e-09	
360.000000	2.92478e-05	360.000000	3.4534e-05	360.000000	3.49994e-05	360.000000	3.43426e-05	360.000000	3.50017e-05	360.000000	3.45264e-05	360.000000	7.63852e-09	
370.000000	2.8842e-05	370.000000	3.40476e-05	370.000000	3.45249e-05	370.000000	3.38665e-05	370.000000	3.45256e-05	370.000000	3.40402e-05	370.000000	7.44836e-09	
380.000000	2.8457e-05	380.000000	3.3587e-05	380.000000	3.40745e-05	380.000000	3.3416e-05	380.000000	3.40741e-05	380.000000	3.35797e-05	380.000000	7.26779e-09	
390.000000	2.80912e-05	390.000000	3.315e-05 	390.000000	3.36465e-05	390.000000	3.2989e-05	390.000000	3.36466e-05	390.000000	3.31429e-05	390.000000	7.09609e-09	
400.000000	2.77433e-05	400.000000	3.27351e-05	400.000000	3.32406e-05	400.000000	3.25839e-05	400.000000	3.32411e-05	400.000000	3.27282e-05	400.000000	6.93261e-09	
410.000000	2.74119e-05	410.000000	3.23407e-05	410.000000	3.28552e-05	410.000000	3.21992e-05	410.000000	3.28552e-05	410.000000	3.23339e-05	410.000000	6.77677e-09	
420.000000	2.70961e-05	420.000000	3.19653e-05	420.000000	3.24885e-05	420.000000	3.18334e-05	420.000000	3.24884e-05	420.000000	3.19587e-05	420.000000	6.62804e-09	
430.000000	2.67948e-05	430.000000	3.16077e-05	430.000000	3.21395e-05	430.000000	3.14852e-05	430.000000	3.21394e-05	430.000000	3.16012e-05	430.000000	6.48593e-09	
440.000000	2.6507e-05	440.000000	3.12666e-05	440.000000	3.18072e-05	440.000000	3.11534e-05	440.000000	3.18066e-05	440.000000	3.12603e-05	440.000000	6.35002e-09	
450.000000	2.62319e-05	450.000000	3.09411e-05	450.000000	3.14899e-05	450.000000	3.0837e-05	450.000000	3.1489e-05	450.000000	3.09349e-05	450.000000	6.21989e-09	
460.000000	2.59687e-05	460.000000	3.06301e-05	460.000000	3.1186e-05	460.000000	3.05349e-05	460.000000	3.11859e-05	460.000000	3.0624e-05	460.000000	6.09519e-09	
470.000000	2.57167e-05	470.000000	3.03327e-05	470.000000	3.08952e-05	470.000000	3.02464e-05	470.000000	3.08964e-05	470.000000	3.03268e-05	470.000000	5.97557e-09	
480.000000	2.54752e-05	480.000000	3.00482e-05	480.000000	3.06174e-05	480.000000	2.99705e-05	480.000000	3.06192e-05	480.000000	3.00423e-05	480.000000	5.86072e-09	
490.000000	2.52436e-05	490.000000	2.97757e-05	490.000000	3.03525e-05	490.000000	2.97065e-05	490.000000	3.03539e-05	490.000000	2.97699e-05	490.000000	5.75037e-09	
500.000000	2.50214e-05	500.000000	2.95145e-05	500.000000	3.00991e-05	500.000000	2.94536e-05	500.000000	3.00999e-05	500.000000	2.95089e-05	500.000000	5.64425e-09	
520.000000	2.46029e-05	520.000000	2.90237e-05	520.000000	2.96234e-05	520.000000	2.8979e-05	520.000000	2.96229e-05	520.000000	2.90182e-05	520.000000	5.44375e-09	
540.000000	2.42161e-05	540.000000	2.85711e-05	540.000000	2.91831e-05	540.000000	2.85419e-05	540.000000	2.91833e-05	540.000000	2.85658e-05	540.000000	5.25751e-09	
560.000000	2.38578e-05	560.000000	2.81527e-05	560.000000	2.87764e-05	560.000000	2.81384e-05	560.000000	2.87776e-05	560.000000	2.81476e-05	560.000000	5.08402e-09	
580.000000	2.3525e-05	580.000000	2.77651e-05	580.000000	2.84018e-05	580.000000	2.7765e-05	580.000000	2.84017e-05	580.000000	2.77601e-05	580.000000	4.92202e-09	
600.000000	2.32155e-05	600.000000	2.74052e-05	600.000000	2.80531e-05	600.000000	2.74188e-05	600.000000	2.80535e-05	600.000000	2.74005e-05	600.000000	4.77038e-09	
620.000000	2.29271e-05	620.000000	2.70706e-05	620.000000	2.77284e-05	620.000000	2.70972e-05	620.000000	2.77293e-05	620.000000	2.7066e-05	620.000000	4.62813e-09	
640.000000	2.26579e-05	640.000000	2.67588e-05	640.000000	2.74275e-05	640.000000	2.67978e-05	640.000000	2.74277e-05	640.000000	2.67543e-05	640.000000	4.49441e-09	
660.000000	2.24063e-05	660.000000	2.64679e-05	660.000000	2.71471e-05	660.000000	2.65186e-05	660.000000	2.71465e-05	660.000000	2.64636e-05	660.000000	4.36847e-09	
680.000000	2.21707e-05	680.000000	2.61961e-05	680.000000	2.6884e-05	680.000000	2.62579e-05	680.000000	2.68835e-05	680.000000	2.61918e-05	680.000000	4.24965e-09	
700.000000	2.195e-05 	700.000000	2.59417e-05	700.000000	2.66373e-05	700.000000	2.60141e-05	700.000000	2.66378e-05	700.000000	2.59375e-05	700.000000	4.13734e-09	
720.000000	2.17429e-05	720.000000	2.57033e-05	720.000000	2.64063e-05	720.000000	2.57857e-05	720.000000	2.64074e-05	720.000000	2.56993e-05	720.000000	4.03102e-09	
740.000000	2.15483e-05	740.000000	2.54798e-05	740.000000	2.61903e-05	740.000000	2.55716e-05	740.000000	2.61912e-05	740.000000	2.54759e-05	740.000000	3.93021e-09	
760.000000	2.13654e-05	760.000000	2.52699e-05	760.000000	2.59882e-05	760.000000	2.53705e-05	760.000000	2.59884e-05	760.000000	2.52661e-05	760.000000	3.83451e-09	
780.000000	2.11934e-05	780.000000	2.50726e-05	780.000000	2.57982e-05	780.000000	2.51814e-05	780.000000	2.57974e-05	780.000000	2.50689e-05	780.000000	3.74351e-09	
800.000000	2.10313e-05	800.000000	2.4887e-05	800.000000	2.56188e-05	800.000000	2.50035e-05	800.000000	2.56177e-05	800.000000	2.48834e-05	800.000000	3.65688e-09	
820.000000	2.08786e-05	820.000000	2.47123e-05	820.000000	2.54492e-05	820.000000	2.4836e-05	820.000000	2.54485e-05	820.000000	2.47087e-05	820.000000	3.57432e-09	
840.000000	2.07346e-05	840.000000	2.45477e-05	840.000000	2.52892e-05	840.000000	2.46779e-05	840.000000	2.52889e-05	840.000000	2.45442e-05	840.000000	3.49552e-09	
860.000000	2.05988e-05	860.000000	2.43925e-05	860.000000	2.51383e-05	860.000000	2.45288e-05	860.000000	2.5138e-05	860.000000	2.4389e-05	860.000000	3.42025e-09	
880.000000	2.04705e-05	880.000000	2.4246e-05	880.000000	2.49958e-05	880.000000	2.4388e-05	880.000000	2.49957e-05	880.000000	2.42427e-05	880.000000	3.34826e-09	
900.000000	2.03494e-05	900.000000	2.41078e-05	900.000000	2.48611e-05	900.000000	2.42548e-05	900.000000	2.48612e-05	900.000000	2.41046e-05	900.000000	3.27935e-09	
920.000000	2.0235e-05	920.000000	2.39773e-05	920.000000	2.47336e-05	920.000000	2.41289e-05	920.000000	2.47336e-05	920.000000	2.39741e-05	920.000000	3.21331e-09	
940.000000	2.01269e-05	940.000000	2.3854e-05	940.000000	2.46129e-05	940.000000	2.40097e-05	940.000000	2.46129e-05	940.000000	2.38509e-05	940.000000	3.14998e-09	
960.000000	2.00248e-05	960.000000	2.37375e-05	960.000000	2.44986e-05	960.000000	2.38967e-05	960.000000	2.44987e-05	960.000000	2.37344e-05	960.000000	3.08918e-09	
980.000000	1.99282e-05	980.000000	2.36274e-05	980.000000	2.43902e-05	980.000000	2.37897e-05	980.000000	2.43905e-05	980.000000	2.36243e-05	980.000000	3.03076e-09	
1000.000000	1.98369e-05	1000.000000	2.35232e-05	1000.000000	2.42873e-05	1000.000000	2.36882e-05	1000.000000	2.42875e-05	1000.000000	2.35202e-05	1000.000000	2.97459e-09	
1020.000000	1.97506e-05	1020.000000	2.34247e-05	1020.000000	2.41898e-05	1020.000000	2.35918e-05	1020.000000	2.41899e-05	1020.000000	2.34218e-05	1020.000000	2.92053e-09	
1040.000000	1.9669e-05	1040.000000	2.33315e-05	1040.000000	2.40971e-05	1040.000000	2.35004e-05	1040.000000	2.40973e-05	1040.000000	2.33286e-05	1040.000000	2.86848e-09	
1060.000000	1.95918e-05	1060.000000	2.32434e-05	1060.000000	2.40091e-05	1060.000000	2.34135e-05	1060.000000	2.40094e-05	1060.000000	2.32405e-05	1060.000000	2.81831e-09	
1080.000000	1.95189e-05	1080.000000	2.316e-05 	1080.000000	2.39254e-05	1080.000000	2.3331e-05	1080.000000	2.39257e-05	1080.000000	2.31572e-05	1080.000000	2.76992e-09	
1100.000000	1.945e-05 	1100.000000	2.30811e-05	1100.000000	2.38459e-05	1100.000000	2.32526e-05	1100.000000	2.38461e-05	1100.000000	2.30784e-05	1100.000000	2.72323e-09	
1120.000000	1.93849e-05	1120.000000	2.30065e-05	1120.000000	2.37702e-05	1120.000000	2.3178e-05	1120.000000	2.37704e-05	1120.000000	2.30038e-05	1120.000000	2.67814e-09	
1140.000000	1.93234e-05	1140.000000	2.29359e-05	1140.000000	2.36982e-05	1140.000000	2.3107e-05	1140.000000	2.36985e-05	1140.000000	2.29333e-05	1140.000000	2.63457e-09	
1160.000000	1.92654e-05	1160.000000	2.28692e-05	1160.000000	2.36297e-05	1160.000000	2.30395e-05	1160.000000	2.363e-05 	1160.000000	2.28666e-05	1160.000000	2.59244e-09	
1180.000000	1.92106e-05	1180.000000	2.28061e-05	1180.000000	2.35645e-05	1180.000000	2.29752e-05	1180.000000	2.35646e-05	1180.000000	2.28036e-05	1180.000000	2.55169e-09	
1200.000000	1.9159e-05	1200.000000	2.27465e-05	1200.000000	2.35024e-05	1200.000000	2.2914e-05	1200.000000	2.35025e-05	1200.000000	2.2744e-05	1200.000000	2.51224e-09	
1220.000000	1.91104e-05	1220.000000	2.26902e-05	1220.000000	2.34432e-05	1220.000000	2.28557e-05	1220.000000	2.34433e-05	1220.000000	2.26878e-05	1220.000000	2.47404e-09	
1240.000000	1.90646e-05	1240.000000	2.26371e-05	1240.000000	2.33868e-05	1240.000000	2.28002e-05	1240.000000	2.3387e-05	1240.000000	2.26347e-05	1240.000000	2.43702e-09	
1260.000000	1.90216e-05	1260.000000	2.2587e-05	1260.000000	2.33331e-05	1260.000000	2.27473e-05	1260.000000	2.33333e-05	1260.000000	2.25846e-05	1260.000000	2.40113e-09	
1280.000000	1.89811e-05	1280.000000	2.25397e-05	1280.000000	2.32819e-05	1280.000000	2.2697e-05	1280.000000	2.3282e-05	1280.000000	2.25373e-05	1280.000000	2.36632e-09	
1300.000000	1.89432e-05	1300.000000	2.24951e-05	1300.000000	2.32331e-05	1300.000000	2.2649e-05	1300.000000	2.32331e-05	1300.000000	2.24928e-05	1300.000000	2.33254e-09	
1320.000000	1.89076e-05	1320.000000	2.24532e-05	1320.000000	2.31866e-05	1320.000000	2.26032e-05	1320.000000	2.31866e-05	1320.000000	2.24509e-05	1320.000000	2.29974e-09	
1340.000000	1.88744e-05	1340.000000	2.24138e-05	1340.000000	2.31423e-05	1340.000000	2.25596e-05	1340.000000	2.31423e-05	1340.000000	2.24115e-05	1340.000000	2.26788e-09	
1360.000000	1.88433e-05	1360.000000	2.23767e-05	1360.000000	2.31e-05  	1360.000000	2.25181e-05	1360.000000	2.31e-05  	1360.000000	2.23745e-05	1360.000000	2.23693e-09	
1380.000000	1.88143e-05	1380.000000	2.23419e-05	1380.000000	2.30597e-05	1380.000000	2.24785e-05	1380.000000	2.30596e-05	1380.000000	2.23397e-05	1380.000000	2.20684e-09	
1400.000000	1.87874e-05	1400.000000	2.23094e-05	1400.000000	2.30213e-05	1400.000000	2.24407e-05	1400.000000	2.30211e-05	1400.000000	2.23072e-05	1400.000000	2.17757e-09	
1420.000000	1.87624e-05	1420.000000	2.22789e-05	1420.000000	2.29847e-05	1420.000000	2.24047e-05	1420.000000	2.29844e-05	1420.000000	2.22767e-05	1420.000000	2.1491e-09	
1440.000000	1.87393e-05	1440.000000	2.22504e-05	1440.000000	2.29497e-05	1440.000000	2.23704e-05	1440.000000	2.29495e-05	1440.000000	2.22483e-05	1440.000000	2.12139e-09	
1460.000000	1.87179e-05	1460.000000	2.22239e-05	1460.000000	2.29164e-05	1460.000000	2.23378e-05	1460.000000	2.29163e-05	1460.000000	2.22218e-05	1460.000000	2.0944e-09	
1480.000000	1.86983e-05	1480.000000	2.21992e-05	1480.000000	2.28847e-05	1480.000000	2.23066e-05	1480.000000	2.28844e-05	1480.000000	2.21971e-05	1480.000000	2.06812e-09	
1500.000000	1.86804e-05	1500.000000	2.21763e-05	1500.000000	2.28544e-05	1500.000000	2.2277e-05	1500.000000	2.28541e-05	1500.000000	2.21742e-05	1500.000000	2.04252e-09	
1520.000000	1.86641e-05	1520.000000	2.21551e-05	1520.000000	2.28256e-05	1520.000000	2.22487e-05	1520.000000	2.28252e-05	1520.000000	2.21531e-05	1520.000000	2.01756e-09	
1540.000000	1.86493e-05	1540.000000	2.21355e-05	1540.000000	2.27981e-05	1540.000000	2.22218e-05	1540.000000	2.27977e-05	1540.000000	2.21335e-05	1540.000000	1.99322e-09	
1560.000000	1.8636e-05	1560.000000	2.21176e-05	1560.000000	2.2772e-05	1560.000000	2.21962e-05	1560.000000	2.27716e-05	1560.000000	2.21156e-05	1560.000000	1.96949e-09	
1580.000000	1.86242e-05	1580.000000	2.21011e-05	1580.000000	2.27471e-05	1580.000000	2.21718e-05	1580.000000	2.27467e-05	1580.000000	2.20992e-05	1580.000000	1.94633e-09	
1600.000000	1.86138e-05	1600.000000	2.20861e-05	1600.000000	2.27234e-05	1600.000000	2.21486e-05	1600.000000	2.2723e-05	1600.000000	2.20842e-05	1600.000000	1.92373e-09	
1620.000000	1.86047e-05	1620.000000	2.20726e-05	1620.000000	2.27009e-05	1620.000000	2.21266e-05	1620.000000	2.27003e-05	1620.000000	2.20707e-05	1620.000000	1.90167e-09	
1640.000000	1.85969e-05	1640.000000	2.20604e-05	1640.000000	2.26795e-05	1640.000000	2.21056e-05	1640.000000	2.26788e-05	1640.000000	2.20585e-05	1640.000000	1.88012e-09	
1660.000000	1.85903e-05	1660.000000	2.20495e-05	1660.000000	2.26592e-05	1660.000000	2.20857e-05	1660.000000	2.26583e-05	1660.000000	2.20476e-05	1660.000000	1.85908e-09	
1680.000000	1.8585e-05	1680.000000	2.20398e-05	1680.000000	2.26399e-05	1680.000000	2.20668e-05	1680.000000	2.26389e-05	1680.000000	2.2038e-05	1680.000000	1.83851e-09	
1700.000000	1.85809e-05	1700.000000	2.20314e-05	1700.000000	2.26215e-05	1700.000000	2.20488e-05	1700.000000	2.26205e-05	1700.000000	2.20296e-05	1700.000000	1.81842e-09	
1750.000000	1.85754e-05	1750.000000	2.20155e-05	1750.000000	2.25794e-05	1750.000000	2.20078e-05	1750.000000	2.25784e-05	1750.000000	2.20137e-05	1750.000000	1.7701e-09	
1800.000000	1.85766e-05	1800.000000	2.20063e-05	1800.000000	2.25425e-05	1800.000000	2.19721e-05	1800.000000	2.25415e-05	1800.000000	2.20046e-05	1800.000000	1.72438e-09	
1850.000000	1.85838e-05	1850.000000	2.20034e-05	1850.000000	2.25101e-05	1850.000000	2.19411e-05	1850.000000	2.25095e-05	1850.000000	2.20017e-05	1850.000000	1.68103e-09	
1900.000000	1.85967e-05	1900.000000	2.20062e-05	1900.000000	2.2482e-05	1900.000000	2.19144e-05	1900.000000	2.24817e-05	1900.000000	2.20045e-05	1900.000000	1.63988e-09	
1950.000000	1.86149e-05	1950.000000	2.20143e-05	1950.000000	2.24579e-05	1950.000000	2.18915e-05	1950.000000	2.24579e-05	1950.000000	2.20127e-05	1950.000000	1.60076e-09	
2000.000000	1.8638e-05	2000.000000	2.20273e-05	2000.000000	2.24375e-05	2000.000000	2.18723e-05	2000.000000	2.24378e-05	2000.000000	2.20257e-05	2000.000000	1.56353e-09	
2100.000000	1.86977e-05	2100.000000	2.20666e-05	2100.000000	2.24066e-05	2100.000000	2.18432e-05	2100.000000	2.2407e-05	2100.000000	2.20651e-05	2100.000000	1.49418e-09	
2200.000000	1.87736e-05	2200.000000	2.21216e-05	2200.000000	2.23871e-05	2200.000000	2.1825e-05	2200.000000	2.23873e-05	2200.000000	2.21202e-05	2200.000000	1.43092e-09	
2300.000000	1.88638e-05	2300.000000	2.21903e-05	2300.000000	2.23769e-05	2300.000000	2.18159e-05	2300.000000	2.23768e-05	2300.000000	2.21889e-05	2300.000000	1.37295e-09	
2400.000000	1.89667e-05	2400.000000	2.2271e-05	2400.000000	2.23744e-05	2400.000000	2.18145e-05	2400.000000	2.23742e-05	2400.000000	2.22697e-05	2400.000000	1.31965e-09	
2500.000000	1.90811e-05	2500.000000	2.23622e-05	2500.000000	2.23782e-05	2500.000000	2.18196e-05	2500.000000	2.23781e-05	2500.000000	2.23609e-05	2500.000000	1.27045e-09	
2600.000000	1.92058e-05	2600.000000	2.24627e-05	2600.000000	2.23876e-05	2600.000000	2.18302e-05	2600.000000	2.23877e-05	2600.000000	2.24614e-05	2600.000000	1.22491e-09	
2700.000000	1.93398e-05	2700.000000	2.25714e-05	2700.000000	2.24017e-05	2700.000000	2.18456e-05	2700.000000	2.2402e-05	2700.000000	2.25702e-05	2700.000000	1.18262e-09	
2800.000000	1.94824e-05	2800.000000	2.26875e-05	2800.000000	2.242e-05 	2800.000000	2.18649e-05	2800.000000	2.24205e-05	2800.000000	2.26864e-05	2800.000000	1.14324e-09	
2900.000000	1.96327e-05	2900.000000	2.28102e-05	2900.000000	2.24419e-05	2900.000000	2.18877e-05	2900.000000	2.24424e-05	2900.000000	2.28091e-05	2900.000000	1.10648e-09	
3000.000000	1.97902e-05	3000.000000	2.29387e-05	3000.000000	2.24669e-05	3000.000000	2.19134e-05	3000.000000	2.24673e-05	3000.000000	2.29377e-05	3000.000000	1.07208e-09	
3200.000000	2.01244e-05	3200.000000	2.32114e-05	3200.000000	2.25242e-05	3200.000000	2.19719e-05	3200.000000	2.25243e-05	3200.000000	2.32104e-05	3200.000000	1.00951e-09	
3400.000000	2.04815e-05	3400.000000	2.35015e-05	3400.000000	2.25891e-05	3400.000000	2.20377e-05	3400.000000	2.25889e-05	3400.000000	2.35005e-05	3400.000000	9.5405e-10	
3600.000000	2.08585e-05	3600.000000	2.38061e-05	3600.000000	2.26594e-05	3600.000000	2.21088e-05	3600.000000	2.26589e-05	3600.000000	2.38052e-05	3600.000000	9.04539e-10	
3800.000000	2.12532e-05	3800.000000	2.41228e-05	3800.000000	2.27334e-05	3800.000000	2.21837e-05	3800.000000	2.27327e-05	3800.000000	2.41219e-05	3800.000000	8.60062e-10	
4000.000000	2.16636e-05	4000.000000	2.44497e-05	4000.000000	2.28101e-05	4000.000000	2.22612e-05	4000.000000	2.28093e-05	4000.000000	2.44488e-05	4000.000000	8.19879e-10	
4200.000000	2.20883e-05	4200.000000	2.47852e-05	4200.000000	2.28885e-05	4200.000000	2.23405e-05	4200.000000	2.28877e-05	4200.000000	2.47844e-05	4200.000000	7.83393e-10	
4400.000000	2.2526e-05	4400.000000	2.51282e-05	4400.000000	2.2968e-05	4400.000000	2.24208e-05	4400.000000	2.29672e-05	4400.000000	2.51274e-05	4400.000000	7.50109e-10	
4600.000000	2.29757e-05	4600.000000	2.54775e-05	4600.000000	2.3048e-05	4600.000000	2.25017e-05	4600.000000	2.30474e-05	4600.000000	2.54767e-05	4600.000000	7.19621e-10	
4800.000000	2.34365e-05	4800.000000	2.58323e-05	4800.000000	2.31283e-05	4800.000000	2.25828e-05	4800.000000	2.31277e-05	4800.000000	2.58316e-05	4800.000000	6.91588e-10	
5000.000000	2.39077e-05	5000.000000	2.61918e-05	5000.000000	2.32084e-05	5000.000000	2.26637e-05	5000.000000	2.3208e-05	5000.000000	2.61912e-05	5000.000000	6.6572e-10	
5250.000000	2.45104e-05	5250.000000	2.66471e-05	5250.000000	2.33081e-05	5250.000000	2.27643e-05	5250.000000	2.33077e-05	5250.000000	2.66464e-05	5250.000000	6.36063e-10	
5500.000000	2.51274e-05	5500.000000	2.71078e-05	5500.000000	2.34068e-05	5500.000000	2.28639e-05	5500.000000	2.34065e-05	5500.000000	2.71072e-05	5500.000000	6.09012e-10	
6000.000000	2.64007e-05	6000.000000	2.80427e-05	6000.000000	2.36006e-05	6000.000000	2.30592e-05	6000.000000	2.36004e-05	6000.000000	2.80421e-05	6000.000000	5.6145e-10	
6500.000000	2.77224e-05	6500.000000	2.89914e-05	6500.000000	2.37886e-05	6500.000000	2.32485e-05	6500.000000	2.37883e-05	6500.000000	2.89909e-05	6500.000000	5.20971e-10	
7000.000000	2.90886e-05	7000.000000	2.99504e-05	7000.000000	2.39701e-05	7000.000000	2.34312e-05	7000.000000	2.39697e-05	7000.000000	2.99499e-05	7000.000000	4.86087e-10	
7500.000000	3.04965e-05	7500.000000	3.09171e-05	7500.000000	2.41439e-05	7500.000000	2.36072e-05	7500.000000	2.41444e-05	7500.000000	3.09166e-05	7500.000000	4.55705e-10	
8000.000000	3.1944e-05	8000.000000	3.18896e-05	8000.000000	2.43124e-05	8000.000000	2.37765e-05	8000.000000	2.43124e-05	8000.000000	3.18892e-05	8000.000000	4.28998e-10	
8500.000000	3.34294e-05	8500.000000	3.28665e-05	8500.000000	2.44747e-05	8500.000000	2.39394e-05	8500.000000	2.4474e-05	8500.000000	3.28661e-05	8500.000000	4.05331e-10	
9000.000000	3.49514e-05	9000.000000	3.38467e-05	9000.000000	2.46302e-05	9000.000000	2.40962e-05	9000.000000	2.46295e-05	9000.000000	3.38464e-05	9000.000000	3.8421e-10	
9500.000000	3.6509e-05	9500.000000	3.48294e-05	9500.000000	2.47798e-05	9500.000000	2.42471e-05	9500.000000	2.4779e-05	9500.000000	3.4829e-05	9500.000000	3.6524e-10	
10000.000000	3.81015e-05	10000.000000	3.58139e-05	10000.000000	2.49239e-05	10000.000000	2.43925e-05	10000.000000	2.4923e-05	10000.000000	3.58135e-05	10000.000000	3.48106e-10	
11000.000000	4.13884e-05	11000.000000	3.77862e-05	11000.000000	2.51963e-05	11000.000000	2.46679e-05	11000.000000	2.51956e-05	11000.000000	3.77859e-05	11000.000000	3.18366e-10	
12000.000000	4.48083e-05	12000.000000	3.97608e-05	12000.000000	2.54495e-05	12000.000000	2.49247e-05	12000.000000	2.54494e-05	12000.000000	3.97605e-05	12000.000000	2.93431e-10	
13000.000000	4.83586e-05	13000.000000	4.17357e-05	13000.000000	2.56863e-05	13000.000000	2.5165e-05	13000.000000	2.56865e-05	13000.000000	4.17354e-05	13000.000000	2.72213e-10	
14000.000000	5.20376e-05	14000.000000	4.37096e-05	14000.000000	2.59088e-05	14000.000000	2.53906e-05	14000.000000	2.59088e-05	14000.000000	4.37093e-05	14000.000000	2.53934e-10	
15000.000000	5.58442e-05	15000.000000	4.56816e-05	15000.000000	2.61185e-05	15000.000000	2.56031e-05	15000.000000	2.61177e-05	15000.000000	4.56814e-05	15000.000000	2.38017e-10	
16000.000000	5.97775e-05	16000.000000	4.76513e-05	16000.000000	2.6316e-05	16000.000000	2.58038e-05	16000.000000	2.63148e-05	16000.000000	4.76511e-05	16000.000000	2.24028e-10	
17000.000000	6.38373e-05	17000.000000	4.96182e-05	17000.000000	2.65024e-05	17000.000000	2.59939e-05	17000.000000	2.6501e-05	17000.000000	4.9618e-05	17000.000000	2.11634e-10	
18000.000000	6.80232e-05	18000.000000	5.15821e-05	18000.000000	2.66787e-05	18000.000000	2.61744e-05	18000.000000	2.66776e-05	18000.000000	5.15819e-05	18000.000000	2.00575e-10	
19000.000000	7.23352e-05	19000.000000	5.35429e-05	19000.000000	2.68462e-05	19000.000000	2.63463e-05	19000.000000	2.68452e-05	19000.000000	5.35427e-05	19000.000000	1.90644e-10	
20000.000000	7.67734e-05	20000.000000	5.55004e-05	20000.000000	2.70055e-05	20000.000000	2.65102e-05	20000.000000	2.70047e-05	20000.000000	5.55002e-05	20000.000000	1.81676e-10	
21000.000000	8.1338e-05	21000.000000	5.74546e-05	21000.000000	2.71575e-05	21000.000000	2.66669e-05	21000.000000	2.71569e-05	21000.000000	5.74544e-05	21000.000000	1.73536e-10	
22000.000000	8.60292e-05	22000.000000	5.94055e-05	22000.000000	2.73025e-05	22000.000000	2.6817e-05	22000.000000	2.73022e-05	22000.000000	5.94054e-05	22000.000000	1.66113e-10	
23000.000000	9.08473e-05	23000.000000	6.13532e-05	23000.000000	2.74412e-05	23000.000000	2.69609e-05	23000.000000	2.74412e-05	23000.000000	6.1353e-05	23000.000000	1.59316e-10	
24000.000000	9.57928e-05	24000.000000	6.32976e-05	24000.000000	2.75742e-05	24000.000000	2.70992e-05	24000.000000	2.75744e-05	24000.000000	6.32975e-05	24000.000000	1.53068e-10	
25000.000000	0.000100866	25000.000000	6.52388e-05	25000.000000	2.77023e-05	25000.000000	2.72323e-05	25000.000000	2.77023e-05	25000.000000	6.52387e-05	25000.000000	1.47304e-10	
26000.000000	0.000106068	26000.000000	6.71769e-05	26000.000000	2.78252e-05	26000.000000	2.73605e-05	26000.000000	2.7825e-05	26000.000000	6.71768e-05	26000.000000	1.41971e-10	
27000.000000	0.000111398	27000.000000	6.91119e-05	27000.000000	2.79431e-05	27000.000000	2.74842e-05	27000.000000	2.79432e-05	27000.000000	6.91118e-05	27000.000000	1.3702e-10	
28000.000000	0.000116857	28000.000000	7.10439e-05	28000.000000	2.80565e-05	28000.000000	2.76036e-05	28000.000000	2.80568e-05	28000.000000	7.10437e-05	28000.000000	1.32412e-10	
29000.000000	0.000122447	29000.000000	7.29729e-05	29000.000000	2.81661e-05	29000.000000	2.77192e-05	29000.000000	2.81665e-05	29000.000000	7.29727e-05	29000.000000	1.28112e-10	
30000.000000	0.000128167	30000.000000	7.4899e-05	30000.000000	2.8272e-05	30000.000000	2.7831e-05	30000.000000	2.82722e-05	30000.000000	7.48988e-05	30000.000000	1.2409e-10	
32000.000000	0.00014   	32000.000000	7.87427e-05	32000.000000	2.84736e-05	32000.000000	2.80445e-05	32000.000000	2.84732e-05	32000.000000	7.87426e-05	32000.000000	1.16778e-10	
34000.000000	0.000152362	34000.000000	8.25756e-05	34000.000000	2.86624e-05	34000.000000	2.82456e-05	34000.000000	2.86612e-05	34000.000000	8.25755e-05	34000.000000	1.10301e-10	
36000.000000	0.000165258	36000.000000	8.63981e-05	36000.000000	2.8839e-05	36000.000000	2.84358e-05	36000.000000	2.88376e-05	36000.000000	8.6398e-05	36000.000000	1.04523e-10	
38000.000000	0.000178694	38000.000000	9.02107e-05	38000.000000	2.90045e-05	38000.000000	2.86162e-05	38000.000000	2.90037e-05	38000.000000	9.02106e-05	38000.000000	9.93344e-11	
40000.000000	0.000192675	40000.000000	9.40139e-05	40000.000000	2.91604e-05	40000.000000	2.87876e-05	40000.000000	2.91604e-05	40000.000000	9.40138e-05	40000.000000	9.46498e-11	
42000.000000	0.000207206	42000.000000	9.7808e-05	42000.000000	2.9308e-05	42000.000000	2.8951e-05	42000.000000	2.93084e-05	42000.000000	9.78079e-05	42000.000000	9.03981e-11	
44000.000000	0.000222294	44000.000000	0.000101593	44000.000000	2.94485e-05	44000.000000	2.91071e-05	44000.000000	2.94489e-05	44000.000000	0.000101593	44000.000000	8.65217e-11	
46000.000000	0.000237944	46000.000000	0.00010537	46000.000000	2.95829e-05	46000.000000	2.92564e-05	46000.000000	2.95818e-05	46000.000000	0.00010537	46000.000000	8.29724e-11	
48000.000000	0.000254161	48000.000000	0.00010914	48000.000000	2.97113e-05	48000.000000	2.93996e-05	48000.000000	2.97085e-05	48000.000000	0.000109139	48000.000000	7.97103e-11	
50000.000000	0.000270953	50000.000000	0.000112901	50000.000000	2.98334e-05	50000.000000	2.95371e-05	50000.000000	2.98287e-05	50000.000000	0.000112901	50000.000000	7.67015e-11	
