! 64Co energy loss (dE/dX) in He
! apply ZOOM for details
Energy (MeV/u)1	0 - [He-base] F.Hubert et al, AD&ND Tables 46(1990)1	Energy (MeV/u)2	1 - [H -base] J.F.Ziegler et al,Pergamon Press,NY(low energy)	Energy (MeV/u)3	2 - ATIMA 1.2 LS-theory (recommended for high energy)	Energy (MeV/u)4	3 - ATIMA 1.2 without LS-correction	Energy (MeV/u)5	4 - ATIMA 1.4 H.Weick, improved mean charge formula for HI	Energy (MeV/u)6	5 - electrical component of [1] - J.F.Ziegler et al	Energy (MeV/u)7	6 - nuclear component of [1] - J.F.Ziegler et al	
0.001000	0.00013812	0.001000	0.000158055	0.001000	0.000138964	0.001000	0.000138964	0.001000	0.000138973	0.001000	3.99805e-05	0.001000	0.000118075	
0.002000	0.000139727	0.002000	0.000154349	0.002000	0.000132041	0.002000	0.000132041	0.002000	0.000132048	0.002000	5.18482e-05	0.002000	0.0001025 	
0.005000	0.000141561	0.005000	0.000146575	0.005000	0.000120174	0.005000	0.000120174	0.005000	0.000120178	0.005000	7.31074e-05	0.005000	7.34679e-05	
0.008000	0.000146008	0.008000	0.000145636	0.008000	0.000117517	0.008000	0.000117517	0.008000	0.00011752	0.008000	8.7198e-05	0.008000	5.84382e-05	
0.010000	0.000149561	0.010000	0.000146612	0.010000	0.000117856	0.010000	0.000117856	0.010000	0.000117858	0.010000	9.48086e-05	0.010000	5.18039e-05	
0.015000	0.000158915	0.015000	0.000151288	0.015000	0.000121806	0.015000	0.000121806	0.015000	0.000121808	0.015000	0.000110378	0.015000	4.09101e-05	
0.020000	0.000168091	0.020000	0.000157143	0.020000	0.000127601	0.020000	0.000127601	0.020000	0.000127603	0.020000	0.000122952	0.020000	3.41909e-05	
0.025000	0.000181775	0.025000	0.000163253	0.025000	0.000134006	0.025000	0.000134006	0.025000	0.000134008	0.025000	0.000133683	0.025000	2.95706e-05	
0.030000	0.000195494	0.030000	0.000169312	0.030000	0.000140574	0.030000	0.000140574	0.030000	0.000140575	0.030000	0.000143142	0.030000	2.617e-05 	
0.035000	0.000207586	0.035000	0.000177863	0.035000	0.000148906	0.035000	0.000148906	0.035000	0.000148907	0.035000	0.000154316	0.035000	2.35476e-05	
0.040000	0.000217847	0.040000	0.000195803	0.040000	0.000164517	0.040000	0.000164517	0.040000	0.000164518	0.040000	0.000174348	0.040000	2.1455e-05	
0.045000	0.000226035	0.045000	0.000212262	0.045000	0.000180424	0.045000	0.000180424	0.045000	0.000180425	0.045000	0.000192705	0.045000	1.95563e-05	
0.050000	0.000232443	0.050000	0.000227852	0.050000	0.000196853	0.050000	0.000196853	0.050000	0.000196854	0.050000	0.000209711	0.050000	1.81413e-05	
0.055000	0.000244021	0.055000	0.000242643	0.055000	0.000213468	0.055000	0.000213468	0.055000	0.000213469	0.055000	0.000225707	0.055000	1.69367e-05	
0.060000	0.000254495	0.060000	0.000256862	0.060000	0.000230168	0.060000	0.000230168	0.060000	0.000230169	0.060000	0.000240965	0.060000	1.58973e-05	
0.070000	0.000272259	0.070000	0.000284137	0.070000	0.000263504	0.070000	0.000263504	0.070000	0.000263504	0.070000	0.000269945	0.070000	1.41913e-05	
0.080000	0.000291857	0.080000	0.000310261	0.080000	0.000296332	0.080000	0.000296332	0.080000	0.000296333	0.080000	0.000297416	0.080000	1.28456e-05	
0.090000	0.000311827	0.090000	0.000335341	0.090000	0.000328274	0.090000	0.000328274	0.090000	0.000328275	0.090000	0.000323587	0.090000	1.17541e-05	
0.100000	0.000333924	0.100000	0.000361613	0.100000	0.000359055	0.100000	0.000359055	0.100000	0.000359056	0.100000	0.000350764	0.100000	1.0849e-05	
0.120000	0.00036365	0.120000	0.000425549	0.120000	0.000416433	0.120000	0.000416433	0.120000	0.000416433	0.120000	0.000416118	0.120000	9.43061e-06	
0.140000	0.000387788	0.140000	0.000482353	0.140000	0.000467638	0.140000	0.000467638	0.140000	0.000467639	0.140000	0.000473987	0.140000	8.36587e-06	
0.160000	0.000409115	0.160000	0.00053223	0.160000	0.000512536	0.160000	0.000512536	0.160000	0.000512536	0.160000	0.000524695	0.160000	7.53425e-06	
0.180000	0.000429153	0.180000	0.000575824	0.180000	0.000551409	0.180000	0.000551409	0.180000	0.00055141	0.180000	0.000568959	0.180000	6.865e-06 	
0.200000	0.00044864	0.200000	0.00061391	0.200000	0.000584778	0.200000	0.000584778	0.200000	0.000584778	0.200000	0.000607596	0.200000	6.31365e-06	
0.250000	0.000488957	0.250000	0.000700302	0.250000	0.00064825	0.250000	0.00064825	0.250000	0.000648251	0.250000	0.000695022	0.250000	5.27992e-06	
0.300000	0.000524414	0.300000	0.000767036	0.300000	0.000690733	0.300000	0.000690733	0.300000	0.000690733	0.300000	0.00076248	0.300000	4.55585e-06	
0.350000	0.000555054	0.350000	0.000816489	0.350000	0.000730675	0.350000	0.000730675	0.350000	0.000730675	0.350000	0.000812471	0.350000	4.01802e-06	
0.400000	0.000581872	0.400000	0.000853585	0.400000	0.000764926	0.400000	0.000764926	0.400000	0.000764926	0.400000	0.000849984	0.400000	3.60141e-06	
0.450000	0.000616555	0.450000	0.000898521	0.450000	0.00079027	0.450000	0.00079027	0.450000	0.000790271	0.450000	0.000895253	0.450000	3.26841e-06	
0.500000	0.000646034	0.500000	0.000937706	0.500000	0.000809489	0.500000	0.000809489	0.500000	0.000809489	0.500000	0.000934711	0.500000	2.99563e-06	
0.600000	0.000669076	0.600000	0.000994149	0.600000	0.000836125	0.600000	0.000836125	0.600000	0.000836125	0.600000	0.000991575	0.600000	2.57432e-06	
0.700000	0.000676407	0.700000	0.00103006	0.700000	0.000853003	0.700000	0.000853003	0.700000	0.000853004	0.700000	0.0010278 	0.700000	2.26306e-06	
0.800000	0.000694901	0.800000	0.00104465	0.800000	0.000863843	0.800000	0.000863843	0.800000	0.000863843	0.800000	0.00104262	0.800000	2.023e-06 	
0.900000	0.000706834	0.900000	0.00104901	0.900000	0.000870543	0.900000	0.000870543	0.900000	0.000870544	0.900000	0.00104718	0.900000	1.8318e-06	
1.000000	0.000714519	1.000000	0.00104835	1.000000	0.00087421	1.000000	0.00087421	1.000000	0.000874211	1.000000	0.00104668	1.000000	1.67565e-06	
1.250000	0.000718071	1.250000	0.00103228	1.250000	0.000874318	1.250000	0.000874318	1.250000	0.000874319	1.250000	0.0010309 	1.250000	1.38632e-06	
1.500000	0.000701731	1.500000	0.000990133	1.500000	0.000866245	1.500000	0.000866245	1.500000	0.000866245	1.500000	0.000988947	1.500000	1.18645e-06	
1.750000	0.000684118	1.750000	0.000952012	1.750000	0.00085352	1.750000	0.00085352	1.750000	0.000853521	1.750000	0.000950973	1.750000	1.03956e-06	
2.000000	0.000666199	2.000000	0.000917305	2.000000	0.000838182	2.000000	0.000838182	2.000000	0.000838183	2.000000	0.000916379	2.000000	9.26741e-07	
2.250000	0.000647772	2.250000	0.000882964	2.250000	0.000818122	2.250000	0.000818122	2.250000	0.000818123	2.250000	0.000882127	2.250000	8.372e-07 	
2.500000	0.000763409	2.500000	0.000851266	2.500000	0.000797353	2.500000	0.000797353	2.500000	0.000797354	2.500000	0.000850502	2.500000	7.64292e-07	
3.000000	0.00072173	3.000000	0.000796775	3.000000	0.000758759	3.000000	0.000758759	3.000000	0.000758759	3.000000	0.000796122	3.000000	6.52502e-07	
3.500000	0.00068265	3.500000	0.000750822	3.500000	0.000723661	3.500000	0.000723661	3.500000	0.000723662	3.500000	0.000750251	3.500000	5.70587e-07	
4.000000	0.000646876	4.000000	0.000710381	4.000000	0.000691646	4.000000	0.000691646	4.000000	0.000691646	4.000000	0.000709873	4.000000	5.07829e-07	
4.500000	0.0006144 	4.500000	0.000675009	4.500000	0.000662356	4.500000	0.000662356	4.500000	0.000662356	4.500000	0.000674551	4.500000	4.58118e-07	
5.000000	0.000584971	5.000000	0.000643458	5.000000	0.000635476	5.000000	0.000635476	5.000000	0.000635476	5.000000	0.00064304	5.000000	4.17713e-07	
5.500000	0.000558273	5.500000	0.000615134	5.500000	0.000610731	5.500000	0.000610731	5.500000	0.000610731	5.500000	0.00061475	5.500000	3.84185e-07	
6.000000	0.000533992	6.000000	0.000589554	6.000000	0.000587881	6.000000	0.000587881	6.000000	0.000587882	6.000000	0.000589198	6.000000	3.5589e-07	
6.500000	0.00051184	6.500000	0.000566269	6.500000	0.000566719	6.500000	0.000566719	6.500000	0.000566719	6.500000	0.000565937	6.500000	3.31673e-07	
7.000000	0.000491563	7.000000	0.000544938	7.000000	0.000547064	7.000000	0.000547064	7.000000	0.000547064	7.000000	0.000544627	7.000000	3.10699e-07	
7.500000	0.000472941	7.500000	0.000525245	7.500000	0.00052876	7.500000	0.00052876	7.500000	0.00052876	7.500000	0.000524953	7.500000	2.92345e-07	
8.000000	0.000455782	8.000000	0.000506992	8.000000	0.000511671	8.000000	0.000511671	8.000000	0.000511671	8.000000	0.000506716	8.000000	2.76144e-07	
8.500000	0.000439923	8.500000	0.000490013	8.500000	0.000495678	8.500000	0.000495678	8.500000	0.000495678	8.500000	0.000489751	8.500000	2.6173e-07	
9.000000	0.000425222	9.000000	0.000474172	9.000000	0.000480679	9.000000	0.000480679	9.000000	0.000480679	9.000000	0.000473923	9.000000	2.48819e-07	
9.500000	0.000411556	9.500000	0.000459342	9.500000	0.000466581	9.500000	0.000466581	9.500000	0.000466581	9.500000	0.000459105	9.500000	2.37183e-07	
10.000000	0.00039882	10.000000	0.000426893	10.000000	0.000453305	10.000000	0.000453305	10.000000	0.000453305	10.000000	0.000426667	10.000000	2.2664e-07	
11.000000	0.000375775	11.000000	0.000408019	11.000000	0.000426668	11.000000	0.000429511	11.000000	0.000430331	11.000000	0.000407811	11.000000	2.08259e-07	
12.000000	0.000355479	12.000000	0.000390639	12.000000	0.000403189	12.000000	0.000408267	12.000000	0.000409537	12.000000	0.000390446	12.000000	1.92765e-07	
13.000000	0.000337462	13.000000	0.000374631	13.000000	0.00038235	13.000000	0.000389193	13.000000	0.000390662	13.000000	0.000374451	13.000000	1.79516e-07	
14.000000	0.000321353	14.000000	0.000359867	14.000000	0.000363744	14.000000	0.000371984	14.000000	0.000373478	14.000000	0.000359699	14.000000	1.68052e-07	
15.000000	0.00030686	15.000000	0.000346227	15.000000	0.000347048	15.000000	0.000356386	15.000000	0.000357789	15.000000	0.000346069	15.000000	1.58028e-07	
16.000000	0.000293748	16.000000	0.000333598	16.000000	0.00033199	16.000000	0.000342191	16.000000	0.000343428	16.000000	0.000333449	16.000000	1.49186e-07	
17.000000	0.000281823	17.000000	0.00032188	17.000000	0.000318347	17.000000	0.000329226	17.000000	0.000330249	17.000000	0.000321739	17.000000	1.41326e-07	
18.000000	0.000270928	18.000000	0.000310984	18.000000	0.000305937	18.000000	0.000317343	18.000000	0.000318111	18.000000	0.00031085	18.000000	1.34289e-07	
19.000000	0.000260934	19.000000	0.000300829	19.000000	0.000294608	19.000000	0.00030642	19.000000	0.000306922	19.000000	0.000300701	19.000000	1.27951e-07	
20.000000	0.00025173	20.000000	0.000291345	20.000000	0.000284234	20.000000	0.00029635	20.000000	0.000296589	20.000000	0.000291223	20.000000	1.22212e-07	
21.000000	0.000243225	21.000000	0.000282469	21.000000	0.000274713	21.000000	0.000287044	21.000000	0.000287003	21.000000	0.000282352	21.000000	1.16988e-07	
22.000000	0.00023534	22.000000	0.000274146	22.000000	0.000265956	22.000000	0.000278424	22.000000	0.000278123	22.000000	0.000274034	22.000000	1.12213e-07	
23.000000	0.000228008	23.000000	0.000266327	23.000000	0.000257878	23.000000	0.000270421	23.000000	0.000269863	23.000000	0.000266219	23.000000	1.0783e-07	
24.000000	0.000221172	24.000000	0.000258968	24.000000	0.000250396	24.000000	0.000262978	24.000000	0.000262178	24.000000	0.000258865	24.000000	1.03792e-07	
25.000000	0.000214782	25.000000	0.000252031	25.000000	0.000243454	25.000000	0.000256042	25.000000	0.000255013	25.000000	0.000251931	25.000000	1.00059e-07	
27.000000	0.000203174	27.000000	0.000239284	27.000000	0.00023104	27.000000	0.000243518	27.000000	0.000242072	27.000000	0.00023919	27.000000	9.33788e-08	
29.000000	0.000192897	29.000000	0.000227849	29.000000	0.000220282	29.000000	0.000232544	29.000000	0.00023074	29.000000	0.000227762	29.000000	8.7571e-08	
31.000000	0.000183732	31.000000	0.000217536	31.000000	0.000210746	31.000000	0.000222172	31.000000	0.00022017	31.000000	0.000217453	31.000000	8.24732e-08	
33.000000	0.000175504	33.000000	0.000208187	33.000000	0.00020203	33.000000	0.000212188	33.000000	0.000210152	33.000000	0.000208109	33.000000	7.79609e-08	
35.000000	0.000168073	35.000000	0.000199674	35.000000	0.000194065	35.000000	0.000203136	35.000000	0.000201109	35.000000	0.0001996 	35.000000	7.39373e-08	
38.000000	0.000158181	38.000000	0.000188243	38.000000	0.00018335	38.000000	0.000191041	38.000000	0.000189081	38.000000	0.000188174	38.000000	6.86554e-08	
41.000000	0.000149534	41.000000	0.000178165	41.000000	0.000173869	41.000000	0.000180433	41.000000	0.000178578	41.000000	0.000178101	41.000000	6.41073e-08	
44.000000	0.000141908	44.000000	0.000169214	44.000000	0.000165407	44.000000	0.000171053	44.000000	0.000169325	44.000000	0.000169153	44.000000	6.01481e-08	
47.000000	0.000135129	47.000000	0.00016121	47.000000	0.000157823	47.000000	0.000162699	47.000000	0.000161111	47.000000	0.000161154	47.000000	5.66689e-08	
50.000000	0.00012906	50.000000	0.000154013	50.000000	0.000150991	50.000000	0.000155212	50.000000	0.000153768	50.000000	0.000153959	50.000000	5.35863e-08	
55.000000	0.000120239	55.000000	0.000143501	55.000000	0.000140991	55.000000	0.000144323	55.000000	0.00014311	55.000000	0.000143452	55.000000	4.91594e-08	
60.000000	0.000112719	60.000000	0.0001345 	60.000000	0.000132383	60.000000	0.00013504	60.000000	0.000134043	60.000000	0.000134455	60.000000	4.54349e-08	
65.000000	0.000106226	65.000000	0.000126706	65.000000	0.000124929	65.000000	0.000127031	65.000000	0.000126231	65.000000	0.000126664	65.000000	4.22558e-08	
70.000000	0.00010056	70.000000	0.000119892	70.000000	0.000118378	70.000000	0.000120051	70.000000	0.000119428	70.000000	0.000119852	70.000000	3.95091e-08	
75.000000	9.55689e-05	75.000000	0.000113883	75.000000	0.000112593	75.000000	0.000113914	75.000000	0.000113448	75.000000	0.000113846	75.000000	3.71112e-08	
80.000000	9.1137e-05	80.000000	0.000108546	80.000000	0.000107459	80.000000	0.000108476	80.000000	0.00010815	80.000000	0.000108511	80.000000	3.49987e-08	
85.000000	8.71733e-05	85.000000	0.000103773	85.000000	0.000102842	85.000000	0.000103623	85.000000	0.00010342	85.000000	0.00010374	85.000000	3.3123e-08	
90.000000	8.36058e-05	90.000000	9.94799e-05	90.000000	9.86913e-05	90.000000	9.9267e-05	90.000000	9.91701e-05	90.000000	9.94485e-05	90.000000	3.14458e-08	
95.000000	8.03767e-05	95.000000	9.55975e-05	95.000000	9.49278e-05	95.000000	9.53341e-05	95.000000	9.53343e-05	95.000000	9.55675e-05	95.000000	2.99367e-08	
100.000000	7.74391e-05	100.000000	9.20695e-05	100.000000	9.15095e-05	100.000000	9.17659e-05	100.000000	9.18517e-05	100.000000	9.2041e-05	100.000000	2.85715e-08	
105.000000	7.47543e-05	105.000000	8.88498e-05	105.000000	8.83814e-05	105.000000	8.85139e-05	105.000000	8.86738e-05	105.000000	8.88224e-05	105.000000	2.73302e-08	
110.000000	7.22903e-05	110.000000	8.58994e-05	110.000000	8.55161e-05	110.000000	8.55379e-05	110.000000	8.57672e-05	110.000000	8.58732e-05	110.000000	2.61964e-08	
115.000000	7.00204e-05	115.000000	8.31861e-05	115.000000	8.28757e-05	115.000000	8.28041e-05	115.000000	8.30909e-05	115.000000	8.31609e-05	115.000000	2.51566e-08	
120.000000	6.7922e-05	120.000000	8.06823e-05	120.000000	8.0436e-05	120.000000	8.02842e-05	120.000000	8.06258e-05	120.000000	8.06581e-05	120.000000	2.41994e-08	
125.000000	6.59758e-05	125.000000	7.83648e-05	125.000000	7.81801e-05	125.000000	7.7954e-05	125.000000	7.83419e-05	125.000000	7.83414e-05	125.000000	2.33152e-08	
130.000000	6.41656e-05	130.000000	7.62134e-05	130.000000	7.60855e-05	130.000000	7.57929e-05	130.000000	7.62248e-05	130.000000	7.61909e-05	130.000000	2.24959e-08	
135.000000	6.24772e-05	135.000000	7.42109e-05	135.000000	7.41306e-05	135.000000	7.37831e-05	135.000000	7.42519e-05	135.000000	7.41892e-05	135.000000	2.17344e-08	
140.000000	6.08984e-05	140.000000	7.23425e-05	140.000000	7.23066e-05	140.000000	7.19094e-05	140.000000	7.24145e-05	140.000000	7.23214e-05	140.000000	2.10248e-08	
145.000000	5.94187e-05	145.000000	7.0595e-05	145.000000	7.05999e-05	145.000000	7.01584e-05	145.000000	7.06926e-05	145.000000	7.05746e-05	145.000000	2.03619e-08	
150.000000	5.80287e-05	150.000000	6.89572e-05	150.000000	6.8996e-05	150.000000	6.85185e-05	150.000000	6.90814e-05	150.000000	6.89374e-05	150.000000	1.97412e-08	
155.000000	5.60581e-05	155.000000	6.7419e-05	155.000000	6.74898e-05	155.000000	6.69794e-05	155.000000	6.75669e-05	155.000000	6.73998e-05	155.000000	1.91586e-08	
160.000000	5.49095e-05	160.000000	6.59717e-05	160.000000	6.60733e-05	160.000000	6.55322e-05	160.000000	6.61422e-05	160.000000	6.5953e-05	160.000000	1.86108e-08	
165.000000	5.38252e-05	165.000000	6.46073e-05	165.000000	6.47382e-05	165.000000	6.41688e-05	165.000000	6.48006e-05	165.000000	6.45892e-05	165.000000	1.80947e-08	
170.000000	5.27999e-05	170.000000	6.33191e-05	170.000000	6.34784e-05	170.000000	6.28824e-05	170.000000	6.35315e-05	170.000000	6.33015e-05	170.000000	1.76076e-08	
175.000000	5.1829e-05	175.000000	6.21008e-05	175.000000	6.22864e-05	175.000000	6.16665e-05	175.000000	6.23328e-05	175.000000	6.20837e-05	175.000000	1.7147e-08	
180.000000	5.0908e-05	180.000000	6.09469e-05	180.000000	6.11545e-05	180.000000	6.05156e-05	180.000000	6.11976e-05	180.000000	6.09302e-05	180.000000	1.67108e-08	
185.000000	5.00332e-05	185.000000	5.98525e-05	185.000000	6.00801e-05	185.000000	5.94245e-05	185.000000	6.01197e-05	185.000000	5.98362e-05	185.000000	1.62972e-08	
190.000000	4.92013e-05	190.000000	5.8813e-05	190.000000	5.90604e-05	190.000000	5.83889e-05	190.000000	5.90971e-05	190.000000	5.87971e-05	190.000000	1.59043e-08	
195.000000	4.8409e-05	195.000000	5.78245e-05	195.000000	5.8091e-05	195.000000	5.74046e-05	195.000000	5.81246e-05	195.000000	5.78089e-05	195.000000	1.55307e-08	
200.000000	4.76536e-05	200.000000	5.68833e-05	200.000000	5.7168e-05	200.000000	5.64679e-05	200.000000	5.71976e-05	200.000000	5.68681e-05	200.000000	1.51749e-08	
210.000000	4.62435e-05	210.000000	5.51299e-05	210.000000	5.545e-05 	210.000000	5.47244e-05	210.000000	5.54733e-05	210.000000	5.51154e-05	210.000000	1.45119e-08	
220.000000	4.49533e-05	220.000000	5.35299e-05	220.000000	5.38777e-05	220.000000	5.3135e-05	220.000000	5.38978e-05	220.000000	5.3516e-05	220.000000	1.39065e-08	
230.000000	4.37683e-05	230.000000	5.20641e-05	230.000000	5.24369e-05	230.000000	5.16804e-05	230.000000	5.24563e-05	230.000000	5.20507e-05	230.000000	1.33515e-08	
240.000000	4.2676e-05	240.000000	5.07164e-05	240.000000	5.11134e-05	240.000000	5.03445e-05	240.000000	5.11302e-05	240.000000	5.07036e-05	240.000000	1.28407e-08	
250.000000	4.16658e-05	250.000000	4.94733e-05	250.000000	4.98931e-05	250.000000	4.91133e-05	250.000000	4.99079e-05	250.000000	4.94609e-05	250.000000	1.23689e-08	
260.000000	4.0729e-05	260.000000	4.83231e-05	260.000000	4.87647e-05	260.000000	4.79754e-05	260.000000	4.87766e-05	260.000000	4.83111e-05	260.000000	1.19319e-08	
270.000000	3.98577e-05	270.000000	4.72559e-05	270.000000	4.77186e-05	270.000000	4.69206e-05	270.000000	4.77281e-05	270.000000	4.72444e-05	270.000000	1.15258e-08	
280.000000	3.90453e-05	280.000000	4.62632e-05	280.000000	4.67459e-05	280.000000	4.59404e-05	280.000000	4.6752e-05	280.000000	4.6252e-05	280.000000	1.11475e-08	
290.000000	3.82861e-05	290.000000	4.53375e-05	290.000000	4.58364e-05	290.000000	4.50273e-05	290.000000	4.58435e-05	290.000000	4.53267e-05	290.000000	1.07942e-08	
300.000000	3.7575e-05	300.000000	4.44723e-05	300.000000	4.49856e-05	300.000000	4.41747e-05	300.000000	4.49932e-05	300.000000	4.44619e-05	300.000000	1.04634e-08	
310.000000	3.69076e-05	310.000000	4.36621e-05	310.000000	4.41911e-05	310.000000	4.33771e-05	310.000000	4.41982e-05	310.000000	4.3652e-05	310.000000	1.0153e-08	
320.000000	3.62801e-05	320.000000	4.29019e-05	320.000000	4.34486e-05	320.000000	4.26293e-05	320.000000	4.34521e-05	320.000000	4.2892e-05	320.000000	9.86115e-09	
330.000000	3.5689e-05	330.000000	4.21872e-05	330.000000	4.2749e-05	330.000000	4.1927e-05	330.000000	4.2751e-05	330.000000	4.21776e-05	330.000000	9.58625e-09	
340.000000	3.51313e-05	340.000000	4.15142e-05	340.000000	4.20893e-05	340.000000	4.12664e-05	340.000000	4.20918e-05	340.000000	4.15049e-05	340.000000	9.32682e-09	
350.000000	3.46042e-05	350.000000	4.08795e-05	350.000000	4.14682e-05	350.000000	4.06438e-05	350.000000	4.14693e-05	350.000000	4.08704e-05	350.000000	9.08159e-09	
360.000000	3.41055e-05	360.000000	4.02799e-05	360.000000	4.08803e-05	360.000000	4.00563e-05	360.000000	4.08821e-05	360.000000	4.0271e-05	360.000000	8.8494e-09	
370.000000	3.36328e-05	370.000000	3.97127e-05	370.000000	4.03231e-05	370.000000	3.95011e-05	370.000000	4.03274e-05	370.000000	3.9704e-05	370.000000	8.62923e-09	
380.000000	3.31842e-05	380.000000	3.91754e-05	380.000000	3.97972e-05	380.000000	3.89756e-05	380.000000	3.98012e-05	380.000000	3.9167e-05	380.000000	8.42015e-09	
390.000000	3.2758e-05	390.000000	3.86658e-05	390.000000	3.93002e-05	390.000000	3.84777e-05	390.000000	3.93028e-05	390.000000	3.86576e-05	390.000000	8.22133e-09	
400.000000	3.23526e-05	400.000000	3.81819e-05	400.000000	3.88288e-05	400.000000	3.80053e-05	400.000000	3.88303e-05	400.000000	3.81739e-05	400.000000	8.03204e-09	
410.000000	3.19666e-05	410.000000	3.77219e-05	410.000000	3.83799e-05	410.000000	3.75566e-05	410.000000	3.83805e-05	410.000000	3.7714e-05	410.000000	7.85159e-09	
420.000000	3.15986e-05	420.000000	3.72841e-05	420.000000	3.79516e-05	420.000000	3.713e-05 	420.000000	3.7953e-05	420.000000	3.72764e-05	420.000000	7.67937e-09	
430.000000	3.12475e-05	430.000000	3.68669e-05	430.000000	3.75437e-05	430.000000	3.67238e-05	430.000000	3.75462e-05	430.000000	3.68594e-05	430.000000	7.51482e-09	
440.000000	3.09122e-05	440.000000	3.64692e-05	440.000000	3.71566e-05	440.000000	3.63369e-05	440.000000	3.71583e-05	440.000000	3.64618e-05	440.000000	7.35743e-09	
450.000000	3.05916e-05	450.000000	3.60895e-05	450.000000	3.67878e-05	450.000000	3.59679e-05	450.000000	3.67879e-05	450.000000	3.60823e-05	450.000000	7.20674e-09	
460.000000	3.02849e-05	460.000000	3.57268e-05	460.000000	3.64347e-05	460.000000	3.56156e-05	460.000000	3.64346e-05	460.000000	3.57197e-05	460.000000	7.06233e-09	
470.000000	2.99912e-05	470.000000	3.538e-05 	470.000000	3.60964e-05	470.000000	3.52791e-05	470.000000	3.60972e-05	470.000000	3.5373e-05	470.000000	6.92381e-09	
480.000000	2.97098e-05	480.000000	3.50481e-05	480.000000	3.57727e-05	480.000000	3.49573e-05	480.000000	3.57739e-05	480.000000	3.50413e-05	480.000000	6.79082e-09	
490.000000	2.94399e-05	490.000000	3.47302e-05	490.000000	3.54633e-05	490.000000	3.46494e-05	490.000000	3.54646e-05	490.000000	3.47236e-05	490.000000	6.66303e-09	
500.000000	2.91809e-05	500.000000	3.44256e-05	500.000000	3.51668e-05	500.000000	3.43545e-05	500.000000	3.51685e-05	500.000000	3.44191e-05	500.000000	6.54013e-09	
520.000000	2.86933e-05	520.000000	3.38531e-05	520.000000	3.46099e-05	520.000000	3.38009e-05	520.000000	3.46123e-05	520.000000	3.38468e-05	520.000000	6.30794e-09	
540.000000	2.82424e-05	540.000000	3.33252e-05	540.000000	3.40989e-05	540.000000	3.32911e-05	540.000000	3.40997e-05	540.000000	3.33191e-05	540.000000	6.09224e-09	
560.000000	2.78247e-05	560.000000	3.28372e-05	560.000000	3.36276e-05	560.000000	3.28205e-05	560.000000	3.36266e-05	560.000000	3.28313e-05	560.000000	5.89132e-09	
580.000000	2.74369e-05	580.000000	3.23851e-05	580.000000	3.31893e-05	580.000000	3.2385e-05	580.000000	3.31882e-05	580.000000	3.23794e-05	580.000000	5.7037e-09	
600.000000	2.70761e-05	600.000000	3.19654e-05	600.000000	3.2783e-05	600.000000	3.19812e-05	600.000000	3.27821e-05	600.000000	3.19599e-05	600.000000	5.52807e-09	
620.000000	2.67399e-05	620.000000	3.15751e-05	620.000000	3.24052e-05	620.000000	3.16061e-05	620.000000	3.2404e-05	620.000000	3.15697e-05	620.000000	5.36331e-09	
640.000000	2.64261e-05	640.000000	3.12115e-05	640.000000	3.20519e-05	640.000000	3.12569e-05	640.000000	3.20523e-05	640.000000	3.12063e-05	640.000000	5.20844e-09	
660.000000	2.61328e-05	660.000000	3.08721e-05	660.000000	3.17224e-05	660.000000	3.09313e-05	660.000000	3.17242e-05	660.000000	3.08671e-05	660.000000	5.06257e-09	
680.000000	2.58582e-05	680.000000	3.05551e-05	680.000000	3.14161e-05	680.000000	3.06272e-05	680.000000	3.14175e-05	680.000000	3.05501e-05	680.000000	4.92493e-09	
700.000000	2.56008e-05	700.000000	3.02583e-05	700.000000	3.11298e-05	700.000000	3.03428e-05	700.000000	3.11309e-05	700.000000	3.02535e-05	700.000000	4.79484e-09	
720.000000	2.53594e-05	720.000000	2.99804e-05	720.000000	3.08614e-05	720.000000	3.00764e-05	720.000000	3.0862e-05	720.000000	2.99757e-05	720.000000	4.67169e-09	
740.000000	2.51326e-05	740.000000	2.97196e-05	740.000000	3.06097e-05	740.000000	2.98266e-05	740.000000	3.06098e-05	740.000000	2.9715e-05	740.000000	4.55493e-09	
760.000000	2.49194e-05	760.000000	2.94748e-05	760.000000	3.03735e-05	760.000000	2.95921e-05	760.000000	3.03732e-05	760.000000	2.94703e-05	760.000000	4.44407e-09	
780.000000	2.47187e-05	780.000000	2.92447e-05	780.000000	3.01511e-05	780.000000	2.93716e-05	780.000000	3.01505e-05	780.000000	2.92403e-05	780.000000	4.33866e-09	
800.000000	2.45298e-05	800.000000	2.90282e-05	800.000000	2.9941e-05	800.000000	2.91641e-05	800.000000	2.99408e-05	800.000000	2.90239e-05	800.000000	4.23831e-09	
820.000000	2.43518e-05	820.000000	2.88244e-05	820.000000	2.97426e-05	820.000000	2.89686e-05	820.000000	2.97434e-05	820.000000	2.88202e-05	820.000000	4.14266e-09	
840.000000	2.41839e-05	840.000000	2.86324e-05	840.000000	2.95558e-05	840.000000	2.87843e-05	840.000000	2.95571e-05	840.000000	2.86283e-05	840.000000	4.05139e-09	
860.000000	2.40255e-05	860.000000	2.84513e-05	860.000000	2.93801e-05	860.000000	2.86104e-05	860.000000	2.93811e-05	860.000000	2.84474e-05	860.000000	3.96419e-09	
880.000000	2.3876e-05	880.000000	2.82805e-05	880.000000	2.92145e-05	880.000000	2.84461e-05	880.000000	2.9215e-05	880.000000	2.82767e-05	880.000000	3.8808e-09	
900.000000	2.37348e-05	900.000000	2.81194e-05	900.000000	2.90581e-05	900.000000	2.82908e-05	900.000000	2.90581e-05	900.000000	2.81156e-05	900.000000	3.80096e-09	
920.000000	2.36014e-05	920.000000	2.79671e-05	920.000000	2.891e-05 	920.000000	2.81439e-05	920.000000	2.89093e-05	920.000000	2.79634e-05	920.000000	3.72446e-09	
940.000000	2.34754e-05	940.000000	2.78233e-05	940.000000	2.87696e-05	940.000000	2.80048e-05	940.000000	2.87684e-05	940.000000	2.78197e-05	940.000000	3.65109e-09	
960.000000	2.33562e-05	960.000000	2.76874e-05	960.000000	2.86363e-05	960.000000	2.78731e-05	960.000000	2.86352e-05	960.000000	2.76838e-05	960.000000	3.58065e-09	
980.000000	2.32436e-05	980.000000	2.75589e-05	980.000000	2.85096e-05	980.000000	2.77483e-05	980.000000	2.85088e-05	980.000000	2.75554e-05	980.000000	3.51298e-09	
1000.000000	2.31372e-05	1000.000000	2.74374e-05	1000.000000	2.83892e-05	1000.000000	2.76298e-05	1000.000000	2.83887e-05	1000.000000	2.7434e-05	1000.000000	3.4479e-09	
1020.000000	2.30365e-05	1020.000000	2.73225e-05	1020.000000	2.82749e-05	1020.000000	2.75175e-05	1020.000000	2.82748e-05	1020.000000	2.73191e-05	1020.000000	3.38527e-09	
1040.000000	2.29413e-05	1040.000000	2.72138e-05	1040.000000	2.81664e-05	1040.000000	2.74108e-05	1040.000000	2.81667e-05	1040.000000	2.72105e-05	1040.000000	3.32496e-09	
1060.000000	2.28514e-05	1060.000000	2.7111e-05	1060.000000	2.80634e-05	1060.000000	2.73095e-05	1060.000000	2.80642e-05	1060.000000	2.71078e-05	1060.000000	3.26684e-09	
1080.000000	2.27664e-05	1080.000000	2.70138e-05	1080.000000	2.79655e-05	1080.000000	2.72133e-05	1080.000000	2.79664e-05	1080.000000	2.70106e-05	1080.000000	3.21078e-09	
1100.000000	2.2686e-05	1100.000000	2.69218e-05	1100.000000	2.78727e-05	1100.000000	2.71218e-05	1100.000000	2.78735e-05	1100.000000	2.69186e-05	1100.000000	3.15668e-09	
1120.000000	2.26101e-05	1120.000000	2.68347e-05	1120.000000	2.77845e-05	1120.000000	2.70347e-05	1120.000000	2.77852e-05	1120.000000	2.68316e-05	1120.000000	3.10444e-09	
1140.000000	2.25384e-05	1140.000000	2.67524e-05	1140.000000	2.77008e-05	1140.000000	2.6952e-05	1140.000000	2.77013e-05	1140.000000	2.67494e-05	1140.000000	3.05396e-09	
1160.000000	2.24707e-05	1160.000000	2.66746e-05	1160.000000	2.76211e-05	1160.000000	2.68732e-05	1160.000000	2.76213e-05	1160.000000	2.66716e-05	1160.000000	3.00515e-09	
1180.000000	2.24069e-05	1180.000000	2.6601e-05	1180.000000	2.75452e-05	1180.000000	2.67982e-05	1180.000000	2.7545e-05	1180.000000	2.65981e-05	1180.000000	2.95794e-09	
1200.000000	2.23467e-05	1200.000000	2.65315e-05	1200.000000	2.74728e-05	1200.000000	2.67269e-05	1200.000000	2.74724e-05	1200.000000	2.65286e-05	1200.000000	2.91223e-09	
1220.000000	2.229e-05 	1220.000000	2.64659e-05	1220.000000	2.74036e-05	1220.000000	2.66589e-05	1220.000000	2.74034e-05	1220.000000	2.6463e-05	1220.000000	2.86796e-09	
1240.000000	2.22367e-05	1240.000000	2.64039e-05	1240.000000	2.73376e-05	1240.000000	2.65942e-05	1240.000000	2.73377e-05	1240.000000	2.64011e-05	1240.000000	2.82507e-09	
1260.000000	2.21865e-05	1260.000000	2.63454e-05	1260.000000	2.72746e-05	1260.000000	2.65325e-05	1260.000000	2.72749e-05	1260.000000	2.63426e-05	1260.000000	2.78349e-09	
1280.000000	2.21393e-05	1280.000000	2.62903e-05	1280.000000	2.72146e-05	1280.000000	2.64737e-05	1280.000000	2.7215e-05	1280.000000	2.62875e-05	1280.000000	2.74315e-09	
1300.000000	2.20951e-05	1300.000000	2.62383e-05	1300.000000	2.71575e-05	1300.000000	2.64177e-05	1300.000000	2.7158e-05	1300.000000	2.62356e-05	1300.000000	2.70401e-09	
1320.000000	2.20536e-05	1320.000000	2.61894e-05	1320.000000	2.71032e-05	1320.000000	2.63644e-05	1320.000000	2.71037e-05	1320.000000	2.61867e-05	1320.000000	2.66601e-09	
1340.000000	2.20148e-05	1340.000000	2.61434e-05	1340.000000	2.70516e-05	1340.000000	2.63135e-05	1340.000000	2.7052e-05	1340.000000	2.61408e-05	1340.000000	2.62909e-09	
1360.000000	2.19786e-05	1360.000000	2.61002e-05	1360.000000	2.70025e-05	1360.000000	2.6265e-05	1360.000000	2.70026e-05	1360.000000	2.60976e-05	1360.000000	2.59323e-09	
1380.000000	2.19448e-05	1380.000000	2.60596e-05	1380.000000	2.69557e-05	1380.000000	2.62188e-05	1380.000000	2.69554e-05	1380.000000	2.60571e-05	1380.000000	2.55836e-09	
1400.000000	2.19134e-05	1400.000000	2.60216e-05	1400.000000	2.69112e-05	1400.000000	2.61748e-05	1400.000000	2.69105e-05	1400.000000	2.60191e-05	1400.000000	2.52445e-09	
1420.000000	2.18842e-05	1420.000000	2.59861e-05	1420.000000	2.68686e-05	1420.000000	2.61328e-05	1420.000000	2.68676e-05	1420.000000	2.59836e-05	1420.000000	2.49145e-09	
1440.000000	2.18573e-05	1440.000000	2.59529e-05	1440.000000	2.6828e-05	1440.000000	2.60929e-05	1440.000000	2.68269e-05	1440.000000	2.59504e-05	1440.000000	2.45934e-09	
1460.000000	2.18324e-05	1460.000000	2.59219e-05	1460.000000	2.67892e-05	1460.000000	2.60547e-05	1460.000000	2.6788e-05	1460.000000	2.59195e-05	1460.000000	2.42808e-09	
1480.000000	2.18096e-05	1480.000000	2.58931e-05	1480.000000	2.67521e-05	1480.000000	2.60184e-05	1480.000000	2.67509e-05	1480.000000	2.58907e-05	1480.000000	2.39762e-09	
1500.000000	2.17887e-05	1500.000000	2.58664e-05	1500.000000	2.67167e-05	1500.000000	2.59838e-05	1500.000000	2.67155e-05	1500.000000	2.5864e-05	1500.000000	2.36795e-09	
1520.000000	2.17696e-05	1520.000000	2.58417e-05	1520.000000	2.66829e-05	1520.000000	2.59509e-05	1520.000000	2.66817e-05	1520.000000	2.58393e-05	1520.000000	2.33903e-09	
1540.000000	2.17524e-05	1540.000000	2.58189e-05	1540.000000	2.66507e-05	1540.000000	2.59195e-05	1540.000000	2.66496e-05	1540.000000	2.58166e-05	1540.000000	2.31083e-09	
1560.000000	2.17369e-05	1560.000000	2.57979e-05	1560.000000	2.66199e-05	1560.000000	2.58896e-05	1560.000000	2.66191e-05	1560.000000	2.57956e-05	1560.000000	2.28333e-09	
1580.000000	2.17231e-05	1580.000000	2.57787e-05	1580.000000	2.65907e-05	1580.000000	2.58612e-05	1580.000000	2.659e-05 	1580.000000	2.57765e-05	1580.000000	2.25649e-09	
1600.000000	2.1711e-05	1600.000000	2.57613e-05	1600.000000	2.65628e-05	1600.000000	2.58342e-05	1600.000000	2.65623e-05	1600.000000	2.5759e-05	1600.000000	2.2303e-09	
1620.000000	2.17004e-05	1620.000000	2.57454e-05	1620.000000	2.65363e-05	1620.000000	2.58084e-05	1620.000000	2.65358e-05	1620.000000	2.57432e-05	1620.000000	2.20473e-09	
1640.000000	2.16913e-05	1640.000000	2.57312e-05	1640.000000	2.65112e-05	1640.000000	2.5784e-05	1640.000000	2.65107e-05	1640.000000	2.5729e-05	1640.000000	2.17977e-09	
1660.000000	2.16836e-05	1660.000000	2.57185e-05	1660.000000	2.64872e-05	1660.000000	2.57607e-05	1660.000000	2.64868e-05	1660.000000	2.57163e-05	1660.000000	2.15538e-09	
1680.000000	2.16774e-05	1680.000000	2.57073e-05	1680.000000	2.64645e-05	1680.000000	2.57387e-05	1680.000000	2.64641e-05	1680.000000	2.57051e-05	1680.000000	2.13155e-09	
1700.000000	2.16726e-05	1700.000000	2.56975e-05	1700.000000	2.64429e-05	1700.000000	2.57177e-05	1700.000000	2.64426e-05	1700.000000	2.56953e-05	1700.000000	2.10826e-09	
1750.000000	2.16663e-05	1750.000000	2.56789e-05	1750.000000	2.63936e-05	1750.000000	2.56699e-05	1750.000000	2.63934e-05	1750.000000	2.56768e-05	1750.000000	2.05227e-09	
1800.000000	2.16676e-05	1800.000000	2.56682e-05	1800.000000	2.63505e-05	1800.000000	2.56282e-05	1800.000000	2.63503e-05	1800.000000	2.56662e-05	1800.000000	1.99928e-09	
1850.000000	2.1676e-05	1850.000000	2.56647e-05	1850.000000	2.63129e-05	1850.000000	2.55921e-05	1850.000000	2.63129e-05	1850.000000	2.56628e-05	1850.000000	1.94904e-09	
1900.000000	2.16911e-05	1900.000000	2.5668e-05	1900.000000	2.62805e-05	1900.000000	2.55609e-05	1900.000000	2.62804e-05	1900.000000	2.56661e-05	1900.000000	1.90135e-09	
1950.000000	2.17123e-05	1950.000000	2.56774e-05	1950.000000	2.62526e-05	1950.000000	2.55343e-05	1950.000000	2.62526e-05	1950.000000	2.56756e-05	1950.000000	1.85602e-09	
2000.000000	2.17393e-05	2000.000000	2.56926e-05	2000.000000	2.6229e-05	2000.000000	2.55118e-05	2000.000000	2.62291e-05	2000.000000	2.56908e-05	2000.000000	1.81287e-09	
2100.000000	2.18089e-05	2100.000000	2.57384e-05	2100.000000	2.61929e-05	2100.000000	2.54779e-05	2100.000000	2.6193e-05	2100.000000	2.57367e-05	2100.000000	1.7325e-09	
2200.000000	2.18974e-05	2200.000000	2.58026e-05	2200.000000	2.61697e-05	2200.000000	2.54566e-05	2200.000000	2.617e-05 	2200.000000	2.5801e-05	2200.000000	1.65918e-09	
2300.000000	2.20026e-05	2300.000000	2.58828e-05	2300.000000	2.61574e-05	2300.000000	2.5446e-05	2300.000000	2.61576e-05	2300.000000	2.58812e-05	2300.000000	1.592e-09 	
2400.000000	2.21227e-05	2400.000000	2.59769e-05	2400.000000	2.61543e-05	2400.000000	2.54444e-05	2400.000000	2.61545e-05	2400.000000	2.59753e-05	2400.000000	1.53021e-09	
2500.000000	2.22562e-05	2500.000000	2.60832e-05	2500.000000	2.61589e-05	2500.000000	2.54503e-05	2500.000000	2.61589e-05	2500.000000	2.60818e-05	2500.000000	1.47319e-09	
2600.000000	2.24016e-05	2600.000000	2.62004e-05	2600.000000	2.61701e-05	2600.000000	2.54628e-05	2600.000000	2.61701e-05	2600.000000	2.6199e-05	2600.000000	1.4204e-09	
2700.000000	2.2558e-05	2700.000000	2.63273e-05	2700.000000	2.61868e-05	2700.000000	2.54806e-05	2700.000000	2.61867e-05	2700.000000	2.63259e-05	2700.000000	1.37138e-09	
2800.000000	2.27242e-05	2800.000000	2.64627e-05	2800.000000	2.62082e-05	2800.000000	2.55032e-05	2800.000000	2.62082e-05	2800.000000	2.64614e-05	2800.000000	1.32574e-09	
2900.000000	2.28996e-05	2900.000000	2.66058e-05	2900.000000	2.62337e-05	2900.000000	2.55298e-05	2900.000000	2.62336e-05	2900.000000	2.66045e-05	2900.000000	1.28312e-09	
3000.000000	2.30832e-05	3000.000000	2.67557e-05	3000.000000	2.62626e-05	3000.000000	2.55597e-05	3000.000000	2.62626e-05	3000.000000	2.67545e-05	3000.000000	1.24325e-09	
3200.000000	2.34731e-05	3200.000000	2.70737e-05	3200.000000	2.63288e-05	3200.000000	2.5628e-05	3200.000000	2.6329e-05	3200.000000	2.70726e-05	3200.000000	1.17072e-09	
3400.000000	2.38896e-05	3400.000000	2.74121e-05	3400.000000	2.64038e-05	3400.000000	2.57047e-05	3400.000000	2.64042e-05	3400.000000	2.7411e-05	3400.000000	1.10643e-09	
3600.000000	2.43294e-05	3600.000000	2.77674e-05	3600.000000	2.64851e-05	3600.000000	2.57877e-05	3600.000000	2.64857e-05	3600.000000	2.77664e-05	3600.000000	1.04904e-09	
3800.000000	2.47897e-05	3800.000000	2.81368e-05	3800.000000	2.65711e-05	3800.000000	2.5875e-05	3800.000000	2.65717e-05	3800.000000	2.81358e-05	3800.000000	9.97476e-10	
4000.000000	2.52684e-05	4000.000000	2.85181e-05	4000.000000	2.66602e-05	4000.000000	2.59655e-05	4000.000000	2.6661e-05	4000.000000	2.85171e-05	4000.000000	9.50892e-10	
4200.000000	2.57637e-05	4200.000000	2.89095e-05	4200.000000	2.67516e-05	4200.000000	2.60579e-05	4200.000000	2.67524e-05	4200.000000	2.89086e-05	4200.000000	9.08592e-10	
4400.000000	2.62743e-05	4400.000000	2.93095e-05	4400.000000	2.68443e-05	4400.000000	2.61517e-05	4400.000000	2.6845e-05	4400.000000	2.93086e-05	4400.000000	8.70004e-10	
4600.000000	2.67988e-05	4600.000000	2.97169e-05	4600.000000	2.69378e-05	4600.000000	2.6246e-05	4600.000000	2.69385e-05	4600.000000	2.97161e-05	4600.000000	8.34657e-10	
4800.000000	2.73364e-05	4800.000000	3.01307e-05	4800.000000	2.70315e-05	4800.000000	2.63406e-05	4800.000000	2.70321e-05	4800.000000	3.01299e-05	4800.000000	8.02155e-10	
5000.000000	2.7886e-05	5000.000000	3.05501e-05	5000.000000	2.71251e-05	5000.000000	2.64349e-05	5000.000000	2.71256e-05	5000.000000	3.05494e-05	5000.000000	7.72163e-10	
5250.000000	2.8589e-05	5250.000000	3.10811e-05	5250.000000	2.72416e-05	5250.000000	2.65522e-05	5250.000000	2.72419e-05	5250.000000	3.10804e-05	5250.000000	7.37778e-10	
5500.000000	2.93086e-05	5500.000000	3.16185e-05	5500.000000	2.7357e-05	5500.000000	2.66684e-05	5500.000000	2.7357e-05	5500.000000	3.16178e-05	5500.000000	7.06413e-10	
6000.000000	3.07938e-05	6000.000000	3.2709e-05	6000.000000	2.75834e-05	6000.000000	2.68962e-05	6000.000000	2.7583e-05	6000.000000	3.27083e-05	6000.000000	6.51265e-10	
6500.000000	3.23354e-05	6500.000000	3.38155e-05	6500.000000	2.78026e-05	6500.000000	2.7117e-05	6500.000000	2.78021e-05	6500.000000	3.38149e-05	6500.000000	6.04327e-10	
7000.000000	3.39289e-05	7000.000000	3.49341e-05	7000.000000	2.80138e-05	7000.000000	2.73301e-05	7000.000000	2.80135e-05	7000.000000	3.49336e-05	7000.000000	5.63877e-10	
7500.000000	3.55711e-05	7500.000000	3.60617e-05	7500.000000	2.82166e-05	7500.000000	2.75354e-05	7500.000000	2.82171e-05	7500.000000	3.60612e-05	7500.000000	5.28646e-10	
8000.000000	3.72595e-05	8000.000000	3.7196e-05	8000.000000	2.84133e-05	8000.000000	2.77329e-05	8000.000000	2.84129e-05	8000.000000	3.71956e-05	8000.000000	4.97675e-10	
8500.000000	3.8992e-05	8500.000000	3.83355e-05	8500.000000	2.86022e-05	8500.000000	2.7923e-05	8500.000000	2.86013e-05	8500.000000	3.8335e-05	8500.000000	4.7023e-10	
9000.000000	4.07673e-05	9000.000000	3.94788e-05	9000.000000	2.87826e-05	9000.000000	2.81058e-05	9000.000000	2.87824e-05	9000.000000	3.94784e-05	9000.000000	4.45735e-10	
9500.000000	4.25841e-05	9500.000000	4.0625e-05	9500.000000	2.89564e-05	9500.000000	2.82818e-05	9500.000000	2.89567e-05	9500.000000	4.06246e-05	9500.000000	4.23736e-10	
10000.000000	4.44416e-05	10000.000000	4.17733e-05	10000.000000	2.91242e-05	10000.000000	2.84514e-05	10000.000000	2.91245e-05	10000.000000	4.17729e-05	10000.000000	4.03865e-10	
11000.000000	4.82754e-05	11000.000000	4.40738e-05	11000.000000	2.94421e-05	11000.000000	2.87726e-05	11000.000000	2.94421e-05	11000.000000	4.40735e-05	11000.000000	3.69373e-10	
12000.000000	5.22644e-05	12000.000000	4.6377e-05	12000.000000	2.97378e-05	12000.000000	2.90722e-05	12000.000000	2.97378e-05	12000.000000	4.63767e-05	12000.000000	3.40452e-10	
13000.000000	5.64055e-05	13000.000000	4.86805e-05	13000.000000	3.00139e-05	13000.000000	2.93524e-05	13000.000000	3.0014e-05	13000.000000	4.86802e-05	13000.000000	3.15843e-10	
14000.000000	6.06967e-05	14000.000000	5.09829e-05	14000.000000	3.02728e-05	14000.000000	2.96156e-05	14000.000000	3.02728e-05	14000.000000	5.09826e-05	14000.000000	2.94641e-10	
15000.000000	6.51366e-05	15000.000000	5.32831e-05	15000.000000	3.05163e-05	15000.000000	2.98634e-05	15000.000000	3.05161e-05	15000.000000	5.32828e-05	15000.000000	2.76178e-10	
16000.000000	6.97245e-05	16000.000000	5.55805e-05	16000.000000	3.07457e-05	16000.000000	3.00975e-05	16000.000000	3.07455e-05	16000.000000	5.55802e-05	16000.000000	2.59952e-10	
17000.000000	7.44598e-05	17000.000000	5.78747e-05	17000.000000	3.09623e-05	17000.000000	3.03193e-05	17000.000000	3.09623e-05	17000.000000	5.78745e-05	17000.000000	2.45576e-10	
18000.000000	7.93422e-05	18000.000000	6.01654e-05	18000.000000	3.11675e-05	18000.000000	3.05298e-05	18000.000000	3.11678e-05	18000.000000	6.01652e-05	18000.000000	2.32747e-10	
19000.000000	8.43718e-05	19000.000000	6.24524e-05	19000.000000	3.13625e-05	19000.000000	3.07303e-05	19000.000000	3.13628e-05	19000.000000	6.24522e-05	19000.000000	2.21228e-10	
20000.000000	8.95485e-05	20000.000000	6.47357e-05	20000.000000	3.15483e-05	20000.000000	3.09215e-05	20000.000000	3.15484e-05	20000.000000	6.47354e-05	20000.000000	2.10824e-10	
21000.000000	9.48726e-05	21000.000000	6.70151e-05	21000.000000	3.17256e-05	21000.000000	3.11043e-05	21000.000000	3.17254e-05	21000.000000	6.70149e-05	21000.000000	2.01381e-10	
22000.000000	0.000100344	22000.000000	6.92906e-05	22000.000000	3.18947e-05	22000.000000	3.12793e-05	22000.000000	3.18943e-05	22000.000000	6.92904e-05	22000.000000	1.9277e-10	
23000.000000	0.000105964	23000.000000	7.15624e-05	23000.000000	3.20567e-05	23000.000000	3.14472e-05	23000.000000	3.2056e-05	23000.000000	7.15622e-05	23000.000000	1.84884e-10	
24000.000000	0.000111733	24000.000000	7.38303e-05	24000.000000	3.22118e-05	24000.000000	3.16085e-05	24000.000000	3.22107e-05	24000.000000	7.38302e-05	24000.000000	1.77636e-10	
25000.000000	0.00011765	25000.000000	7.60946e-05	25000.000000	3.23602e-05	25000.000000	3.17637e-05	25000.000000	3.23593e-05	25000.000000	7.60944e-05	25000.000000	1.70949e-10	
26000.000000	0.000123717	26000.000000	7.83552e-05	26000.000000	3.25026e-05	26000.000000	3.19132e-05	26000.000000	3.25018e-05	26000.000000	7.8355e-05	26000.000000	1.64761e-10	
27000.000000	0.000129934	27000.000000	8.06121e-05	27000.000000	3.26394e-05	27000.000000	3.20575e-05	27000.000000	3.26391e-05	27000.000000	8.0612e-05	27000.000000	1.59018e-10	
28000.000000	0.000136303	28000.000000	8.28656e-05	28000.000000	3.27711e-05	28000.000000	3.21969e-05	28000.000000	3.2771e-05	28000.000000	8.28654e-05	28000.000000	1.53672e-10	
29000.000000	0.000142822	29000.000000	8.51156e-05	29000.000000	3.28981e-05	29000.000000	3.23316e-05	29000.000000	3.28983e-05	29000.000000	8.51154e-05	29000.000000	1.48683e-10	
30000.000000	0.000149493	30000.000000	8.73622e-05	30000.000000	3.30206e-05	30000.000000	3.2462e-05	30000.000000	3.3021e-05	30000.000000	8.7362e-05	30000.000000	1.44017e-10	
32000.000000	0.000163296	32000.000000	9.18455e-05	32000.000000	3.32537e-05	32000.000000	3.2711e-05	32000.000000	3.32542e-05	32000.000000	9.18454e-05	32000.000000	1.35533e-10	
34000.000000	0.000177715	34000.000000	9.63162e-05	34000.000000	3.34722e-05	34000.000000	3.29457e-05	34000.000000	3.34721e-05	34000.000000	9.6316e-05	34000.000000	1.28018e-10	
36000.000000	0.000192757	36000.000000	0.000100775	36000.000000	3.36768e-05	36000.000000	3.31675e-05	36000.000000	3.36765e-05	36000.000000	0.000100775	36000.000000	1.21314e-10	
38000.000000	0.000208429	38000.000000	0.000105222	38000.000000	3.38688e-05	38000.000000	3.33779e-05	38000.000000	3.38688e-05	38000.000000	0.000105222	38000.000000	1.15294e-10	
40000.000000	0.000224736	40000.000000	0.000109658	40000.000000	3.40497e-05	40000.000000	3.35779e-05	40000.000000	3.40502e-05	40000.000000	0.000109658	40000.000000	1.09858e-10	
42000.000000	0.000241685	42000.000000	0.000114083	42000.000000	3.42207e-05	42000.000000	3.37684e-05	42000.000000	3.42214e-05	42000.000000	0.000114083	42000.000000	1.04925e-10	
44000.000000	0.000259284	44000.000000	0.000118499	44000.000000	3.43833e-05	44000.000000	3.39505e-05	44000.000000	3.43837e-05	44000.000000	0.000118498	44000.000000	1.00427e-10	
46000.000000	0.000277537	46000.000000	0.000122904	46000.000000	3.45383e-05	46000.000000	3.41247e-05	46000.000000	3.45373e-05	46000.000000	0.000122904	46000.000000	9.63081e-11	
48000.000000	0.000296454	48000.000000	0.0001273 	48000.000000	3.46862e-05	48000.000000	3.42917e-05	48000.000000	3.46835e-05	48000.000000	0.0001273 	48000.000000	9.25228e-11	
50000.000000	0.00031604	50000.000000	0.000131688	50000.000000	3.48267e-05	50000.000000	3.44521e-05	50000.000000	3.48223e-05	50000.000000	0.000131688	50000.000000	8.90313e-11	
