! 69Cu energy loss (dE/dX) in He
! apply ZOOM for details
Energy (MeV/u)1	0 - [He-base] F.Hubert et al, AD&ND Tables 46(1990)1	Energy (MeV/u)2	1 - [H -base] J.F.Ziegler et al,Pergamon Press,NY(low energy)	Energy (MeV/u)3	2 - ATIMA 1.2 LS-theory (recommended for high energy)	Energy (MeV/u)4	3 - ATIMA 1.2 without LS-correction	Energy (MeV/u)5	4 - ATIMA 1.4 H.Weick, improved mean charge formula for HI	Energy (MeV/u)6	5 - electrical component of [1] - J.F.Ziegler et al	Energy (MeV/u)7	6 - nuclear component of [1] - J.F.Ziegler et al	
0.001000	0.000148244	0.001000	0.000170998	0.001000	0.000150831	0.001000	0.000150831	0.001000	0.00015084	0.001000	4.37274e-05	0.001000	0.000127271	
0.002000	0.000150476	0.002000	0.000168392	0.002000	0.000145002	0.002000	0.000145002	0.002000	0.00014501	0.002000	5.67075e-05	0.002000	0.000111685	
0.005000	0.000152326	0.005000	0.000161109	0.005000	0.000133828	0.005000	0.000133828	0.005000	0.000133832	0.005000	7.99591e-05	0.005000	8.11503e-05	
0.008000	0.000156671	0.008000	0.000160305	0.008000	0.000131566	0.008000	0.000131566	0.008000	0.000131569	0.008000	9.53702e-05	0.008000	6.49345e-05	
0.010000	0.000160214	0.010000	0.000161402	0.010000	0.000132204	0.010000	0.000132204	0.010000	0.000132206	0.010000	0.000103694	0.010000	5.77079e-05	
0.015000	0.000169682	0.015000	0.000166481	0.015000	0.000136996	0.015000	0.000136996	0.015000	0.000136998	0.015000	0.000120723	0.015000	4.57588e-05	
0.020000	0.000179078	0.020000	0.000172814	0.020000	0.000143692	0.020000	0.000143692	0.020000	0.000143693	0.020000	0.000134475	0.020000	3.83398e-05	
0.025000	0.000188511	0.025000	0.000179429	0.025000	0.000151004	0.025000	0.000151004	0.025000	0.000151005	0.025000	0.000146212	0.025000	3.32173e-05	
0.030000	0.000203469	0.030000	0.000185994	0.030000	0.000158465	0.030000	0.000158465	0.030000	0.000158466	0.030000	0.000156558	0.030000	2.94363e-05	
0.035000	0.000216839	0.035000	0.000192389	0.035000	0.000165881	0.035000	0.000165881	0.035000	0.000165882	0.035000	0.000165874	0.035000	2.65142e-05	
0.040000	0.000228344	0.040000	0.000205494	0.040000	0.000178044	0.040000	0.000178044	0.040000	0.000178045	0.040000	0.000181316	0.040000	2.41786e-05	
0.045000	0.000237838	0.045000	0.000223968	0.045000	0.000195021	0.045000	0.000195021	0.045000	0.000195022	0.045000	0.000201705	0.045000	2.22631e-05	
0.050000	0.000245124	0.050000	0.000241175	0.050000	0.000212142	0.050000	0.000212142	0.050000	0.000212143	0.050000	0.000220707	0.050000	2.04678e-05	
0.055000	0.000257984	0.055000	0.000257765	0.055000	0.000229673	0.055000	0.000229673	0.055000	0.000229674	0.055000	0.000238645	0.055000	1.91199e-05	
0.060000	0.000269673	0.060000	0.000273741	0.060000	0.000247292	0.060000	0.000247292	0.060000	0.000247293	0.060000	0.000255785	0.060000	1.79558e-05	
0.070000	0.000289623	0.070000	0.000304388	0.070000	0.000282456	0.070000	0.000282456	0.070000	0.000282457	0.070000	0.000288346	0.070000	1.60425e-05	
0.080000	0.000311428	0.080000	0.000333678	0.080000	0.000317082	0.080000	0.000317082	0.080000	0.000317082	0.080000	0.000319146	0.080000	1.45312e-05	
0.090000	0.000330357	0.090000	0.000361699	0.090000	0.000350769	0.090000	0.000350769	0.090000	0.00035077	0.090000	0.000348395	0.090000	1.3304e-05	
0.100000	0.000349443	0.100000	0.000388406	0.100000	0.000383232	0.100000	0.000383232	0.100000	0.000383233	0.100000	0.00037612	0.100000	1.22854e-05	
0.120000	0.000379829	0.120000	0.000447618	0.120000	0.00044375	0.120000	0.00044375	0.120000	0.000443751	0.120000	0.000436931	0.120000	1.06875e-05	
0.140000	0.000404605	0.140000	0.000505932	0.140000	0.000497779	0.140000	0.000497779	0.140000	0.00049778	0.140000	0.000496445	0.140000	9.48665e-06	
0.160000	0.000426617	0.160000	0.000557227	0.160000	0.00054518	0.160000	0.00054518	0.160000	0.00054518	0.160000	0.000548679	0.160000	8.54783e-06	
0.180000	0.000447416	0.180000	0.000602175	0.180000	0.000586255	0.180000	0.000586255	0.180000	0.000586256	0.180000	0.000594383	0.180000	7.79174e-06	
0.200000	0.000467744	0.200000	0.000641566	0.200000	0.000621553	0.200000	0.000621553	0.200000	0.000621554	0.200000	0.000634398	0.200000	7.16849e-06	
0.250000	0.000506167	0.250000	0.000724842	0.250000	0.000688869	0.250000	0.000688869	0.250000	0.000688869	0.250000	0.000718843	0.250000	5.99897e-06	
0.300000	0.000544236	0.300000	0.000795628	0.300000	0.00073417	0.300000	0.00073417	0.300000	0.000734171	0.300000	0.000790449	0.300000	5.17902e-06	
0.350000	0.000577393	0.350000	0.000848762	0.350000	0.000765257	0.350000	0.000765257	0.350000	0.000765257	0.350000	0.000844193	0.350000	4.56952e-06	
0.400000	0.000606004	0.400000	0.000889188	0.400000	0.000796652	0.400000	0.000796652	0.400000	0.000796652	0.400000	0.00088509	0.400000	4.09713e-06	
0.450000	0.000631305	0.450000	0.000920266	0.450000	0.000826114	0.450000	0.000826114	0.450000	0.000826115	0.450000	0.000916546	0.450000	3.71936e-06	
0.500000	0.000655325	0.500000	0.000949519	0.500000	0.000848901	0.500000	0.000848901	0.500000	0.000848902	0.500000	0.000946109	0.500000	3.4098e-06	
0.600000	0.000669763	0.600000	0.000990346	0.600000	0.000881425	0.600000	0.000881425	0.600000	0.000881425	0.600000	0.000987415	0.600000	2.93144e-06	
0.700000	0.000671342	0.700000	0.00101507	0.700000	0.00090298	0.700000	0.00090298	0.700000	0.000902981	0.700000	0.00101249	0.700000	2.57784e-06	
0.800000	0.000691575	0.800000	0.00102953	0.800000	0.000917631	0.800000	0.000917631	0.800000	0.000917631	0.800000	0.00102723	0.800000	2.30501e-06	
0.900000	0.000710935	0.900000	0.00104577	0.900000	0.000927489	0.900000	0.000927489	0.900000	0.000927489	0.900000	0.00104369	0.900000	2.08763e-06	
1.000000	0.000725056	1.000000	0.00105521	1.000000	0.000933799	1.000000	0.000933799	1.000000	0.0009338 	1.000000	0.0010533 	1.000000	1.91005e-06	
1.250000	0.000742686	1.250000	0.00105984	1.250000	0.000938858	1.250000	0.000938858	1.250000	0.000938858	1.250000	0.00105826	1.250000	1.58088e-06	
1.500000	0.000741277	1.500000	0.00104209	1.500000	0.000934068	1.500000	0.000934068	1.500000	0.000934069	1.500000	0.00104074	1.500000	1.35337e-06	
1.750000	0.000730946	1.750000	0.0010149 	1.750000	0.000923516	1.750000	0.000923516	1.750000	0.000923516	1.750000	0.00101371	1.750000	1.18611e-06	
2.000000	0.000717828	2.000000	0.00098708	2.000000	0.000909577	2.000000	0.000909577	2.000000	0.000909578	2.000000	0.000986023	2.000000	1.0576e-06	
2.250000	0.00070442	2.250000	0.000959621	2.250000	0.000893702	2.250000	0.000893702	2.250000	0.000893702	2.250000	0.000958666	2.250000	9.55587e-07	
2.500000	0.000848441	2.500000	0.000928742	2.500000	0.00087301	2.500000	0.00087301	2.500000	0.000873011	2.500000	0.000927869	2.500000	8.72502e-07	
3.000000	0.000804499	3.000000	0.000873366	3.000000	0.000832986	3.000000	0.000832986	3.000000	0.000832986	3.000000	0.000872621	3.000000	7.45072e-07	
3.500000	0.000762755	3.500000	0.00082716	3.500000	0.000796359	3.500000	0.000796359	3.500000	0.00079636	3.500000	0.000826508	3.500000	6.51669e-07	
4.000000	0.00072422	4.000000	0.000785539	4.000000	0.000762774	4.000000	0.000762774	4.000000	0.000762774	4.000000	0.000784958	4.000000	5.80091e-07	
4.500000	0.000689027	4.500000	0.000746981	4.500000	0.000731906	4.500000	0.000731906	4.500000	0.000731907	4.500000	0.000746457	4.500000	5.23383e-07	
5.000000	0.000656989	5.000000	0.000712964	5.000000	0.000703466	5.000000	0.000703466	5.000000	0.000703467	5.000000	0.000712487	5.000000	4.77282e-07	
5.500000	0.000627815	5.500000	0.000682435	5.500000	0.000677191	5.500000	0.000677191	5.500000	0.000677192	5.500000	0.000681996	5.500000	4.39022e-07	
6.000000	0.000601201	6.000000	0.000654826	6.000000	0.000652851	6.000000	0.000652851	6.000000	0.000652852	6.000000	0.00065442	6.000000	4.06729e-07	
6.500000	0.000576857	6.500000	0.00062968	6.500000	0.000630243	6.500000	0.000630243	6.500000	0.000630243	6.500000	0.000629301	6.500000	3.79087e-07	
7.000000	0.000554523	7.000000	0.000606615	7.000000	0.000609188	7.000000	0.000609188	7.000000	0.000609189	7.000000	0.00060626	7.000000	3.55142e-07	
7.500000	0.000533972	7.500000	0.000585376	7.500000	0.000589533	7.500000	0.000589533	7.500000	0.000589533	7.500000	0.000585042	7.500000	3.34189e-07	
8.000000	0.000515002	8.000000	0.000565664	8.000000	0.00057114	8.000000	0.00057114	8.000000	0.00057114	8.000000	0.000565348	8.000000	3.1569e-07	
8.500000	0.000497441	8.500000	0.000547303	8.500000	0.000553891	8.500000	0.000553891	8.500000	0.000553891	8.500000	0.000547003	8.500000	2.99231e-07	
9.000000	0.00048114	9.000000	0.000530146	9.000000	0.000537681	9.000000	0.000537681	9.000000	0.000537681	9.000000	0.000529861	9.000000	2.84487e-07	
9.500000	0.000465966	9.500000	0.000514071	9.500000	0.000522417	9.500000	0.000522417	9.500000	0.000522417	9.500000	0.0005138 	9.500000	2.71198e-07	
10.000000	0.000451807	10.000000	0.000478217	10.000000	0.000508017	10.000000	0.000508017	10.000000	0.000508018	10.000000	0.000477958	10.000000	2.59156e-07	
11.000000	0.000426148	11.000000	0.00045789	11.000000	0.000478769	11.000000	0.0004822 	11.000000	0.00048336	11.000000	0.000457651	11.000000	2.38161e-07	
12.000000	0.000403507	12.000000	0.000439087	12.000000	0.000452936	12.000000	0.000459083	12.000000	0.000460925	12.000000	0.000438867	12.000000	2.20461e-07	
13.000000	0.000383373	13.000000	0.000421702	13.000000	0.000429966	13.000000	0.000438277	13.000000	0.000440468	13.000000	0.000421497	13.000000	2.05324e-07	
14.000000	0.000365346	14.000000	0.000405616	14.000000	0.000409419	14.000000	0.000419463	14.000000	0.00042177	14.000000	0.000405424	14.000000	1.92225e-07	
15.000000	0.000349106	15.000000	0.000390711	15.000000	0.000390947	15.000000	0.000402375	15.000000	0.00040464	15.000000	0.00039053	15.000000	1.80771e-07	
16.000000	0.000334394	16.000000	0.000376875	16.000000	0.000374268	16.000000	0.000386796	16.000000	0.000388909	16.000000	0.000376704	16.000000	1.70667e-07	
17.000000	0.000321  	17.000000	0.000364007	17.000000	0.000359143	17.000000	0.00037254	17.000000	0.000374432	17.000000	0.000363846	17.000000	1.61683e-07	
18.000000	0.000308752	18.000000	0.000352016	18.000000	0.00034537	18.000000	0.000359455	18.000000	0.000361063	18.000000	0.000351862	18.000000	1.53641e-07	
19.000000	0.000297505	19.000000	0.000340819	19.000000	0.000332784	19.000000	0.000347407	19.000000	0.00034871	19.000000	0.000340672	19.000000	1.46397e-07	
20.000000	0.000287139	20.000000	0.000330342	20.000000	0.00032125	20.000000	0.000336287	20.000000	0.000337279	20.000000	0.000330202	20.000000	1.39836e-07	
21.000000	0.000277553	21.000000	0.000320521	21.000000	0.000310654	21.000000	0.000325996	21.000000	0.000326651	21.000000	0.000320388	21.000000	1.33865e-07	
22.000000	0.000268658	22.000000	0.000311298	22.000000	0.0003009 	22.000000	0.000316451	22.000000	0.000316789	22.000000	0.00031117	22.000000	1.28406e-07	
23.000000	0.000260383	23.000000	0.000302621	23.000000	0.000291897	23.000000	0.000307581	23.000000	0.000307598	23.000000	0.000302498	23.000000	1.23395e-07	
24.000000	0.000252662	24.000000	0.000294443	24.000000	0.000283566	24.000000	0.000299321	24.000000	0.000299035	24.000000	0.000294324	24.000000	1.18778e-07	
25.000000	0.00024544	25.000000	0.000286724	25.000000	0.000275839	25.000000	0.000291617	25.000000	0.000291038	25.000000	0.000286609	25.000000	1.14511e-07	
27.000000	0.00023231	27.000000	0.000272515	27.000000	0.000261972	27.000000	0.000277686	27.000000	0.000276566	27.000000	0.000272408	27.000000	1.06872e-07	
29.000000	0.000220676	29.000000	0.000259743	29.000000	0.000249928	29.000000	0.000265457	29.000000	0.000263863	29.000000	0.000259642	29.000000	1.00231e-07	
31.000000	0.000210289	31.000000	0.0002482 	31.000000	0.000239335	31.000000	0.000253846	31.000000	0.000251881	31.000000	0.000248106	31.000000	9.4401e-08	
33.000000	0.000200957	33.000000	0.000237719	33.000000	0.000229698	33.000000	0.00024262	33.000000	0.000240445	33.000000	0.000237629	33.000000	8.92405e-08	
35.000000	0.000192522	35.000000	0.000228159	35.000000	0.000220856	35.000000	0.000232426	35.000000	0.000230146	35.000000	0.000228075	35.000000	8.46386e-08	
38.000000	0.000181285	38.000000	0.0002153 	38.000000	0.000208897	38.000000	0.000218781	38.000000	0.000216469	38.000000	0.000215221	38.000000	7.85972e-08	
41.000000	0.000171453	41.000000	0.000203941	41.000000	0.000198303	41.000000	0.00020679	41.000000	0.00020454	41.000000	0.000203867	41.000000	7.33947e-08	
44.000000	0.000162775	44.000000	0.000193834	44.000000	0.000188858	44.000000	0.000196169	44.000000	0.000194033	44.000000	0.000193765	44.000000	6.88655e-08	
47.000000	0.000155055	47.000000	0.000184784	47.000000	0.000180367	47.000000	0.000186696	47.000000	0.000184703	47.000000	0.000184719	47.000000	6.48852e-08	
50.000000	0.000148139	50.000000	0.000176633	50.000000	0.000172677	50.000000	0.000178195	50.000000	0.00017636	50.000000	0.000176572	50.000000	6.13584e-08	
55.000000	0.000138079	55.000000	0.000164711	55.000000	0.000161415	55.000000	0.000165812	55.000000	0.000164239	55.000000	0.000164655	55.000000	5.62933e-08	
60.000000	0.000129496	60.000000	0.000154483	60.000000	0.000151702	60.000000	0.000155236	60.000000	0.000153913	60.000000	0.000154431	60.000000	5.20314e-08	
65.000000	0.000122079	65.000000	0.000145614	65.000000	0.000143265	65.000000	0.0001461 	65.000000	0.000145004	65.000000	0.000145565	65.000000	4.83934e-08	
70.000000	0.000115602	70.000000	0.000137848	70.000000	0.000135853	70.000000	0.000138127	70.000000	0.000137236	70.000000	0.000137803	70.000000	4.52501e-08	
75.000000	0.000109894	75.000000	0.000130993	75.000000	0.000129298	75.000000	0.00013111	75.000000	0.000130416	75.000000	0.00013095	75.000000	4.25057e-08	
80.000000	0.000104823	80.000000	0.000124897	80.000000	0.000123457	80.000000	0.000124886	80.000000	0.000124368	80.000000	0.000124857	80.000000	4.00879e-08	
85.000000	0.000100285	85.000000	0.000119441	85.000000	0.000118214	85.000000	0.000119328	85.000000	0.000118962	85.000000	0.000119403	85.000000	3.79409e-08	
90.000000	9.6199e-05	90.000000	0.000114529	90.000000	0.000113481	90.000000	0.000114335	90.000000	0.000114102	90.000000	0.000114493	90.000000	3.6021e-08	
95.000000	9.24992e-05	95.000000	0.000110084	95.000000	0.0001092 	95.000000	0.000109824	95.000000	0.000109713	95.000000	0.00011005	95.000000	3.42936e-08	
100.000000	8.91322e-05	100.000000	0.000106043	100.000000	0.000105296	100.000000	0.00010573	100.000000	0.000105727	100.000000	0.00010601	100.000000	3.27307e-08	
105.000000	8.60539e-05	105.000000	0.000102352	105.000000	0.000101722	105.000000	0.000101997	105.000000	0.000102089	105.000000	0.00010232	105.000000	3.13097e-08	
110.000000	8.3228e-05	110.000000	9.89679e-05	110.000000	9.84452e-05	110.000000	9.85786e-05	110.000000	9.87608e-05	110.000000	9.89379e-05	110.000000	3.00117e-08	
115.000000	8.06239e-05	115.000000	9.58545e-05	115.000000	9.54328e-05	115.000000	9.54376e-05	115.000000	9.56947e-05	115.000000	9.58257e-05	115.000000	2.88212e-08	
120.000000	7.8216e-05	120.000000	9.29804e-05	120.000000	9.26465e-05	120.000000	9.25414e-05	120.000000	9.287e-05 	120.000000	9.29527e-05	120.000000	2.77253e-08	
125.000000	7.59822e-05	125.000000	9.03189e-05	125.000000	9.00624e-05	125.000000	8.98625e-05	125.000000	9.0252e-05	125.000000	9.02922e-05	125.000000	2.6713e-08	
130.000000	7.39041e-05	130.000000	8.78474e-05	130.000000	8.76638e-05	130.000000	8.73772e-05	130.000000	8.78249e-05	130.000000	8.78217e-05	130.000000	2.57748e-08	
135.000000	7.19654e-05	135.000000	8.55463e-05	135.000000	8.54241e-05	135.000000	8.50655e-05	135.000000	8.55624e-05	135.000000	8.55214e-05	135.000000	2.4903e-08	
140.000000	7.01522e-05	140.000000	8.33986e-05	140.000000	8.33337e-05	140.000000	8.29098e-05	140.000000	8.34552e-05	140.000000	8.33745e-05	140.000000	2.40904e-08	
145.000000	6.84524e-05	145.000000	8.13894e-05	145.000000	8.13774e-05	145.000000	8.08949e-05	145.000000	8.14799e-05	145.000000	8.1366e-05	145.000000	2.33314e-08	
150.000000	6.68555e-05	150.000000	7.95058e-05	150.000000	7.95383e-05	150.000000	7.90074e-05	150.000000	7.96317e-05	150.000000	7.94831e-05	150.000000	2.26206e-08	
155.000000	6.45892e-05	155.000000	7.77363e-05	155.000000	7.78109e-05	155.000000	7.72357e-05	155.000000	7.78938e-05	155.000000	7.77144e-05	155.000000	2.19535e-08	
160.000000	6.32694e-05	160.000000	7.60711e-05	160.000000	7.61861e-05	160.000000	7.55695e-05	160.000000	7.62586e-05	160.000000	7.60497e-05	160.000000	2.13262e-08	
165.000000	6.20233e-05	165.000000	7.4501e-05	165.000000	7.46542e-05	165.000000	7.39997e-05	165.000000	7.47188e-05	165.000000	7.44803e-05	165.000000	2.07351e-08	
170.000000	6.0845e-05	170.000000	7.30183e-05	170.000000	7.32086e-05	170.000000	7.25182e-05	170.000000	7.32616e-05	170.000000	7.29981e-05	170.000000	2.01772e-08	
175.000000	5.97289e-05	175.000000	7.16159e-05	175.000000	7.18404e-05	175.000000	7.11179e-05	175.000000	7.18853e-05	175.000000	7.15962e-05	175.000000	1.96498e-08	
180.000000	5.86701e-05	180.000000	7.02874e-05	180.000000	7.05412e-05	180.000000	6.97922e-05	180.000000	7.05818e-05	180.000000	7.02682e-05	180.000000	1.91503e-08	
185.000000	5.76644e-05	185.000000	6.90271e-05	185.000000	6.93076e-05	185.000000	6.85354e-05	185.000000	6.93436e-05	185.000000	6.90084e-05	185.000000	1.86765e-08	
190.000000	5.67078e-05	190.000000	6.783e-05 	190.000000	6.81366e-05	190.000000	6.73423e-05	190.000000	6.81689e-05	190.000000	6.78118e-05	190.000000	1.82266e-08	
195.000000	5.57967e-05	195.000000	6.66915e-05	195.000000	6.7024e-05	195.000000	6.62082e-05	195.000000	6.70518e-05	195.000000	6.66737e-05	195.000000	1.77986e-08	
200.000000	5.49279e-05	200.000000	6.56073e-05	200.000000	6.59644e-05	200.000000	6.51289e-05	200.000000	6.59866e-05	200.000000	6.55899e-05	200.000000	1.73912e-08	
210.000000	5.3306e-05	210.000000	6.35873e-05	210.000000	6.39836e-05	210.000000	6.31197e-05	210.000000	6.40052e-05	210.000000	6.35707e-05	210.000000	1.66318e-08	
220.000000	5.18217e-05	220.000000	6.17437e-05	220.000000	6.21821e-05	220.000000	6.1288e-05	220.000000	6.21943e-05	220.000000	6.17278e-05	220.000000	1.59384e-08	
230.000000	5.04582e-05	230.000000	6.00545e-05	230.000000	6.05281e-05	230.000000	5.96114e-05	230.000000	6.05372e-05	230.000000	6.00392e-05	230.000000	1.53026e-08	
240.000000	4.92012e-05	240.000000	5.85012e-05	240.000000	5.90072e-05	240.000000	5.80714e-05	240.000000	5.90123e-05	240.000000	5.84865e-05	240.000000	1.47175e-08	
250.000000	4.80387e-05	250.000000	5.70683e-05	250.000000	5.76006e-05	250.000000	5.66522e-05	250.000000	5.76067e-05	250.000000	5.70541e-05	250.000000	1.41771e-08	
260.000000	4.69603e-05	260.000000	5.57423e-05	260.000000	5.63004e-05	260.000000	5.53403e-05	260.000000	5.63055e-05	260.000000	5.57286e-05	260.000000	1.36765e-08	
270.000000	4.59573e-05	270.000000	5.45119e-05	270.000000	5.50973e-05	270.000000	5.41242e-05	270.000000	5.50993e-05	270.000000	5.44987e-05	270.000000	1.32113e-08	
280.000000	4.50221e-05	280.000000	5.33673e-05	280.000000	5.39742e-05	280.000000	5.2994e-05	280.000000	5.39763e-05	280.000000	5.33546e-05	280.000000	1.27779e-08	
290.000000	4.41479e-05	290.000000	5.23e-05  	290.000000	5.29276e-05	290.000000	5.19411e-05	290.000000	5.29309e-05	290.000000	5.22876e-05	290.000000	1.23731e-08	
300.000000	4.33291e-05	300.000000	5.13024e-05	300.000000	5.19505e-05	300.000000	5.0958e-05	300.000000	5.19522e-05	300.000000	5.12904e-05	300.000000	1.19941e-08	
310.000000	4.25606e-05	310.000000	5.03681e-05	310.000000	5.10357e-05	310.000000	5.00382e-05	310.000000	5.10373e-05	310.000000	5.03564e-05	310.000000	1.16385e-08	
320.000000	4.18379e-05	320.000000	4.94913e-05	320.000000	5.01779e-05	320.000000	4.91759e-05	320.000000	5.01786e-05	320.000000	4.948e-05 	320.000000	1.13042e-08	
330.000000	4.11572e-05	330.000000	4.86671e-05	330.000000	4.93727e-05	330.000000	4.8366e-05	330.000000	4.93714e-05	330.000000	4.86561e-05	330.000000	1.09892e-08	
340.000000	4.05148e-05	340.000000	4.7891e-05	340.000000	4.86136e-05	340.000000	4.76041e-05	340.000000	4.86126e-05	340.000000	4.78803e-05	340.000000	1.0692e-08	
350.000000	3.99077e-05	350.000000	4.71589e-05	350.000000	4.78955e-05	350.000000	4.68861e-05	350.000000	4.78958e-05	350.000000	4.71485e-05	350.000000	1.0411e-08	
360.000000	3.93331e-05	360.000000	4.64673e-05	360.000000	4.72192e-05	360.000000	4.62086e-05	360.000000	4.72196e-05	360.000000	4.64572e-05	360.000000	1.0145e-08	
370.000000	3.87886e-05	370.000000	4.58131e-05	370.000000	4.65818e-05	370.000000	4.55682e-05	370.000000	4.65808e-05	370.000000	4.58032e-05	370.000000	9.89273e-09	
380.000000	3.82718e-05	380.000000	4.51934e-05	380.000000	4.59767e-05	380.000000	4.49621e-05	380.000000	4.59747e-05	380.000000	4.51837e-05	380.000000	9.65317e-09	
390.000000	3.77808e-05	390.000000	4.46056e-05	390.000000	4.54015e-05	390.000000	4.43878e-05	390.000000	4.54008e-05	390.000000	4.45962e-05	390.000000	9.42536e-09	
400.000000	3.73138e-05	400.000000	4.40474e-05	400.000000	4.48554e-05	400.000000	4.3843e-05	400.000000	4.48566e-05	400.000000	4.40382e-05	400.000000	9.20846e-09	
410.000000	3.6869e-05	410.000000	4.35168e-05	410.000000	4.43378e-05	410.000000	4.33255e-05	410.000000	4.43384e-05	410.000000	4.35078e-05	410.000000	9.00169e-09	
420.000000	3.6445e-05	420.000000	4.30118e-05	420.000000	4.38472e-05	420.000000	4.28334e-05	420.000000	4.38458e-05	420.000000	4.3003e-05	420.000000	8.80435e-09	
430.000000	3.60404e-05	430.000000	4.25306e-05	430.000000	4.33802e-05	430.000000	4.23649e-05	430.000000	4.33772e-05	430.000000	4.2522e-05	430.000000	8.61579e-09	
440.000000	3.5654e-05	440.000000	4.20718e-05	440.000000	4.29337e-05	440.000000	4.19186e-05	440.000000	4.29302e-05	440.000000	4.20634e-05	440.000000	8.43544e-09	
450.000000	3.52845e-05	450.000000	4.16338e-05	450.000000	4.25069e-05	450.000000	4.1493e-05	450.000000	4.25034e-05	450.000000	4.16256e-05	450.000000	8.26277e-09	
460.000000	3.49311e-05	460.000000	4.12154e-05	460.000000	4.20998e-05	460.000000	4.10866e-05	460.000000	4.20963e-05	460.000000	4.12073e-05	460.000000	8.09729e-09	
470.000000	3.45926e-05	470.000000	4.08153e-05	470.000000	4.17109e-05	470.000000	4.06985e-05	470.000000	4.17075e-05	470.000000	4.08074e-05	470.000000	7.93855e-09	
480.000000	3.42683e-05	480.000000	4.04325e-05	480.000000	4.13381e-05	480.000000	4.03273e-05	480.000000	4.13349e-05	480.000000	4.04247e-05	480.000000	7.78614e-09	
490.000000	3.39573e-05	490.000000	4.00658e-05	490.000000	4.09802e-05	490.000000	3.99721e-05	490.000000	4.09784e-05	490.000000	4.00582e-05	490.000000	7.6397e-09	
500.000000	3.36588e-05	500.000000	3.97144e-05	500.000000	4.06375e-05	500.000000	3.96319e-05	500.000000	4.06372e-05	500.000000	3.97069e-05	500.000000	7.49886e-09	
520.000000	3.30967e-05	520.000000	3.9054e-05	520.000000	3.99965e-05	520.000000	3.89933e-05	520.000000	3.99962e-05	520.000000	3.90468e-05	520.000000	7.23277e-09	
540.000000	3.2577e-05	540.000000	3.8445e-05	540.000000	3.94075e-05	540.000000	3.84053e-05	540.000000	3.94053e-05	540.000000	3.8438e-05	540.000000	6.98557e-09	
560.000000	3.20956e-05	560.000000	3.78821e-05	560.000000	3.8862e-05	560.000000	3.78624e-05	560.000000	3.886e-05 	560.000000	3.78753e-05	560.000000	6.75531e-09	
580.000000	3.16485e-05	580.000000	3.73605e-05	580.000000	3.83551e-05	580.000000	3.73601e-05	580.000000	3.83546e-05	580.000000	3.7354e-05	580.000000	6.54027e-09	
600.000000	3.12326e-05	600.000000	3.68764e-05	600.000000	3.78868e-05	600.000000	3.68943e-05	600.000000	3.78864e-05	600.000000	3.687e-05 	600.000000	6.33899e-09	
620.000000	3.0845e-05	620.000000	3.64261e-05	620.000000	3.74524e-05	620.000000	3.64616e-05	620.000000	3.74504e-05	620.000000	3.64199e-05	620.000000	6.15016e-09	
640.000000	3.04832e-05	640.000000	3.60066e-05	640.000000	3.70458e-05	640.000000	3.60588e-05	640.000000	3.70449e-05	640.000000	3.60006e-05	640.000000	5.97265e-09	
660.000000	3.0145e-05	660.000000	3.56151e-05	660.000000	3.66668e-05	660.000000	3.56832e-05	660.000000	3.66666e-05	660.000000	3.56093e-05	660.000000	5.80546e-09	
680.000000	2.98285e-05	680.000000	3.52493e-05	680.000000	3.63146e-05	680.000000	3.53324e-05	680.000000	3.63128e-05	680.000000	3.52437e-05	680.000000	5.6477e-09	
700.000000	2.95318e-05	700.000000	3.4907e-05	700.000000	3.59848e-05	700.000000	3.50043e-05	700.000000	3.59823e-05	700.000000	3.49015e-05	700.000000	5.4986e-09	
720.000000	2.92534e-05	720.000000	3.45863e-05	720.000000	3.56745e-05	720.000000	3.4697e-05	720.000000	3.56723e-05	720.000000	3.4581e-05	720.000000	5.35744e-09	
740.000000	2.89919e-05	740.000000	3.42855e-05	740.000000	3.53829e-05	740.000000	3.44089e-05	740.000000	3.53814e-05	740.000000	3.42803e-05	740.000000	5.2236e-09	
760.000000	2.8746e-05	760.000000	3.40031e-05	760.000000	3.51094e-05	760.000000	3.41383e-05	760.000000	3.51085e-05	760.000000	3.3998e-05	760.000000	5.09652e-09	
780.000000	2.85147e-05	780.000000	3.37376e-05	780.000000	3.48523e-05	780.000000	3.38839e-05	780.000000	3.48516e-05	780.000000	3.37326e-05	780.000000	4.9757e-09	
800.000000	2.82969e-05	800.000000	3.34879e-05	800.000000	3.46103e-05	800.000000	3.36446e-05	800.000000	3.46097e-05	800.000000	3.3483e-05	800.000000	4.86068e-09	
820.000000	2.80916e-05	820.000000	3.32528e-05	820.000000	3.43823e-05	820.000000	3.34191e-05	820.000000	3.4382e-05	820.000000	3.3248e-05	820.000000	4.75104e-09	
840.000000	2.7898e-05	840.000000	3.30313e-05	840.000000	3.41672e-05	840.000000	3.32065e-05	840.000000	3.41671e-05	840.000000	3.30266e-05	840.000000	4.64641e-09	
860.000000	2.77153e-05	860.000000	3.28224e-05	860.000000	3.39642e-05	860.000000	3.30058e-05	860.000000	3.39641e-05	860.000000	3.28179e-05	860.000000	4.54645e-09	
880.000000	2.75429e-05	880.000000	3.26254e-05	880.000000	3.37724e-05	880.000000	3.28163e-05	880.000000	3.37725e-05	880.000000	3.2621e-05	880.000000	4.45085e-09	
900.000000	2.73801e-05	900.000000	3.24394e-05	900.000000	3.35911e-05	900.000000	3.26372e-05	900.000000	3.35915e-05	900.000000	3.24351e-05	900.000000	4.35934e-09	
920.000000	2.72263e-05	920.000000	3.22638e-05	920.000000	3.34196e-05	920.000000	3.24677e-05	920.000000	3.34197e-05	920.000000	3.22596e-05	920.000000	4.27164e-09	
940.000000	2.7081e-05	940.000000	3.20979e-05	940.000000	3.32571e-05	940.000000	3.23073e-05	940.000000	3.32572e-05	940.000000	3.20937e-05	940.000000	4.18752e-09	
960.000000	2.69436e-05	960.000000	3.19411e-05	960.000000	3.31032e-05	960.000000	3.21553e-05	960.000000	3.31034e-05	960.000000	3.1937e-05	960.000000	4.10677e-09	
980.000000	2.68138e-05	980.000000	3.17929e-05	980.000000	3.29573e-05	980.000000	3.20113e-05	980.000000	3.29577e-05	980.000000	3.17889e-05	980.000000	4.02919e-09	
1000.000000	2.6691e-05	1000.000000	3.16528e-05	1000.000000	3.28189e-05	1000.000000	3.18747e-05	1000.000000	3.28191e-05	1000.000000	3.16488e-05	1000.000000	3.95459e-09	
1020.000000	2.65749e-05	1020.000000	3.15202e-05	1020.000000	3.26876e-05	1020.000000	3.17451e-05	1020.000000	3.26876e-05	1020.000000	3.15163e-05	1020.000000	3.88279e-09	
1040.000000	2.64652e-05	1040.000000	3.13948e-05	1040.000000	3.25629e-05	1040.000000	3.1622e-05	1040.000000	3.2563e-05	1040.000000	3.1391e-05	1040.000000	3.81365e-09	
1060.000000	2.63614e-05	1060.000000	3.12762e-05	1060.000000	3.24444e-05	1060.000000	3.15051e-05	1060.000000	3.24447e-05	1060.000000	3.12725e-05	1060.000000	3.74701e-09	
1080.000000	2.62634e-05	1080.000000	3.1164e-05	1080.000000	3.23318e-05	1080.000000	3.13941e-05	1080.000000	3.23318e-05	1080.000000	3.11603e-05	1080.000000	3.68274e-09	
1100.000000	2.61707e-05	1100.000000	3.10579e-05	1100.000000	3.22247e-05	1100.000000	3.12885e-05	1100.000000	3.22246e-05	1100.000000	3.10543e-05	1100.000000	3.62072e-09	
1120.000000	2.60832e-05	1120.000000	3.09575e-05	1120.000000	3.21229e-05	1120.000000	3.11882e-05	1120.000000	3.21227e-05	1120.000000	3.09539e-05	1120.000000	3.56083e-09	
1140.000000	2.60005e-05	1140.000000	3.08625e-05	1140.000000	3.20259e-05	1140.000000	3.10927e-05	1140.000000	3.20259e-05	1140.000000	3.0859e-05	1140.000000	3.50295e-09	
1160.000000	2.59225e-05	1160.000000	3.07727e-05	1160.000000	3.19337e-05	1160.000000	3.10018e-05	1160.000000	3.19336e-05	1160.000000	3.07693e-05	1160.000000	3.447e-09 	
1180.000000	2.58489e-05	1180.000000	3.06879e-05	1180.000000	3.18459e-05	1180.000000	3.09153e-05	1180.000000	3.18456e-05	1180.000000	3.06845e-05	1180.000000	3.39286e-09	
1200.000000	2.57795e-05	1200.000000	3.06077e-05	1200.000000	3.17623e-05	1200.000000	3.0833e-05	1200.000000	3.17618e-05	1200.000000	3.06044e-05	1200.000000	3.34046e-09	
1220.000000	2.57141e-05	1220.000000	3.0532e-05	1220.000000	3.16827e-05	1220.000000	3.07546e-05	1220.000000	3.16822e-05	1220.000000	3.05287e-05	1220.000000	3.28971e-09	
1240.000000	2.56525e-05	1240.000000	3.04604e-05	1240.000000	3.16069e-05	1240.000000	3.06799e-05	1240.000000	3.16063e-05	1240.000000	3.04572e-05	1240.000000	3.24053e-09	
1260.000000	2.55946e-05	1260.000000	3.0393e-05	1260.000000	3.15347e-05	1260.000000	3.06087e-05	1260.000000	3.15339e-05	1260.000000	3.03898e-05	1260.000000	3.19285e-09	
1280.000000	2.55403e-05	1280.000000	3.03294e-05	1280.000000	3.14658e-05	1280.000000	3.0541e-05	1280.000000	3.14647e-05	1280.000000	3.03262e-05	1280.000000	3.1466e-09	
1300.000000	2.54892e-05	1300.000000	3.02694e-05	1300.000000	3.14e-05  	1300.000000	3.04764e-05	1300.000000	3.13989e-05	1300.000000	3.02663e-05	1300.000000	3.10172e-09	
1320.000000	2.54414e-05	1320.000000	3.0213e-05	1320.000000	3.13372e-05	1320.000000	3.04148e-05	1320.000000	3.13363e-05	1320.000000	3.02099e-05	1320.000000	3.05815e-09	
1340.000000	2.53967e-05	1340.000000	3.01599e-05	1340.000000	3.12772e-05	1340.000000	3.03561e-05	1340.000000	3.12766e-05	1340.000000	3.01569e-05	1340.000000	3.01583e-09	
1360.000000	2.53549e-05	1360.000000	3.01101e-05	1360.000000	3.12199e-05	1360.000000	3.03002e-05	1360.000000	3.12196e-05	1360.000000	3.01071e-05	1360.000000	2.9747e-09	
1380.000000	2.5316e-05	1380.000000	3.00633e-05	1380.000000	3.11653e-05	1380.000000	3.02469e-05	1380.000000	3.11651e-05	1380.000000	3.00603e-05	1380.000000	2.93472e-09	
1400.000000	2.52797e-05	1400.000000	3.00194e-05	1400.000000	3.11132e-05	1400.000000	3.01961e-05	1400.000000	3.11132e-05	1400.000000	3.00165e-05	1400.000000	2.89584e-09	
1420.000000	2.52461e-05	1420.000000	2.99784e-05	1420.000000	3.10635e-05	1420.000000	3.01477e-05	1420.000000	3.10638e-05	1420.000000	2.99756e-05	1420.000000	2.85801e-09	
1440.000000	2.5215e-05	1440.000000	2.99401e-05	1440.000000	3.10162e-05	1440.000000	3.01016e-05	1440.000000	3.10167e-05	1440.000000	2.99373e-05	1440.000000	2.82119e-09	
1460.000000	2.51863e-05	1460.000000	2.99044e-05	1460.000000	3.09711e-05	1460.000000	3.00576e-05	1460.000000	3.09719e-05	1460.000000	2.99016e-05	1460.000000	2.78534e-09	
1480.000000	2.516e-05 	1480.000000	2.98712e-05	1480.000000	3.09282e-05	1480.000000	3.00157e-05	1480.000000	3.0929e-05	1480.000000	2.98684e-05	1480.000000	2.75042e-09	
1500.000000	2.51359e-05	1500.000000	2.98404e-05	1500.000000	3.08873e-05	1500.000000	2.99758e-05	1500.000000	3.08881e-05	1500.000000	2.98377e-05	1500.000000	2.7164e-09	
1520.000000	2.5114e-05	1520.000000	2.98119e-05	1520.000000	3.08484e-05	1520.000000	2.99378e-05	1520.000000	3.08491e-05	1520.000000	2.98092e-05	1520.000000	2.68323e-09	
1540.000000	2.50941e-05	1540.000000	2.97855e-05	1540.000000	3.08114e-05	1540.000000	2.99016e-05	1540.000000	3.08121e-05	1540.000000	2.97829e-05	1540.000000	2.6509e-09	
1560.000000	2.50762e-05	1560.000000	2.97614e-05	1560.000000	3.07762e-05	1560.000000	2.98672e-05	1560.000000	3.07768e-05	1560.000000	2.97587e-05	1560.000000	2.61936e-09	
1580.000000	2.50603e-05	1580.000000	2.97392e-05	1580.000000	3.07427e-05	1580.000000	2.98344e-05	1580.000000	3.07432e-05	1580.000000	2.97366e-05	1580.000000	2.58859e-09	
1600.000000	2.50463e-05	1600.000000	2.97191e-05	1600.000000	3.07109e-05	1600.000000	2.98032e-05	1600.000000	3.07112e-05	1600.000000	2.97165e-05	1600.000000	2.55856e-09	
1620.000000	2.50341e-05	1620.000000	2.97008e-05	1620.000000	3.06806e-05	1620.000000	2.97735e-05	1620.000000	3.06806e-05	1620.000000	2.96983e-05	1620.000000	2.52924e-09	
1640.000000	2.50236e-05	1640.000000	2.96844e-05	1640.000000	3.06517e-05	1640.000000	2.97453e-05	1640.000000	3.06516e-05	1640.000000	2.96819e-05	1640.000000	2.50061e-09	
1660.000000	2.50148e-05	1660.000000	2.96697e-05	1660.000000	3.06243e-05	1660.000000	2.97184e-05	1660.000000	3.0624e-05	1660.000000	2.96673e-05	1660.000000	2.47265e-09	
1680.000000	2.50077e-05	1680.000000	2.96568e-05	1680.000000	3.05983e-05	1680.000000	2.9693e-05	1680.000000	3.05978e-05	1680.000000	2.96543e-05	1680.000000	2.44532e-09	
1700.000000	2.50021e-05	1700.000000	2.96455e-05	1700.000000	3.05735e-05	1700.000000	2.96688e-05	1700.000000	3.0573e-05	1700.000000	2.96431e-05	1700.000000	2.41861e-09	
1750.000000	2.49948e-05	1750.000000	2.9624e-05	1750.000000	3.05169e-05	1750.000000	2.96137e-05	1750.000000	3.05161e-05	1750.000000	2.96217e-05	1750.000000	2.35441e-09	
1800.000000	2.49963e-05	1800.000000	2.96117e-05	1800.000000	3.04671e-05	1800.000000	2.95656e-05	1800.000000	3.04662e-05	1800.000000	2.96094e-05	1800.000000	2.29364e-09	
1850.000000	2.50061e-05	1850.000000	2.96077e-05	1850.000000	3.04235e-05	1850.000000	2.95239e-05	1850.000000	3.0423e-05	1850.000000	2.96055e-05	1850.000000	2.23604e-09	
1900.000000	2.50235e-05	1900.000000	2.96115e-05	1900.000000	3.03857e-05	1900.000000	2.94879e-05	1900.000000	3.03855e-05	1900.000000	2.96093e-05	1900.000000	2.18135e-09	
1950.000000	2.5048e-05	1950.000000	2.96224e-05	1950.000000	3.03532e-05	1950.000000	2.94572e-05	1950.000000	3.03533e-05	1950.000000	2.96203e-05	1950.000000	2.12936e-09	
2000.000000	2.50791e-05	2000.000000	2.96399e-05	2000.000000	3.03257e-05	2000.000000	2.94313e-05	2000.000000	3.03261e-05	2000.000000	2.96378e-05	2000.000000	2.07987e-09	
2100.000000	2.51594e-05	2100.000000	2.96928e-05	2100.000000	3.0284e-05	2100.000000	2.93921e-05	2100.000000	3.02844e-05	2100.000000	2.96908e-05	2100.000000	1.98771e-09	
2200.000000	2.52616e-05	2200.000000	2.97668e-05	2200.000000	3.02577e-05	2200.000000	2.93676e-05	2200.000000	3.02577e-05	2200.000000	2.97649e-05	2200.000000	1.90361e-09	
2300.000000	2.5383e-05	2300.000000	2.98593e-05	2300.000000	3.0244e-05	2300.000000	2.93554e-05	2300.000000	3.02433e-05	2300.000000	2.98574e-05	2300.000000	1.82657e-09	
2400.000000	2.55215e-05	2400.000000	2.99678e-05	2400.000000	3.02405e-05	2400.000000	2.93535e-05	2400.000000	3.02395e-05	2400.000000	2.99661e-05	2400.000000	1.75571e-09	
2500.000000	2.56754e-05	2500.000000	3.00905e-05	2500.000000	3.02456e-05	2500.000000	2.93604e-05	2500.000000	3.02446e-05	2500.000000	3.00888e-05	2500.000000	1.69031e-09	
2600.000000	2.58432e-05	2600.000000	3.02257e-05	2600.000000	3.02581e-05	2600.000000	2.93747e-05	2600.000000	3.02574e-05	2600.000000	3.02241e-05	2600.000000	1.62977e-09	
2700.000000	2.60236e-05	2700.000000	3.03721e-05	2700.000000	3.02771e-05	2700.000000	2.93953e-05	2700.000000	3.02764e-05	2700.000000	3.03705e-05	2700.000000	1.57354e-09	
2800.000000	2.62154e-05	2800.000000	3.05283e-05	2800.000000	3.03015e-05	2800.000000	2.94214e-05	2800.000000	3.03011e-05	2800.000000	3.05268e-05	2800.000000	1.52119e-09	
2900.000000	2.64177e-05	2900.000000	3.06933e-05	2900.000000	3.03307e-05	2900.000000	2.9452e-05	2900.000000	3.03304e-05	2900.000000	3.06919e-05	2900.000000	1.47232e-09	
3000.000000	2.66296e-05	3000.000000	3.08664e-05	3000.000000	3.0364e-05	3000.000000	2.94866e-05	3000.000000	3.03638e-05	3000.000000	3.08649e-05	3000.000000	1.42658e-09	
3200.000000	2.70794e-05	3200.000000	3.12332e-05	3200.000000	3.04406e-05	3200.000000	2.95653e-05	3200.000000	3.04402e-05	3200.000000	3.12319e-05	3200.000000	1.34339e-09	
3400.000000	2.75599e-05	3400.000000	3.16236e-05	3400.000000	3.05273e-05	3400.000000	2.96538e-05	3400.000000	3.05268e-05	3400.000000	3.16223e-05	3400.000000	1.26965e-09	
3600.000000	2.80672e-05	3600.000000	3.20334e-05	3600.000000	3.06213e-05	3600.000000	2.97495e-05	3600.000000	3.06208e-05	3600.000000	3.20322e-05	3600.000000	1.20381e-09	
3800.000000	2.85982e-05	3800.000000	3.24596e-05	3800.000000	3.07205e-05	3800.000000	2.98503e-05	3800.000000	3.07199e-05	3800.000000	3.24584e-05	3800.000000	1.14466e-09	
4000.000000	2.91505e-05	4000.000000	3.28995e-05	4000.000000	3.08233e-05	4000.000000	2.99546e-05	4000.000000	3.08228e-05	4000.000000	3.28984e-05	4000.000000	1.09122e-09	
4200.000000	2.9722e-05	4200.000000	3.3351e-05	4200.000000	3.09286e-05	4200.000000	3.00613e-05	4200.000000	3.09281e-05	4200.000000	3.33499e-05	4200.000000	1.0427e-09	
4400.000000	3.03109e-05	4400.000000	3.38124e-05	4400.000000	3.10353e-05	4400.000000	3.01694e-05	4400.000000	3.10349e-05	4400.000000	3.38114e-05	4400.000000	9.98433e-10	
4600.000000	3.09161e-05	4600.000000	3.42825e-05	4600.000000	3.11429e-05	4600.000000	3.02783e-05	4600.000000	3.11426e-05	4600.000000	3.42815e-05	4600.000000	9.57883e-10	
4800.000000	3.15362e-05	4800.000000	3.47599e-05	4800.000000	3.12506e-05	4800.000000	3.03874e-05	4800.000000	3.12505e-05	4800.000000	3.4759e-05	4800.000000	9.20596e-10	
5000.000000	3.21702e-05	5000.000000	3.52437e-05	5000.000000	3.13583e-05	5000.000000	3.04962e-05	5000.000000	3.13583e-05	5000.000000	3.52428e-05	5000.000000	8.86188e-10	
5250.000000	3.29812e-05	5250.000000	3.58563e-05	5250.000000	3.14921e-05	5250.000000	3.06315e-05	5250.000000	3.14923e-05	5250.000000	3.58554e-05	5250.000000	8.46739e-10	
5500.000000	3.38114e-05	5500.000000	3.64762e-05	5500.000000	3.16247e-05	5500.000000	3.07655e-05	5500.000000	3.16251e-05	5500.000000	3.64754e-05	5500.000000	8.10755e-10	
6000.000000	3.55248e-05	6000.000000	3.77342e-05	6000.000000	3.1885e-05	6000.000000	3.10284e-05	6000.000000	3.18856e-05	6000.000000	3.77335e-05	6000.000000	7.47484e-10	
6500.000000	3.73032e-05	6500.000000	3.90108e-05	6500.000000	3.21377e-05	6500.000000	3.12831e-05	6500.000000	3.21381e-05	6500.000000	3.90101e-05	6500.000000	6.9363e-10	
7000.000000	3.91416e-05	7000.000000	4.03012e-05	7000.000000	3.23819e-05	7000.000000	3.15289e-05	7000.000000	3.23818e-05	7000.000000	4.03006e-05	7000.000000	6.47218e-10	
7500.000000	4.10361e-05	7500.000000	4.1602e-05	7500.000000	3.26174e-05	7500.000000	3.17658e-05	7500.000000	3.26165e-05	7500.000000	4.16014e-05	7500.000000	6.06793e-10	
8000.000000	4.29838e-05	8000.000000	4.29107e-05	8000.000000	3.28432e-05	8000.000000	3.19936e-05	8000.000000	3.28422e-05	8000.000000	4.29101e-05	8000.000000	5.71256e-10	
8500.000000	4.49825e-05	8500.000000	4.42252e-05	8500.000000	3.30596e-05	8500.000000	3.22129e-05	8500.000000	3.30593e-05	8500.000000	4.42247e-05	8500.000000	5.39764e-10	
9000.000000	4.70306e-05	9000.000000	4.55442e-05	9000.000000	3.32675e-05	9000.000000	3.24238e-05	9000.000000	3.32681e-05	9000.000000	4.55437e-05	9000.000000	5.11657e-10	
9500.000000	4.91265e-05	9500.000000	4.68664e-05	9500.000000	3.34683e-05	9500.000000	3.26269e-05	9500.000000	3.3469e-05	9500.000000	4.68659e-05	9500.000000	4.86412e-10	
10000.000000	5.12694e-05	10000.000000	4.81911e-05	10000.000000	3.36622e-05	10000.000000	3.28225e-05	10000.000000	3.36623e-05	10000.000000	4.81907e-05	10000.000000	4.6361e-10	
11000.000000	5.56922e-05	11000.000000	5.08451e-05	11000.000000	3.40287e-05	11000.000000	3.31931e-05	11000.000000	3.40282e-05	11000.000000	5.08447e-05	11000.000000	4.24028e-10	
12000.000000	6.02941e-05	12000.000000	5.35021e-05	12000.000000	3.43681e-05	12000.000000	3.35386e-05	12000.000000	3.43688e-05	12000.000000	5.35017e-05	12000.000000	3.90838e-10	
13000.000000	6.50714e-05	13000.000000	5.61595e-05	13000.000000	3.46856e-05	13000.000000	3.38619e-05	13000.000000	3.46869e-05	13000.000000	5.61592e-05	13000.000000	3.62596e-10	
14000.000000	7.00218e-05	14000.000000	5.88156e-05	14000.000000	3.49845e-05	14000.000000	3.41655e-05	14000.000000	3.4985e-05	14000.000000	5.88153e-05	14000.000000	3.38263e-10	
15000.000000	7.51439e-05	15000.000000	6.14692e-05	15000.000000	3.52665e-05	15000.000000	3.44514e-05	15000.000000	3.52652e-05	15000.000000	6.14689e-05	15000.000000	3.17074e-10	
16000.000000	8.04366e-05	16000.000000	6.41196e-05	16000.000000	3.55318e-05	16000.000000	3.47215e-05	16000.000000	3.55292e-05	16000.000000	6.41193e-05	16000.000000	2.9845e-10	
17000.000000	8.58994e-05	17000.000000	6.67663e-05	17000.000000	3.57816e-05	17000.000000	3.49773e-05	17000.000000	3.57787e-05	17000.000000	6.6766e-05	17000.000000	2.8195e-10	
18000.000000	9.1532e-05	18000.000000	6.94089e-05	18000.000000	3.60174e-05	18000.000000	3.52203e-05	18000.000000	3.60151e-05	18000.000000	6.94087e-05	18000.000000	2.67226e-10	
19000.000000	9.73342e-05	19000.000000	7.20473e-05	19000.000000	3.62408e-05	19000.000000	3.54515e-05	19000.000000	3.62394e-05	19000.000000	7.20471e-05	19000.000000	2.54004e-10	
20000.000000	0.000103306	20000.000000	7.46813e-05	20000.000000	3.64531e-05	20000.000000	3.56721e-05	20000.000000	3.64528e-05	20000.000000	7.46811e-05	20000.000000	2.42063e-10	
21000.000000	0.000109448	21000.000000	7.73109e-05	21000.000000	3.6656e-05	21000.000000	3.5883e-05	21000.000000	3.66563e-05	21000.000000	7.73107e-05	21000.000000	2.31223e-10	
22000.000000	0.000115761	22000.000000	7.99361e-05	22000.000000	3.6851e-05	22000.000000	3.60849e-05	22000.000000	3.68504e-05	22000.000000	7.99359e-05	22000.000000	2.21339e-10	
23000.000000	0.000122244	23000.000000	8.25569e-05	23000.000000	3.70365e-05	23000.000000	3.62785e-05	23000.000000	3.70363e-05	23000.000000	8.25567e-05	23000.000000	2.12288e-10	
24000.000000	0.000128899	24000.000000	8.51733e-05	24000.000000	3.72141e-05	24000.000000	3.64646e-05	24000.000000	3.7214e-05	24000.000000	8.51731e-05	24000.000000	2.03967e-10	
25000.000000	0.000135725	25000.000000	8.77854e-05	25000.000000	3.73853e-05	25000.000000	3.66437e-05	25000.000000	3.73846e-05	25000.000000	8.77852e-05	25000.000000	1.96292e-10	
26000.000000	0.000142725	26000.000000	9.03933e-05	26000.000000	3.75496e-05	26000.000000	3.68162e-05	26000.000000	3.75483e-05	26000.000000	9.03931e-05	26000.000000	1.89189e-10	
27000.000000	0.000149897	27000.000000	9.2997e-05	27000.000000	3.77067e-05	27000.000000	3.69826e-05	27000.000000	3.77058e-05	27000.000000	9.29968e-05	27000.000000	1.82595e-10	
28000.000000	0.000157243	28000.000000	9.55966e-05	28000.000000	3.78575e-05	28000.000000	3.71434e-05	28000.000000	3.78572e-05	28000.000000	9.55965e-05	28000.000000	1.76459e-10	
29000.000000	0.000164764	29000.000000	9.81923e-05	29000.000000	3.80031e-05	29000.000000	3.72988e-05	29000.000000	3.80032e-05	29000.000000	9.81921e-05	29000.000000	1.70732e-10	
30000.000000	0.000172461	30000.000000	0.000100784	30000.000000	3.81438e-05	30000.000000	3.74493e-05	30000.000000	3.81439e-05	30000.000000	0.000100784	30000.000000	1.65375e-10	
32000.000000	0.000188384	32000.000000	0.000105956	32000.000000	3.84114e-05	32000.000000	3.77366e-05	32000.000000	3.84112e-05	32000.000000	0.000105956	32000.000000	1.55636e-10	
34000.000000	0.000205018	34000.000000	0.000111114	34000.000000	3.8662e-05	34000.000000	3.80073e-05	34000.000000	3.86608e-05	34000.000000	0.000111114	34000.000000	1.47009e-10	
36000.000000	0.000222371	36000.000000	0.000116257	36000.000000	3.88962e-05	36000.000000	3.82632e-05	36000.000000	3.88947e-05	36000.000000	0.000116257	36000.000000	1.39312e-10	
38000.000000	0.000240451	38000.000000	0.000121388	38000.000000	3.91152e-05	38000.000000	3.85059e-05	38000.000000	3.91148e-05	38000.000000	0.000121387	38000.000000	1.32401e-10	
40000.000000	0.000259263	40000.000000	0.000126505	40000.000000	3.93212e-05	40000.000000	3.87366e-05	40000.000000	3.93221e-05	40000.000000	0.000126505	40000.000000	1.2616e-10	
42000.000000	0.000278817	42000.000000	0.00013161	42000.000000	3.95162e-05	42000.000000	3.89564e-05	42000.000000	3.95176e-05	42000.000000	0.00013161	42000.000000	1.20496e-10	
44000.000000	0.000299119	44000.000000	0.000136704	44000.000000	3.97018e-05	44000.000000	3.91664e-05	44000.000000	3.9703e-05	44000.000000	0.000136704	44000.000000	1.15332e-10	
46000.000000	0.000320177	46000.000000	0.000141786	46000.000000	3.98792e-05	46000.000000	3.93674e-05	46000.000000	3.98782e-05	46000.000000	0.000141786	46000.000000	1.10604e-10	
48000.000000	0.000342  	48000.000000	0.000146858	48000.000000	4.00487e-05	48000.000000	3.956e-05 	48000.000000	4.00449e-05	48000.000000	0.000146858	48000.000000	1.06258e-10	
50000.000000	0.000364594	50000.000000	0.00015192	50000.000000	4.02096e-05	50000.000000	3.97451e-05	50000.000000	4.02031e-05	50000.000000	0.000151919	50000.000000	1.02249e-10	
