! 76Ge energy loss (dE/dX) in He
! apply ZOOM for details
Energy (MeV/u)1	0 - [He-base] F.Hubert et al, AD&ND Tables 46(1990)1	Energy (MeV/u)2	1 - [H -base] J.F.Ziegler et al,Pergamon Press,NY(low energy)	Energy (MeV/u)3	2 - ATIMA 1.2 LS-theory (recommended for high energy)	Energy (MeV/u)4	3 - ATIMA 1.2 without LS-correction	Energy (MeV/u)5	4 - ATIMA 1.4 H.Weick, improved mean charge formula for HI	Energy (MeV/u)6	5 - electrical component of [1] - J.F.Ziegler et al	Energy (MeV/u)7	6 - nuclear component of [1] - J.F.Ziegler et al	
0.001000	0.000162382	0.001000	0.000189466	0.001000	0.000160365	0.001000	0.000160365	0.001000	0.000160374	0.001000	4.87295e-05	0.001000	0.000140737	
0.002000	0.000165504	0.002000	0.000188554	0.002000	0.000153116	0.002000	0.000153116	0.002000	0.000153123	0.002000	6.31944e-05	0.002000	0.000125359	
0.005000	0.000167177	0.005000	0.000181959	0.005000	0.000136737	0.005000	0.000136737	0.005000	0.000136741	0.005000	8.91058e-05	0.005000	9.28529e-05	
0.008000	0.000171143	0.008000	0.000181213	0.008000	0.000130442	0.008000	0.000130442	0.008000	0.000130445	0.008000	0.00010628	0.008000	7.49335e-05	
0.010000	0.000174532	0.010000	0.000182391	0.010000	0.000128895	0.010000	0.000128895	0.010000	0.000128898	0.010000	0.000115556	0.010000	6.68355e-05	
0.015000	0.000183862	0.015000	0.000187841	0.015000	0.000129315	0.015000	0.000129315	0.015000	0.000129317	0.015000	0.000134532	0.015000	5.33082e-05	
0.020000	0.000193324	0.020000	0.000194686	0.020000	0.000132593	0.020000	0.000132593	0.020000	0.000132594	0.020000	0.000149858	0.020000	4.48281e-05	
0.025000	0.000202463	0.025000	0.000201875	0.025000	0.000137061	0.025000	0.000137061	0.025000	0.000137062	0.025000	0.000162937	0.025000	3.89376e-05	
0.030000	0.000211171	0.030000	0.000209038	0.030000	0.00014206	0.030000	0.00014206	0.030000	0.000142061	0.030000	0.000174467	0.030000	3.45715e-05	
0.035000	0.000223661	0.035000	0.000216036	0.035000	0.000147287	0.035000	0.000147287	0.035000	0.000147289	0.035000	0.000184849	0.035000	3.11866e-05	
0.040000	0.000234535	0.040000	0.000222816	0.040000	0.000152591	0.040000	0.000152591	0.040000	0.000152592	0.040000	0.000194341	0.040000	2.84744e-05	
0.045000	0.000243455	0.045000	0.000234495	0.045000	0.000162897	0.045000	0.000162897	0.045000	0.000162898	0.045000	0.00020825	0.045000	2.62456e-05	
0.050000	0.000250375	0.050000	0.000251253	0.050000	0.000179435	0.050000	0.000179435	0.050000	0.000179436	0.050000	0.000226876	0.050000	2.43769e-05	
0.055000	0.000262653	0.055000	0.000266975	0.055000	0.000196256	0.055000	0.000196256	0.055000	0.000196257	0.055000	0.000244404	0.055000	2.25719e-05	
0.060000	0.00027399	0.060000	0.000282339	0.060000	0.000213658	0.060000	0.000213658	0.060000	0.000213659	0.060000	0.000261126	0.060000	2.12136e-05	
0.070000	0.000293367	0.070000	0.000311869	0.070000	0.000249041	0.070000	0.000249041	0.070000	0.000249041	0.070000	0.000292893	0.070000	1.89767e-05	
0.080000	0.000314793	0.080000	0.000340218	0.080000	0.000284598	0.080000	0.000284598	0.080000	0.000284599	0.080000	0.000323012	0.080000	1.72061e-05	
0.090000	0.000333494	0.090000	0.000367488	0.090000	0.000319777	0.090000	0.000319777	0.090000	0.000319777	0.090000	0.000351722	0.090000	1.57659e-05	
0.100000	0.000350066	0.100000	0.000393634	0.100000	0.000354165	0.100000	0.000354165	0.100000	0.000354166	0.100000	0.000379065	0.100000	1.4569e-05	
0.120000	0.000376829	0.120000	0.000442372	0.120000	0.000419452	0.120000	0.000419452	0.120000	0.000419452	0.120000	0.000429684	0.120000	1.26884e-05	
0.140000	0.000406582	0.140000	0.000504313	0.140000	0.000478979	0.140000	0.000478979	0.140000	0.00047898	0.140000	0.000493041	0.140000	1.12726e-05	
0.160000	0.000433156	0.160000	0.000562276	0.160000	0.000532188	0.160000	0.000532188	0.160000	0.000532188	0.160000	0.000552111	0.160000	1.01643e-05	
0.180000	0.000458158	0.180000	0.000613699	0.180000	0.000579101	0.180000	0.000579101	0.180000	0.000579101	0.180000	0.000604428	0.180000	9.27073e-06	
0.200000	0.000482405	0.200000	0.000659243	0.200000	0.000620087	0.200000	0.000620087	0.200000	0.000620088	0.200000	0.00065071	0.200000	8.53351e-06	
0.250000	0.000524447	0.250000	0.000751914	0.250000	0.000700393	0.250000	0.000700393	0.250000	0.000700394	0.250000	0.000744766	0.250000	7.14847e-06	
0.300000	0.0005664 	0.300000	0.000826537	0.300000	0.000756622	0.300000	0.000756622	0.300000	0.000756622	0.300000	0.000820361	0.300000	6.17608e-06	
0.350000	0.00060395	0.350000	0.000886272	0.350000	0.000796735	0.350000	0.000796735	0.350000	0.000796735	0.350000	0.000880819	0.350000	5.4525e-06	
0.400000	0.000636666	0.400000	0.000932654	0.400000	0.000837786	0.400000	0.000837786	0.400000	0.000837786	0.400000	0.000927762	0.400000	4.89124e-06	
0.450000	0.000664992	0.450000	0.000969094	0.450000	0.000873504	0.450000	0.000873504	0.450000	0.000873504	0.450000	0.000964652	0.450000	4.4421e-06	
0.500000	0.00068942	0.500000	0.000997979	0.500000	0.00090176	0.500000	0.00090176	0.500000	0.000901761	0.500000	0.000993905	0.500000	4.07383e-06	
0.600000	0.000725502	0.600000	0.00107019	0.600000	0.000943409	0.600000	0.000943409	0.600000	0.00094341	0.600000	0.00106669	0.600000	3.50437e-06	
0.700000	0.00074329	0.700000	0.00112385	0.700000	0.000972302	0.700000	0.000972302	0.700000	0.000972303	0.700000	0.00112076	0.700000	3.0831e-06	
0.800000	0.000777591	0.800000	0.00116087	0.800000	0.000992993	0.800000	0.000992993	0.800000	0.000992994	0.800000	0.00115811	0.800000	2.75787e-06	
0.900000	0.000803491	0.900000	0.00118607	0.900000	0.0010079 	0.900000	0.0010079 	0.900000	0.00100791	0.900000	0.00118357	0.900000	2.4986e-06	
1.000000	0.000815988	1.000000	0.00119188	1.000000	0.00101849	1.000000	0.00101849	1.000000	0.00101849	1.000000	0.00118959	1.000000	2.28671e-06	
1.250000	0.00083022	1.250000	0.00118706	1.250000	0.00103169	1.250000	0.00103169	1.250000	0.00103169	1.250000	0.00118517	1.250000	1.8937e-06	
1.500000	0.000831083	1.500000	0.00116958	1.500000	0.00103246	1.500000	0.00103246	1.500000	0.00103246	1.500000	0.00116795	1.500000	1.62189e-06	
1.750000	0.000816465	1.750000	0.00113438	1.750000	0.00102573	1.750000	0.00102573	1.750000	0.00102573	1.750000	0.00113295	1.750000	1.42193e-06	
2.000000	0.00079933	2.000000	0.00109895	2.000000	0.0010144 	2.000000	0.0010144 	2.000000	0.0010144 	2.000000	0.00109769	2.000000	1.26825e-06	
2.250000	0.000783312	2.250000	0.00106638	2.250000	0.00100025	2.250000	0.00100025	2.250000	0.00100025	2.250000	0.00106524	2.250000	1.1462e-06	
2.500000	0.000979967	2.500000	0.0010362 	2.500000	0.000984421	2.500000	0.000984421	2.500000	0.000984422	2.500000	0.00103516	2.500000	1.04677e-06	
3.000000	0.000932974	3.000000	0.000981718	3.000000	0.000944734	3.000000	0.000944734	3.000000	0.000944734	3.000000	0.000980824	3.000000	8.9421e-07	
3.500000	0.000887453	3.500000	0.000932785	3.500000	0.000906142	3.500000	0.000906142	3.500000	0.000906143	3.500000	0.000932002	3.500000	7.82338e-07	
4.000000	0.000844913	4.000000	0.000887523	4.000000	0.000870481	4.000000	0.000870481	4.000000	0.000870482	4.000000	0.000886827	4.000000	6.96576e-07	
4.500000	0.000805724	4.500000	0.000848009	4.500000	0.000837492	4.500000	0.000837492	4.500000	0.000837493	4.500000	0.000847381	4.500000	6.28611e-07	
5.000000	0.000769811	5.000000	0.000813346	5.000000	0.000806924	5.000000	0.000806924	5.000000	0.000806924	5.000000	0.000812773	5.000000	5.73344e-07	
5.500000	0.000736938	5.500000	0.000781639	5.500000	0.00077854	5.500000	0.00077854	5.500000	0.000778541	5.500000	0.000781111	5.500000	5.27467e-07	
6.000000	0.000706818	6.000000	0.000752449	6.000000	0.000752128	6.000000	0.000752128	6.000000	0.000752128	6.000000	0.00075196	6.000000	4.88738e-07	
6.500000	0.000679166	6.500000	0.000725408	6.500000	0.000727494	6.500000	0.000727494	6.500000	0.000727494	6.500000	0.000724952	6.500000	4.5558e-07	
7.000000	0.000653717	7.000000	0.000700399	7.000000	0.000704468	7.000000	0.000704468	7.000000	0.000704468	7.000000	0.000699972	7.000000	4.26854e-07	
7.500000	0.000630234	7.500000	0.000677174	7.500000	0.000682897	7.500000	0.000682897	7.500000	0.000682898	7.500000	0.000676773	7.500000	4.01712e-07	
8.000000	0.000608505	8.000000	0.00065553	8.000000	0.000662648	8.000000	0.000662648	8.000000	0.000662649	8.000000	0.00065515	8.000000	3.79513e-07	
8.500000	0.000588345	8.500000	0.000635328	8.500000	0.000643602	8.500000	0.000643602	8.500000	0.000643602	8.500000	0.000634969	8.500000	3.59759e-07	
9.000000	0.000569593	9.000000	0.000616368	9.000000	0.000625653	9.000000	0.000625653	9.000000	0.000625654	9.000000	0.000616026	9.000000	3.42061e-07	
9.500000	0.000552107	9.500000	0.000598536	9.500000	0.000608708	9.500000	0.000608708	9.500000	0.000608709	9.500000	0.00059821	9.500000	3.26109e-07	
10.000000	0.000535762	10.000000	0.000557533	10.000000	0.000592683	10.000000	0.000592683	10.000000	0.000592684	10.000000	0.000557221	10.000000	3.11652e-07	
11.000000	0.000506077	11.000000	0.000535156	11.000000	0.00055954	11.000000	0.000563937	11.000000	0.000565741	11.000000	0.000534869	11.000000	2.86442e-07	
12.000000	0.000479813	12.000000	0.000514336	12.000000	0.00053017	12.000000	0.000538099	12.000000	0.000541036	12.000000	0.000514071	12.000000	2.65185e-07	
13.000000	0.000456403	13.000000	0.00049498	13.000000	0.000503984	13.000000	0.000514762	13.000000	0.000518359	13.000000	0.000494733	13.000000	2.47005e-07	
14.000000	0.000435398	14.000000	0.000476984	14.000000	0.000480513	14.000000	0.000493593	14.000000	0.00049751	14.000000	0.000476753	14.000000	2.3127e-07	
15.000000	0.00041644	15.000000	0.000460239	15.000000	0.000459374	15.000000	0.000474313	15.000000	0.000478309	15.000000	0.000460021	15.000000	2.17509e-07	
16.000000	0.000399238	16.000000	0.000444637	16.000000	0.000440246	16.000000	0.000456688	16.000000	0.000460595	16.000000	0.000444432	16.000000	2.05369e-07	
17.000000	0.000383554	17.000000	0.000430078	17.000000	0.000422865	17.000000	0.000440522	17.000000	0.000444225	17.000000	0.000429883	17.000000	1.94573e-07	
18.000000	0.000369191	18.000000	0.000416468	18.000000	0.000407008	18.000000	0.000425651	18.000000	0.000429048	18.000000	0.000416284	18.000000	1.84908e-07	
19.000000	0.000355985	19.000000	0.000403725	19.000000	0.0003925 	19.000000	0.000411931	19.000000	0.000414977	19.000000	0.000403549	19.000000	1.76202e-07	
20.000000	0.000343798	20.000000	0.000391771	20.000000	0.0003792 	20.000000	0.000399243	20.000000	0.000401914	20.000000	0.000391603	20.000000	1.68316e-07	
21.000000	0.000332516	21.000000	0.000380539	21.000000	0.000366972	21.000000	0.00038748	21.000000	0.000389732	21.000000	0.000380377	21.000000	1.61138e-07	
22.000000	0.000322038	22.000000	0.000369966	22.000000	0.000355691	22.000000	0.000376552	22.000000	0.000378397	22.000000	0.000369812	22.000000	1.54576e-07	
23.000000	0.000312279	23.000000	0.000359999	23.000000	0.000345265	23.000000	0.00036638	23.000000	0.000367807	23.000000	0.00035985	23.000000	1.48551e-07	
24.000000	0.000303166	24.000000	0.000350587	24.000000	0.000335616	24.000000	0.000356895	24.000000	0.000357916	24.000000	0.000350444	24.000000	1.43001e-07	
25.000000	0.000294635	25.000000	0.000341687	25.000000	0.000326669	25.000000	0.000348035	25.000000	0.000348659	25.000000	0.000341549	25.000000	1.37869e-07	
27.000000	0.000279107	27.000000	0.000325263	27.000000	0.0003106 	27.000000	0.000331982	27.000000	0.000331857	27.000000	0.000325135	27.000000	1.28684e-07	
29.000000	0.000265327	29.000000	0.000310454	29.000000	0.000296637	29.000000	0.000317858	29.000000	0.000317055	29.000000	0.000310334	29.000000	1.20697e-07	
31.000000	0.00025301	31.000000	0.000297034	31.000000	0.000284423	31.000000	0.000304358	31.000000	0.000302919	31.000000	0.00029692	31.000000	1.13686e-07	
33.000000	0.00024193	33.000000	0.000284817	33.000000	0.000273329	33.000000	0.000291222	33.000000	0.000289309	33.000000	0.000284709	33.000000	1.07478e-07	
35.000000	0.000231905	35.000000	0.000273649	35.000000	0.000263163	35.000000	0.000279267	35.000000	0.000277049	35.000000	0.000273547	35.000000	1.01943e-07	
38.000000	0.000218533	38.000000	0.000258586	38.000000	0.000249426	38.000000	0.000263223	38.000000	0.000260765	38.000000	0.000258492	38.000000	9.46743e-08	
41.000000	0.000206819	41.000000	0.000245244	41.000000	0.000237158	41.000000	0.000249085	41.000000	0.000246555	41.000000	0.000245156	41.000000	8.84149e-08	
44.000000	0.000196467	44.000000	0.000233343	44.000000	0.000226163	44.000000	0.000236532	44.000000	0.000234034	44.000000	0.00023326	44.000000	8.2965e-08	
47.000000	0.000187247	47.000000	0.000222662	47.000000	0.000216276	47.000000	0.000225311	47.000000	0.000222909	47.000000	0.000222584	47.000000	7.81751e-08	
50.000000	0.000178981	50.000000	0.000213023	50.000000	0.00020731	50.000000	0.00021522	50.000000	0.000212954	50.000000	0.000212949	50.000000	7.39305e-08	
55.000000	0.000166943	55.000000	0.00019889	55.000000	0.000194103	55.000000	0.000200487	55.000000	0.000198476	55.000000	0.000198822	55.000000	6.78341e-08	
60.000000	0.000156658	60.000000	0.000186733	60.000000	0.0001827 	60.000000	0.000187873	60.000000	0.000186128	60.000000	0.000186671	60.000000	6.27039e-08	
65.000000	0.000147763	65.000000	0.000176166	65.000000	0.000172751	65.000000	0.000176951	65.000000	0.000175463	65.000000	0.000176108	65.000000	5.83243e-08	
70.000000	0.000139987	70.000000	0.000166897	70.000000	0.000163993	70.000000	0.000167403	70.000000	0.000166156	70.000000	0.000166842	70.000000	5.45398e-08	
75.000000	0.000133128	75.000000	0.000158699	75.000000	0.000156222	75.000000	0.000158985	75.000000	0.000157986	75.000000	0.000158648	75.000000	5.12353e-08	
80.000000	0.000127029	80.000000	0.000151398	80.000000	0.000149278	80.000000	0.000151509	80.000000	0.000150732	80.000000	0.000151349	80.000000	4.83238e-08	
85.000000	0.000121569	85.000000	0.000144854	85.000000	0.000143036	85.000000	0.000144824	85.000000	0.000144242	85.000000	0.000144808	85.000000	4.57383e-08	
90.000000	0.000116649	90.000000	0.000138955	90.000000	0.000137394	90.000000	0.000138811	90.000000	0.000138403	90.000000	0.000138912	90.000000	4.34262e-08	
95.000000	0.000112191	95.000000	0.000133612	95.000000	0.000132283	95.000000	0.000133375	95.000000	0.000133129	95.000000	0.00013357	95.000000	4.13457e-08	
100.000000	0.000108133	100.000000	0.000128748	100.000000	0.000127618	100.000000	0.000128436	100.000000	0.000128334	100.000000	0.000128708	100.000000	3.94632e-08	
105.000000	0.00010442	105.000000	0.000124302	105.000000	0.000123356	105.000000	0.000123929	105.000000	0.000123954	105.000000	0.000124264	105.000000	3.77515e-08	
110.000000	0.000101011	110.000000	0.000120223	110.000000	0.000119435	110.000000	0.000119799	110.000000	0.000119945	110.000000	0.000120187	110.000000	3.61879e-08	
115.000000	9.78676e-05	115.000000	0.000116467	115.000000	0.000115815	115.000000	0.000116003	115.000000	0.000116249	115.000000	0.000116432	115.000000	3.47538e-08	
120.000000	9.496e-05 	120.000000	0.000112997	120.000000	0.000112466	120.000000	0.0001125 	120.000000	0.000112844	120.000000	0.000112964	120.000000	3.34336e-08	
125.000000	9.22619e-05	125.000000	0.000109782	125.000000	0.000109368	125.000000	0.000109258	125.000000	0.000109686	125.000000	0.00010975	125.000000	3.22139e-08	
130.000000	8.97509e-05	130.000000	0.000106795	130.000000	0.000106487	130.000000	0.00010625	130.000000	0.000106758	130.000000	0.000106764	130.000000	3.10836e-08	
135.000000	8.74076e-05	135.000000	0.000104012	135.000000	0.000103787	135.000000	0.00010345	135.000000	0.000104028	135.000000	0.000103982	135.000000	3.00331e-08	
140.000000	8.52155e-05	140.000000	0.000101414	140.000000	0.00010127	140.000000	0.000100838	140.000000	0.000101485	140.000000	0.000101385	140.000000	2.90542e-08	
145.000000	8.316e-05 	145.000000	9.89817e-05	145.000000	9.89186e-05	145.000000	9.83961e-05	145.000000	9.90984e-05	145.000000	9.89535e-05	145.000000	2.81395e-08	
150.000000	8.12283e-05	150.000000	9.67009e-05	150.000000	9.67058e-05	150.000000	9.61079e-05	150.000000	9.68656e-05	150.000000	9.66736e-05	150.000000	2.7283e-08	
155.000000	7.84822e-05	155.000000	9.45575e-05	155.000000	9.46274e-05	155.000000	9.39595e-05	155.000000	9.47653e-05	155.000000	9.45311e-05	155.000000	2.64791e-08	
160.000000	7.68855e-05	160.000000	9.25397e-05	160.000000	9.26696e-05	160.000000	9.19384e-05	160.000000	9.27886e-05	160.000000	9.25139e-05	160.000000	2.57231e-08	
165.000000	7.53776e-05	165.000000	9.06366e-05	165.000000	9.08182e-05	165.000000	9.00339e-05	165.000000	9.09271e-05	165.000000	9.06116e-05	165.000000	2.50109e-08	
170.000000	7.39514e-05	170.000000	8.88389e-05	170.000000	8.90687e-05	170.000000	8.82361e-05	170.000000	8.91643e-05	170.000000	8.88145e-05	170.000000	2.43385e-08	
175.000000	7.26002e-05	175.000000	8.7138e-05	175.000000	8.74151e-05	175.000000	8.65364e-05	175.000000	8.74995e-05	175.000000	8.71143e-05	175.000000	2.37028e-08	
180.000000	7.13183e-05	180.000000	8.55264e-05	180.000000	8.58495e-05	180.000000	8.4927e-05	180.000000	8.59224e-05	180.000000	8.55033e-05	180.000000	2.31008e-08	
185.000000	7.01003e-05	185.000000	8.39972e-05	185.000000	8.43608e-05	185.000000	8.3401e-05	185.000000	8.44241e-05	185.000000	8.39747e-05	185.000000	2.25299e-08	
190.000000	6.89416e-05	190.000000	8.25444e-05	190.000000	8.29428e-05	190.000000	8.19522e-05	190.000000	8.30026e-05	190.000000	8.25224e-05	190.000000	2.19876e-08	
195.000000	6.78379e-05	195.000000	8.11623e-05	195.000000	8.1598e-05	195.000000	8.05748e-05	195.000000	8.16504e-05	195.000000	8.11408e-05	195.000000	2.14718e-08	
200.000000	6.67854e-05	200.000000	7.9846e-05	200.000000	8.03204e-05	200.000000	7.92637e-05	200.000000	8.03604e-05	200.000000	7.9825e-05	200.000000	2.09806e-08	
210.000000	6.48199e-05	210.000000	7.73929e-05	210.000000	7.79235e-05	210.000000	7.68227e-05	210.000000	7.79609e-05	210.000000	7.73729e-05	210.000000	2.00653e-08	
220.000000	6.30208e-05	220.000000	7.51534e-05	220.000000	7.57404e-05	220.000000	7.45968e-05	220.000000	7.57668e-05	220.000000	7.51341e-05	220.000000	1.92294e-08	
230.000000	6.13678e-05	230.000000	7.31008e-05	230.000000	7.37361e-05	230.000000	7.25591e-05	230.000000	7.37589e-05	230.000000	7.30823e-05	230.000000	1.8463e-08	
240.000000	5.98435e-05	240.000000	7.1213e-05	240.000000	7.18927e-05	240.000000	7.0687e-05	240.000000	7.19105e-05	240.000000	7.11952e-05	240.000000	1.77576e-08	
250.000000	5.84335e-05	250.000000	6.94711e-05	250.000000	7.0192e-05	250.000000	6.89615e-05	250.000000	7.02065e-05	250.000000	6.9454e-05	250.000000	1.71061e-08	
260.000000	5.71253e-05	260.000000	6.7859e-05	260.000000	6.86176e-05	260.000000	6.73663e-05	260.000000	6.86285e-05	260.000000	6.78424e-05	260.000000	1.65026e-08	
270.000000	5.59084e-05	270.000000	6.63628e-05	270.000000	6.7159e-05	270.000000	6.58874e-05	270.000000	6.71657e-05	270.000000	6.63469e-05	270.000000	1.59417e-08	
280.000000	5.47735e-05	280.000000	6.49708e-05	280.000000	6.58021e-05	280.000000	6.45129e-05	280.000000	6.58032e-05	280.000000	6.49553e-05	280.000000	1.54192e-08	
290.000000	5.37125e-05	290.000000	6.36725e-05	290.000000	6.45329e-05	290.000000	6.32322e-05	290.000000	6.45351e-05	290.000000	6.36575e-05	290.000000	1.49311e-08	
300.000000	5.27187e-05	300.000000	6.24589e-05	300.000000	6.33463e-05	300.000000	6.20364e-05	300.000000	6.33473e-05	300.000000	6.24445e-05	300.000000	1.44741e-08	
310.000000	5.17857e-05	310.000000	6.13223e-05	310.000000	6.2236e-05	310.000000	6.09174e-05	310.000000	6.22369e-05	310.000000	6.13082e-05	310.000000	1.40453e-08	
320.000000	5.09083e-05	320.000000	6.02556e-05	320.000000	6.11946e-05	320.000000	5.98683e-05	320.000000	6.11944e-05	320.000000	6.02419e-05	320.000000	1.36422e-08	
330.000000	5.00817e-05	330.000000	5.92527e-05	330.000000	6.02169e-05	330.000000	5.8883e-05	330.000000	6.02144e-05	330.000000	5.92394e-05	330.000000	1.32624e-08	
340.000000	4.93016e-05	340.000000	5.83082e-05	340.000000	5.92952e-05	340.000000	5.7956e-05	340.000000	5.92931e-05	340.000000	5.82953e-05	340.000000	1.2904e-08	
350.000000	4.85643e-05	350.000000	5.74173e-05	350.000000	5.84232e-05	350.000000	5.70824e-05	350.000000	5.84226e-05	350.000000	5.74048e-05	350.000000	1.25651e-08	
360.000000	4.78664e-05	360.000000	5.65757e-05	360.000000	5.76018e-05	360.000000	5.62579e-05	360.000000	5.76013e-05	360.000000	5.65634e-05	360.000000	1.22443e-08	
370.000000	4.7205e-05	370.000000	5.57795e-05	370.000000	5.68277e-05	370.000000	5.54786e-05	370.000000	5.68256e-05	370.000000	5.57675e-05	370.000000	1.19401e-08	
380.000000	4.65772e-05	380.000000	5.50252e-05	380.000000	5.60926e-05	380.000000	5.47411e-05	380.000000	5.60892e-05	380.000000	5.50136e-05	380.000000	1.16511e-08	
390.000000	4.59807e-05	390.000000	5.43098e-05	390.000000	5.53939e-05	390.000000	5.40422e-05	390.000000	5.53919e-05	390.000000	5.42984e-05	390.000000	1.13764e-08	
400.000000	4.54133e-05	400.000000	5.36304e-05	400.000000	5.47311e-05	400.000000	5.33791e-05	400.000000	5.47308e-05	400.000000	5.36193e-05	400.000000	1.11148e-08	
410.000000	4.48728e-05	410.000000	5.29845e-05	410.000000	5.41019e-05	410.000000	5.27493e-05	410.000000	5.4101e-05	410.000000	5.29737e-05	410.000000	1.08654e-08	
420.000000	4.43576e-05	420.000000	5.23698e-05	420.000000	5.35033e-05	420.000000	5.21504e-05	420.000000	5.35024e-05	420.000000	5.23591e-05	420.000000	1.06274e-08	
430.000000	4.3866e-05	430.000000	5.17841e-05	430.000000	5.29332e-05	430.000000	5.15803e-05	430.000000	5.2933e-05	430.000000	5.17737e-05	430.000000	1.04e-08  	
440.000000	4.33963e-05	440.000000	5.12255e-05	440.000000	5.239e-05 	440.000000	5.10371e-05	440.000000	5.23897e-05	440.000000	5.12154e-05	440.000000	1.01824e-08	
450.000000	4.29474e-05	450.000000	5.06924e-05	450.000000	5.18718e-05	450.000000	5.0519e-05	450.000000	5.18709e-05	450.000000	5.06824e-05	450.000000	9.97414e-09	
460.000000	4.25178e-05	460.000000	5.0183e-05	460.000000	5.13771e-05	460.000000	5.00244e-05	460.000000	5.13761e-05	460.000000	5.01732e-05	460.000000	9.77453e-09	
470.000000	4.21064e-05	470.000000	4.9696e-05	470.000000	5.09044e-05	470.000000	4.95519e-05	470.000000	5.09036e-05	470.000000	4.96864e-05	470.000000	9.58305e-09	
480.000000	4.17122e-05	480.000000	4.92299e-05	480.000000	5.04522e-05	480.000000	4.91001e-05	480.000000	5.04505e-05	480.000000	4.92205e-05	480.000000	9.39921e-09	
490.000000	4.13341e-05	490.000000	4.87835e-05	490.000000	5.00193e-05	490.000000	4.86678e-05	490.000000	5.0017e-05	490.000000	4.87743e-05	490.000000	9.22256e-09	
500.000000	4.09712e-05	500.000000	4.83557e-05	500.000000	4.96049e-05	500.000000	4.82538e-05	500.000000	4.96022e-05	500.000000	4.83467e-05	500.000000	9.05267e-09	
520.000000	4.02879e-05	520.000000	4.75517e-05	520.000000	4.88271e-05	520.000000	4.74764e-05	520.000000	4.88227e-05	520.000000	4.7543e-05	520.000000	8.73167e-09	
540.000000	3.96561e-05	540.000000	4.68102e-05	540.000000	4.81076e-05	540.000000	4.67606e-05	540.000000	4.81041e-05	540.000000	4.68018e-05	540.000000	8.43346e-09	
560.000000	3.90707e-05	560.000000	4.61248e-05	560.000000	4.74426e-05	560.000000	4.60998e-05	560.000000	4.74408e-05	560.000000	4.61167e-05	560.000000	8.15567e-09	
580.000000	3.85271e-05	580.000000	4.54899e-05	580.000000	4.683e-05 	580.000000	4.54883e-05	580.000000	4.68259e-05	580.000000	4.5482e-05	580.000000	7.89624e-09	
600.000000	3.80214e-05	600.000000	4.49004e-05	600.000000	4.62603e-05	600.000000	4.49213e-05	600.000000	4.62565e-05	600.000000	4.48927e-05	600.000000	7.6534e-09	
620.000000	3.755e-05 	620.000000	4.43522e-05	620.000000	4.5729e-05	620.000000	4.43944e-05	620.000000	4.57259e-05	620.000000	4.43447e-05	620.000000	7.42557e-09	
640.000000	3.711e-05 	640.000000	4.38414e-05	640.000000	4.52346e-05	640.000000	4.39041e-05	640.000000	4.52325e-05	640.000000	4.38342e-05	640.000000	7.2114e-09	
660.000000	3.66987e-05	660.000000	4.33648e-05	660.000000	4.47737e-05	660.000000	4.34468e-05	660.000000	4.47722e-05	660.000000	4.33578e-05	660.000000	7.00968e-09	
680.000000	3.63137e-05	680.000000	4.29194e-05	680.000000	4.43431e-05	680.000000	4.30198e-05	680.000000	4.43417e-05	680.000000	4.29126e-05	680.000000	6.81933e-09	
700.000000	3.59528e-05	700.000000	4.25027e-05	700.000000	4.39402e-05	700.000000	4.26204e-05	700.000000	4.39395e-05	700.000000	4.2496e-05	700.000000	6.63942e-09	
720.000000	3.56142e-05	720.000000	4.21122e-05	720.000000	4.35628e-05	720.000000	4.22463e-05	720.000000	4.35621e-05	720.000000	4.21057e-05	720.000000	6.46909e-09	
740.000000	3.52961e-05	740.000000	4.17459e-05	740.000000	4.32088e-05	740.000000	4.18955e-05	740.000000	4.3208e-05	740.000000	4.17396e-05	740.000000	6.30759e-09	
760.000000	3.49971e-05	760.000000	4.1402e-05	760.000000	4.28763e-05	760.000000	4.15661e-05	760.000000	4.28759e-05	760.000000	4.13959e-05	760.000000	6.15425e-09	
780.000000	3.47157e-05	780.000000	4.10788e-05	780.000000	4.25636e-05	780.000000	4.12564e-05	780.000000	4.25631e-05	780.000000	4.10728e-05	780.000000	6.00845e-09	
800.000000	3.44507e-05	800.000000	4.07747e-05	800.000000	4.22694e-05	800.000000	4.0965e-05	800.000000	4.22686e-05	800.000000	4.07689e-05	800.000000	5.86964e-09	
820.000000	3.42009e-05	820.000000	4.04885e-05	820.000000	4.19921e-05	820.000000	4.06905e-05	820.000000	4.19915e-05	820.000000	4.04827e-05	820.000000	5.73733e-09	
840.000000	3.39654e-05	840.000000	4.02188e-05	840.000000	4.17306e-05	840.000000	4.04316e-05	840.000000	4.17299e-05	840.000000	4.02131e-05	840.000000	5.61107e-09	
860.000000	3.37432e-05	860.000000	3.99645e-05	860.000000	4.14837e-05	860.000000	4.01873e-05	860.000000	4.14827e-05	860.000000	3.9959e-05	860.000000	5.49044e-09	
880.000000	3.35335e-05	880.000000	3.97246e-05	880.000000	4.12505e-05	880.000000	3.99566e-05	880.000000	4.12493e-05	880.000000	3.97192e-05	880.000000	5.37507e-09	
900.000000	3.33354e-05	900.000000	3.94982e-05	900.000000	4.10302e-05	900.000000	3.97385e-05	900.000000	4.1029e-05	900.000000	3.94929e-05	900.000000	5.26462e-09	
920.000000	3.31483e-05	920.000000	3.92843e-05	920.000000	4.08218e-05	920.000000	3.95322e-05	920.000000	4.08198e-05	920.000000	3.92792e-05	920.000000	5.15878e-09	
940.000000	3.29715e-05	940.000000	3.90823e-05	940.000000	4.06243e-05	940.000000	3.93369e-05	940.000000	4.06219e-05	940.000000	3.90773e-05	940.000000	5.05727e-09	
960.000000	3.28043e-05	960.000000	3.88914e-05	960.000000	4.04367e-05	960.000000	3.91518e-05	960.000000	4.04347e-05	960.000000	3.88865e-05	960.000000	4.95981e-09	
980.000000	3.26463e-05	980.000000	3.8711e-05	980.000000	4.02582e-05	980.000000	3.89765e-05	980.000000	4.02572e-05	980.000000	3.87061e-05	980.000000	4.86617e-09	
1000.000000	3.2497e-05	1000.000000	3.85403e-05	1000.000000	4.00887e-05	1000.000000	3.88102e-05	1000.000000	4.00883e-05	1000.000000	3.85355e-05	1000.000000	4.77613e-09	
1020.000000	3.23557e-05	1020.000000	3.83789e-05	1020.000000	3.9928e-05	1020.000000	3.86524e-05	1020.000000	3.99282e-05	1020.000000	3.83742e-05	1020.000000	4.68948e-09	
1040.000000	3.22222e-05	1040.000000	3.82262e-05	1040.000000	3.97759e-05	1040.000000	3.85026e-05	1040.000000	3.97764e-05	1040.000000	3.82216e-05	1040.000000	4.60602e-09	
1060.000000	3.2096e-05	1060.000000	3.80818e-05	1060.000000	3.96318e-05	1060.000000	3.83603e-05	1060.000000	3.96323e-05	1060.000000	3.80773e-05	1060.000000	4.52559e-09	
1080.000000	3.19767e-05	1080.000000	3.79452e-05	1080.000000	3.94951e-05	1080.000000	3.82251e-05	1080.000000	3.94948e-05	1080.000000	3.79408e-05	1080.000000	4.44802e-09	
1100.000000	3.18639e-05	1100.000000	3.7816e-05	1100.000000	3.93649e-05	1100.000000	3.80965e-05	1100.000000	3.93642e-05	1100.000000	3.78116e-05	1100.000000	4.37316e-09	
1120.000000	3.17574e-05	1120.000000	3.76937e-05	1120.000000	3.92408e-05	1120.000000	3.79743e-05	1120.000000	3.92401e-05	1120.000000	3.76894e-05	1120.000000	4.30087e-09	
1140.000000	3.16568e-05	1140.000000	3.75781e-05	1140.000000	3.91224e-05	1140.000000	3.78581e-05	1140.000000	3.91222e-05	1140.000000	3.75739e-05	1140.000000	4.23101e-09	
1160.000000	3.15619e-05	1160.000000	3.74688e-05	1160.000000	3.90096e-05	1160.000000	3.77474e-05	1160.000000	3.90097e-05	1160.000000	3.74646e-05	1160.000000	4.16346e-09	
1180.000000	3.14723e-05	1180.000000	3.73655e-05	1180.000000	3.89021e-05	1180.000000	3.76422e-05	1180.000000	3.89025e-05	1180.000000	3.73614e-05	1180.000000	4.09812e-09	
1200.000000	3.13878e-05	1200.000000	3.72678e-05	1200.000000	3.87999e-05	1200.000000	3.75419e-05	1200.000000	3.88004e-05	1200.000000	3.72638e-05	1200.000000	4.03486e-09	
1220.000000	3.13083e-05	1220.000000	3.71756e-05	1220.000000	3.87028e-05	1220.000000	3.74464e-05	1220.000000	3.87034e-05	1220.000000	3.71716e-05	1220.000000	3.9736e-09	
1240.000000	3.12334e-05	1240.000000	3.70885e-05	1240.000000	3.86104e-05	1240.000000	3.73555e-05	1240.000000	3.8611e-05	1240.000000	3.70846e-05	1240.000000	3.91424e-09	
1260.000000	3.11629e-05	1260.000000	3.70064e-05	1260.000000	3.85225e-05	1260.000000	3.72689e-05	1260.000000	3.85227e-05	1260.000000	3.70025e-05	1260.000000	3.85668e-09	
1280.000000	3.10968e-05	1280.000000	3.69289e-05	1280.000000	3.84387e-05	1280.000000	3.71864e-05	1280.000000	3.84384e-05	1280.000000	3.69251e-05	1280.000000	3.80085e-09	
1300.000000	3.10347e-05	1300.000000	3.6856e-05	1300.000000	3.83587e-05	1300.000000	3.71077e-05	1300.000000	3.83582e-05	1300.000000	3.68522e-05	1300.000000	3.74668e-09	
1320.000000	3.09765e-05	1320.000000	3.67873e-05	1320.000000	3.82822e-05	1320.000000	3.70328e-05	1320.000000	3.82819e-05	1320.000000	3.67836e-05	1320.000000	3.69408e-09	
1340.000000	3.09221e-05	1340.000000	3.67226e-05	1340.000000	3.82091e-05	1340.000000	3.69613e-05	1340.000000	3.82091e-05	1340.000000	3.6719e-05	1340.000000	3.64299e-09	
1360.000000	3.08712e-05	1360.000000	3.66619e-05	1360.000000	3.81393e-05	1360.000000	3.68933e-05	1360.000000	3.81397e-05	1360.000000	3.66583e-05	1360.000000	3.59334e-09	
1380.000000	3.08239e-05	1380.000000	3.6605e-05	1380.000000	3.80727e-05	1380.000000	3.68284e-05	1380.000000	3.80733e-05	1380.000000	3.66014e-05	1380.000000	3.54507e-09	
1400.000000	3.07798e-05	1400.000000	3.65516e-05	1400.000000	3.80092e-05	1400.000000	3.67665e-05	1400.000000	3.801e-05 	1400.000000	3.65481e-05	1400.000000	3.49813e-09	
1420.000000	3.07389e-05	1420.000000	3.65017e-05	1420.000000	3.79488e-05	1420.000000	3.67076e-05	1420.000000	3.79498e-05	1420.000000	3.64982e-05	1420.000000	3.45246e-09	
1440.000000	3.07011e-05	1440.000000	3.6455e-05	1440.000000	3.78912e-05	1440.000000	3.66514e-05	1440.000000	3.78924e-05	1440.000000	3.64516e-05	1440.000000	3.40801e-09	
1460.000000	3.06662e-05	1460.000000	3.64115e-05	1460.000000	3.78366e-05	1460.000000	3.65979e-05	1460.000000	3.78378e-05	1460.000000	3.64082e-05	1460.000000	3.36473e-09	
1480.000000	3.06341e-05	1480.000000	3.63711e-05	1480.000000	3.77846e-05	1480.000000	3.65469e-05	1480.000000	3.77855e-05	1480.000000	3.63678e-05	1480.000000	3.32258e-09	
1500.000000	3.06048e-05	1500.000000	3.63336e-05	1500.000000	3.77351e-05	1500.000000	3.64983e-05	1500.000000	3.77356e-05	1500.000000	3.63303e-05	1500.000000	3.2815e-09	
1520.000000	3.05781e-05	1520.000000	3.62988e-05	1520.000000	3.7688e-05	1520.000000	3.6452e-05	1520.000000	3.76881e-05	1520.000000	3.62956e-05	1520.000000	3.24146e-09	
1540.000000	3.05539e-05	1540.000000	3.62668e-05	1540.000000	3.76432e-05	1540.000000	3.64079e-05	1540.000000	3.76429e-05	1540.000000	3.62636e-05	1540.000000	3.20243e-09	
1560.000000	3.05322e-05	1560.000000	3.62374e-05	1560.000000	3.76004e-05	1560.000000	3.6366e-05	1560.000000	3.75999e-05	1560.000000	3.62342e-05	1560.000000	3.16435e-09	
1580.000000	3.05129e-05	1580.000000	3.62104e-05	1580.000000	3.75597e-05	1580.000000	3.63261e-05	1580.000000	3.7559e-05	1580.000000	3.62073e-05	1580.000000	3.1272e-09	
1600.000000	3.04958e-05	1600.000000	3.61859e-05	1600.000000	3.75208e-05	1600.000000	3.62881e-05	1600.000000	3.75199e-05	1600.000000	3.61828e-05	1600.000000	3.09094e-09	
1620.000000	3.04809e-05	1620.000000	3.61636e-05	1620.000000	3.74837e-05	1620.000000	3.62519e-05	1620.000000	3.74826e-05	1620.000000	3.61606e-05	1620.000000	3.05555e-09	
1640.000000	3.04682e-05	1640.000000	3.61436e-05	1640.000000	3.74484e-05	1640.000000	3.62176e-05	1640.000000	3.74472e-05	1640.000000	3.61406e-05	1640.000000	3.02098e-09	
1660.000000	3.04575e-05	1660.000000	3.61258e-05	1660.000000	3.74147e-05	1660.000000	3.61849e-05	1660.000000	3.74136e-05	1660.000000	3.61228e-05	1660.000000	2.98721e-09	
1680.000000	3.04488e-05	1680.000000	3.611e-05 	1680.000000	3.73826e-05	1680.000000	3.61539e-05	1680.000000	3.73816e-05	1680.000000	3.61071e-05	1680.000000	2.95422e-09	
1700.000000	3.04421e-05	1700.000000	3.60963e-05	1700.000000	3.73521e-05	1700.000000	3.61245e-05	1700.000000	3.73513e-05	1700.000000	3.60933e-05	1700.000000	2.92198e-09	
1750.000000	3.04332e-05	1750.000000	3.60701e-05	1750.000000	3.72824e-05	1750.000000	3.60574e-05	1750.000000	3.72819e-05	1750.000000	3.60673e-05	1750.000000	2.84446e-09	
1800.000000	3.04351e-05	1800.000000	3.60551e-05	1800.000000	3.72213e-05	1800.000000	3.59988e-05	1800.000000	3.72211e-05	1800.000000	3.60524e-05	1800.000000	2.77109e-09	
1850.000000	3.0447e-05	1850.000000	3.60503e-05	1850.000000	3.71682e-05	1850.000000	3.5948e-05	1850.000000	3.71683e-05	1850.000000	3.60476e-05	1850.000000	2.70153e-09	
1900.000000	3.04682e-05	1900.000000	3.60549e-05	1900.000000	3.71224e-05	1900.000000	3.59042e-05	1900.000000	3.71225e-05	1900.000000	3.60523e-05	1900.000000	2.6355e-09	
1950.000000	3.04981e-05	1950.000000	3.60681e-05	1950.000000	3.70831e-05	1950.000000	3.58668e-05	1950.000000	3.70832e-05	1950.000000	3.60656e-05	1950.000000	2.57272e-09	
2000.000000	3.05359e-05	2000.000000	3.60894e-05	2000.000000	3.70497e-05	2000.000000	3.58353e-05	2000.000000	3.705e-05 	2000.000000	3.60869e-05	2000.000000	2.51296e-09	
2100.000000	3.06338e-05	2100.000000	3.61538e-05	2100.000000	3.69986e-05	2100.000000	3.57876e-05	2100.000000	3.69989e-05	2100.000000	3.61514e-05	2100.000000	2.40167e-09	
2200.000000	3.07582e-05	2200.000000	3.6244e-05	2200.000000	3.69657e-05	2200.000000	3.57578e-05	2200.000000	3.69663e-05	2200.000000	3.62417e-05	2200.000000	2.30012e-09	
2300.000000	3.09061e-05	2300.000000	3.63566e-05	2300.000000	3.69481e-05	2300.000000	3.57429e-05	2300.000000	3.69485e-05	2300.000000	3.63544e-05	2300.000000	2.20708e-09	
2400.000000	3.10748e-05	2400.000000	3.64888e-05	2400.000000	3.69433e-05	2400.000000	3.57406e-05	2400.000000	3.69438e-05	2400.000000	3.64866e-05	2400.000000	2.12151e-09	
2500.000000	3.12622e-05	2500.000000	3.66382e-05	2500.000000	3.69495e-05	2500.000000	3.5749e-05	2500.000000	3.69497e-05	2500.000000	3.66361e-05	2500.000000	2.04254e-09	
2600.000000	3.14666e-05	2600.000000	3.68028e-05	2600.000000	3.6965e-05	2600.000000	3.57664e-05	2600.000000	3.69651e-05	2600.000000	3.68008e-05	2600.000000	1.96941e-09	
2700.000000	3.16862e-05	2700.000000	3.6981e-05	2700.000000	3.69882e-05	2700.000000	3.57915e-05	2700.000000	3.69882e-05	2700.000000	3.69791e-05	2700.000000	1.90151e-09	
2800.000000	3.19197e-05	2800.000000	3.71712e-05	2800.000000	3.70182e-05	2800.000000	3.58232e-05	2800.000000	3.70182e-05	2800.000000	3.71693e-05	2800.000000	1.83828e-09	
2900.000000	3.21661e-05	2900.000000	3.73721e-05	2900.000000	3.70537e-05	2900.000000	3.58605e-05	2900.000000	3.70536e-05	2900.000000	3.73704e-05	2900.000000	1.77925e-09	
3000.000000	3.24241e-05	3000.000000	3.75828e-05	3000.000000	3.70941e-05	3000.000000	3.59026e-05	3000.000000	3.70941e-05	3000.000000	3.75811e-05	3000.000000	1.72402e-09	
3200.000000	3.29718e-05	3200.000000	3.80295e-05	3200.000000	3.71868e-05	3200.000000	3.59985e-05	3200.000000	3.7187e-05	3200.000000	3.80278e-05	3200.000000	1.62353e-09	
3400.000000	3.35568e-05	3400.000000	3.85048e-05	3400.000000	3.72918e-05	3400.000000	3.61063e-05	3400.000000	3.72922e-05	3400.000000	3.85033e-05	3400.000000	1.53446e-09	
3600.000000	3.41745e-05	3600.000000	3.90038e-05	3600.000000	3.74058e-05	3600.000000	3.62229e-05	3600.000000	3.74064e-05	3600.000000	3.90024e-05	3600.000000	1.45493e-09	
3800.000000	3.48211e-05	3800.000000	3.95227e-05	3800.000000	3.75264e-05	3800.000000	3.63456e-05	3800.000000	3.75269e-05	3800.000000	3.95213e-05	3800.000000	1.38348e-09	
4000.000000	3.54936e-05	4000.000000	4.00583e-05	4000.000000	3.76515e-05	4000.000000	3.64726e-05	4000.000000	3.76519e-05	4000.000000	4.0057e-05	4000.000000	1.31893e-09	
4200.000000	3.61894e-05	4200.000000	4.06081e-05	4200.000000	3.77797e-05	4200.000000	3.66025e-05	4200.000000	3.778e-05 	4200.000000	4.06068e-05	4200.000000	1.26031e-09	
4400.000000	3.69065e-05	4400.000000	4.117e-05 	4400.000000	3.79097e-05	4400.000000	3.67341e-05	4400.000000	3.79099e-05	4400.000000	4.11687e-05	4400.000000	1.20683e-09	
4600.000000	3.76433e-05	4600.000000	4.17423e-05	4600.000000	3.80407e-05	4600.000000	3.68667e-05	4600.000000	3.80409e-05	4600.000000	4.17411e-05	4600.000000	1.15785e-09	
4800.000000	3.83984e-05	4800.000000	4.23235e-05	4800.000000	3.8172e-05	4800.000000	3.69995e-05	4800.000000	3.81721e-05	4800.000000	4.23224e-05	4800.000000	1.1128e-09	
5000.000000	3.91704e-05	5000.000000	4.29127e-05	5000.000000	3.8303e-05	5000.000000	3.7132e-05	5000.000000	3.83032e-05	5000.000000	4.29116e-05	5000.000000	1.07123e-09	
5250.000000	4.01579e-05	5250.000000	4.36585e-05	5250.000000	3.84659e-05	5250.000000	3.72968e-05	5250.000000	3.84662e-05	5250.000000	4.36575e-05	5250.000000	1.02357e-09	
5500.000000	4.11687e-05	5500.000000	4.44134e-05	5500.000000	3.86273e-05	5500.000000	3.74599e-05	5500.000000	3.86276e-05	5500.000000	4.44124e-05	5500.000000	9.80089e-10	
6000.000000	4.32549e-05	6000.000000	4.59451e-05	6000.000000	3.8944e-05	6000.000000	3.778e-05 	6000.000000	3.89444e-05	6000.000000	4.59442e-05	6000.000000	9.03641e-10	
6500.000000	4.54203e-05	6500.000000	4.74995e-05	6500.000000	3.92514e-05	6500.000000	3.80901e-05	6500.000000	3.92515e-05	6500.000000	4.74986e-05	6500.000000	8.38568e-10	
7000.000000	4.76587e-05	7000.000000	4.90707e-05	7000.000000	3.95483e-05	7000.000000	3.83895e-05	7000.000000	3.95478e-05	7000.000000	4.90699e-05	7000.000000	7.82485e-10	
7500.000000	4.99655e-05	7500.000000	5.06546e-05	7500.000000	3.98324e-05	7500.000000	3.86778e-05	7500.000000	3.98332e-05	7500.000000	5.06538e-05	7500.000000	7.33635e-10	
8000.000000	5.2337e-05	8000.000000	5.22479e-05	8000.000000	4.01067e-05	8000.000000	3.89553e-05	8000.000000	4.01077e-05	8000.000000	5.22472e-05	8000.000000	6.9069e-10	
8500.000000	5.47707e-05	8500.000000	5.38485e-05	8500.000000	4.0371e-05	8500.000000	3.92222e-05	8500.000000	4.03716e-05	8500.000000	5.38479e-05	8500.000000	6.52631e-10	
9000.000000	5.72643e-05	9000.000000	5.54545e-05	9000.000000	4.06253e-05	9000.000000	3.94791e-05	9000.000000	4.06254e-05	9000.000000	5.54539e-05	9000.000000	6.18663e-10	
9500.000000	5.98164e-05	9500.000000	5.70645e-05	9500.000000	4.08699e-05	9500.000000	3.97263e-05	9500.000000	4.08696e-05	9500.000000	5.70639e-05	9500.000000	5.88153e-10	
10000.000000	6.24255e-05	10000.000000	5.86774e-05	10000.000000	4.11054e-05	10000.000000	3.99645e-05	10000.000000	4.11046e-05	10000.000000	5.86769e-05	10000.000000	5.60594e-10	
11000.000000	6.78108e-05	11000.000000	6.19089e-05	11000.000000	4.15499e-05	11000.000000	4.04157e-05	11000.000000	4.15492e-05	11000.000000	6.19084e-05	11000.000000	5.12753e-10	
12000.000000	7.34139e-05	12000.000000	6.51441e-05	12000.000000	4.19625e-05	12000.000000	4.08364e-05	12000.000000	4.1963e-05	12000.000000	6.51436e-05	12000.000000	4.72637e-10	
13000.000000	7.92308e-05	13000.000000	6.83797e-05	13000.000000	4.2348e-05	13000.000000	4.12301e-05	13000.000000	4.23494e-05	13000.000000	6.83793e-05	13000.000000	4.38499e-10	
14000.000000	8.52584e-05	14000.000000	7.16138e-05	14000.000000	4.27101e-05	14000.000000	4.15997e-05	14000.000000	4.27113e-05	14000.000000	7.16134e-05	14000.000000	4.09085e-10	
15000.000000	9.14951e-05	15000.000000	7.48448e-05	15000.000000	4.3051e-05	15000.000000	4.19478e-05	15000.000000	4.30513e-05	15000.000000	7.48444e-05	15000.000000	3.8347e-10	
16000.000000	9.79395e-05	16000.000000	7.80719e-05	16000.000000	4.33719e-05	16000.000000	4.22767e-05	16000.000000	4.33716e-05	16000.000000	7.80716e-05	16000.000000	3.60957e-10	
17000.000000	0.000104591	17000.000000	8.12945e-05	17000.000000	4.36745e-05	17000.000000	4.25882e-05	17000.000000	4.36743e-05	17000.000000	8.12942e-05	17000.000000	3.4101e-10	
18000.000000	0.000111449	18000.000000	8.45122e-05	18000.000000	4.39607e-05	18000.000000	4.2884e-05	18000.000000	4.39609e-05	18000.000000	8.45118e-05	18000.000000	3.23209e-10	
19000.000000	0.000118514	19000.000000	8.77247e-05	19000.000000	4.42321e-05	19000.000000	4.31656e-05	19000.000000	4.42328e-05	19000.000000	8.77244e-05	19000.000000	3.07224e-10	
20000.000000	0.000125786	20000.000000	9.09318e-05	20000.000000	4.44905e-05	20000.000000	4.34342e-05	20000.000000	4.44914e-05	20000.000000	9.09315e-05	20000.000000	2.92787e-10	
21000.000000	0.000133264	21000.000000	9.41336e-05	21000.000000	4.4737e-05	21000.000000	4.36909e-05	21000.000000	4.47378e-05	21000.000000	9.41334e-05	21000.000000	2.79682e-10	
22000.000000	0.00014095	22000.000000	9.733e-05 	22000.000000	4.49725e-05	22000.000000	4.39367e-05	22000.000000	4.49728e-05	22000.000000	9.73298e-05	22000.000000	2.67731e-10	
23000.000000	0.000148844	23000.000000	0.000100521	23000.000000	4.51979e-05	23000.000000	4.41726e-05	23000.000000	4.51977e-05	23000.000000	0.000100521	23000.000000	2.56787e-10	
24000.000000	0.000156947	24000.000000	0.000103707	24000.000000	4.54136e-05	24000.000000	4.43991e-05	24000.000000	4.54126e-05	24000.000000	0.000103707	24000.000000	2.46727e-10	
25000.000000	0.000165259	25000.000000	0.000106887	25000.000000	4.56195e-05	25000.000000	4.46171e-05	25000.000000	4.5619e-05	25000.000000	0.000106887	25000.000000	2.37446e-10	
26000.000000	0.000173781	26000.000000	0.000110063	26000.000000	4.58169e-05	26000.000000	4.48272e-05	26000.000000	4.58167e-05	26000.000000	0.000110062	26000.000000	2.28857e-10	
27000.000000	0.000182514	27000.000000	0.000113233	27000.000000	4.60066e-05	27000.000000	4.50298e-05	27000.000000	4.6007e-05	27000.000000	0.000113233	27000.000000	2.20885e-10	
28000.000000	0.000191459	28000.000000	0.000116398	28000.000000	4.61892e-05	28000.000000	4.52256e-05	28000.000000	4.61898e-05	28000.000000	0.000116398	28000.000000	2.13464e-10	
29000.000000	0.000200617	29000.000000	0.000119559	29000.000000	4.63651e-05	29000.000000	4.54149e-05	29000.000000	4.63661e-05	29000.000000	0.000119559	29000.000000	2.06539e-10	
30000.000000	0.000209988	30000.000000	0.000122714	30000.000000	4.65348e-05	30000.000000	4.55981e-05	30000.000000	4.65358e-05	30000.000000	0.000122714	30000.000000	2.00062e-10	
32000.000000	0.000229376	32000.000000	0.000129012	32000.000000	4.68573e-05	32000.000000	4.59478e-05	32000.000000	4.68579e-05	32000.000000	0.000129012	32000.000000	1.88285e-10	
34000.000000	0.00024963	34000.000000	0.000135292	34000.000000	4.71591e-05	34000.000000	4.62774e-05	34000.000000	4.71585e-05	34000.000000	0.000135292	34000.000000	1.77852e-10	
36000.000000	0.000270759	36000.000000	0.000141555	36000.000000	4.74409e-05	36000.000000	4.6589e-05	36000.000000	4.744e-05 	36000.000000	0.000141555	36000.000000	1.68543e-10	
38000.000000	0.000292772	38000.000000	0.000147801	38000.000000	4.77043e-05	38000.000000	4.68845e-05	38000.000000	4.77045e-05	38000.000000	0.000147801	38000.000000	1.60185e-10	
40000.000000	0.000315678	40000.000000	0.000154032	40000.000000	4.79519e-05	40000.000000	4.71654e-05	40000.000000	4.79534e-05	40000.000000	0.000154032	40000.000000	1.52638e-10	
42000.000000	0.000339487	42000.000000	0.000160249	42000.000000	4.8186e-05	42000.000000	4.74331e-05	42000.000000	4.8188e-05	42000.000000	0.000160248	42000.000000	1.45788e-10	
44000.000000	0.000364206	44000.000000	0.000166451	44000.000000	4.84086e-05	44000.000000	4.76888e-05	44000.000000	4.84102e-05	44000.000000	0.00016645	44000.000000	1.39543e-10	
46000.000000	0.000389847	46000.000000	0.000172639	46000.000000	4.86212e-05	46000.000000	4.79335e-05	46000.000000	4.862e-05 	46000.000000	0.000172639	46000.000000	1.33824e-10	
48000.000000	0.000416418	48000.000000	0.000178814	48000.000000	4.88242e-05	48000.000000	4.81681e-05	48000.000000	4.88194e-05	48000.000000	0.000178814	48000.000000	1.28567e-10	
50000.000000	0.000443929	50000.000000	0.000184977	50000.000000	4.90166e-05	50000.000000	4.83934e-05	50000.000000	4.90084e-05	50000.000000	0.000184977	50000.000000	1.23719e-10	
