! 78As energy loss (dE/dX) in He
! apply ZOOM for details
Energy (MeV/u)1	0 - [He-base] F.Hubert et al, AD&ND Tables 46(1990)1	Energy (MeV/u)2	1 - [H -base] J.F.Ziegler et al,Pergamon Press,NY(low energy)	Energy (MeV/u)3	2 - ATIMA 1.2 LS-theory (recommended for high energy)	Energy (MeV/u)4	3 - ATIMA 1.2 without LS-correction	Energy (MeV/u)5	4 - ATIMA 1.4 H.Weick, improved mean charge formula for HI	Energy (MeV/u)6	5 - electrical component of [1] - J.F.Ziegler et al	Energy (MeV/u)7	6 - nuclear component of [1] - J.F.Ziegler et al	
0.001000	0.000154574	0.001000	0.000182298	0.001000	0.000170015	0.001000	0.000170015	0.001000	0.000170025	0.001000	3.71754e-05	0.001000	0.000145123	
0.002000	0.000154357	0.002000	0.000178083	0.002000	0.000165073	0.002000	0.000165073	0.002000	0.000165081	0.002000	4.82105e-05	0.002000	0.000129873	
0.005000	0.00014943	0.005000	0.000164764	0.005000	0.000152441	0.005000	0.000152441	0.005000	0.000152446	0.005000	6.79781e-05	0.005000	9.67864e-05	
0.008000	0.00014891	0.008000	0.000159402	0.008000	0.000148719	0.008000	0.000148719	0.008000	0.000148723	0.008000	8.108e-05 	0.008000	7.83221e-05	
0.010000	0.000149887	0.010000	0.000158096	0.010000	0.000148645	0.010000	0.000148645	0.010000	0.000148648	0.010000	8.81567e-05	0.010000	6.99396e-05	
0.015000	0.000154335	0.015000	0.000158524	0.015000	0.000152284	0.015000	0.000152284	0.015000	0.000152286	0.015000	0.000102634	0.015000	5.58903e-05	
0.020000	0.000159911	0.020000	0.00016138	0.020000	0.000158361	0.020000	0.000158361	0.020000	0.000158362	0.020000	0.000114325	0.020000	4.70549e-05	
0.025000	0.000165769	0.025000	0.000165209	0.025000	0.000165349	0.025000	0.000165349	0.025000	0.00016535	0.025000	0.000124303	0.025000	4.09057e-05	
0.030000	0.00017161	0.030000	0.000169441	0.030000	0.000172662	0.030000	0.000172662	0.030000	0.000172663	0.030000	0.000133099	0.030000	3.63415e-05	
0.035000	0.000184945	0.035000	0.000173819	0.035000	0.000180042	0.035000	0.000180042	0.035000	0.000180043	0.035000	0.00014102	0.035000	3.27993e-05	
0.040000	0.000202828	0.040000	0.00017822	0.040000	0.000187368	0.040000	0.000187368	0.040000	0.000187369	0.040000	0.000148261	0.040000	2.99589e-05	
0.045000	0.000219289	0.045000	0.000184639	0.045000	0.000195694	0.045000	0.000195694	0.045000	0.000195695	0.045000	0.000157016	0.045000	2.7623e-05	
0.050000	0.000233934	0.050000	0.00020877	0.050000	0.00021373	0.050000	0.00021373	0.050000	0.000213731	0.050000	0.000183107	0.050000	2.56636e-05	
0.055000	0.000253526	0.055000	0.000232902	0.055000	0.000231901	0.055000	0.000231901	0.055000	0.000231902	0.055000	0.000209135	0.055000	2.3767e-05	
0.060000	0.000272347	0.060000	0.000257399	0.060000	0.000250542	0.060000	0.000250542	0.060000	0.000250543	0.060000	0.000235057	0.060000	2.23422e-05	
0.070000	0.000302621	0.070000	0.000306439	0.070000	0.000288065	0.070000	0.000288065	0.070000	0.000288066	0.070000	0.000286445	0.070000	1.99944e-05	
0.080000	0.000325653	0.080000	0.000352953	0.080000	0.000325362	0.080000	0.000325362	0.080000	0.000325363	0.080000	0.000334818	0.080000	1.81348e-05	
0.090000	0.000345788	0.090000	0.000382416	0.090000	0.000361935	0.090000	0.000361935	0.090000	0.000361935	0.090000	0.000365794	0.090000	1.66214e-05	
0.100000	0.000363633	0.100000	0.000410588	0.100000	0.000397418	0.100000	0.000397418	0.100000	0.000397418	0.100000	0.000395225	0.100000	1.53631e-05	
0.120000	0.000388156	0.120000	0.000462865	0.120000	0.000464153	0.120000	0.000464153	0.120000	0.000464153	0.120000	0.00044948	0.120000	1.33849e-05	
0.140000	0.000418694	0.140000	0.000521541	0.140000	0.000524364	0.140000	0.000524364	0.140000	0.000524364	0.140000	0.000509647	0.140000	1.18947e-05	
0.160000	0.000445979	0.160000	0.000581068	0.160000	0.000577704	0.160000	0.000577704	0.160000	0.000577705	0.160000	0.00057034	0.160000	1.07277e-05	
0.180000	0.000471662	0.180000	0.000633855	0.180000	0.000624363	0.180000	0.000624363	0.180000	0.000624364	0.180000	0.000624069	0.180000	9.78655e-06	
0.200000	0.00049658	0.200000	0.000680592	0.200000	0.000664835	0.200000	0.000664835	0.200000	0.000664835	0.200000	0.000671583	0.200000	9.0098e-06	
0.250000	0.00053981	0.250000	0.000775666	0.250000	0.000743274	0.250000	0.000743274	0.250000	0.000743275	0.250000	0.000768116	0.250000	7.54992e-06	
0.300000	0.000580915	0.300000	0.000849353	0.300000	0.000797428	0.300000	0.000797428	0.300000	0.000797429	0.300000	0.000842828	0.300000	6.52452e-06	
0.350000	0.000618464	0.350000	0.000908728	0.350000	0.000835629	0.350000	0.000835629	0.350000	0.00083563	0.350000	0.000902967	0.350000	5.76125e-06	
0.400000	0.000651341	0.400000	0.000954953	0.400000	0.000863586	0.400000	0.000863586	0.400000	0.000863587	0.400000	0.000949784	0.400000	5.16903e-06	
0.450000	0.000679932	0.450000	0.000991403	0.450000	0.000887689	0.450000	0.000887689	0.450000	0.00088769	0.450000	0.000986708	0.450000	4.69501e-06	
0.500000	0.000704692	0.500000	0.00102042	0.500000	0.000917792	0.500000	0.000917792	0.500000	0.000917792	0.500000	0.00101612	0.500000	4.30627e-06	
0.600000	0.000735293	0.600000	0.00108401	0.600000	0.000962543	0.600000	0.000962543	0.600000	0.000962544	0.600000	0.0010803 	0.600000	3.70502e-06	
0.700000	0.000752785	0.700000	0.0011371 	0.700000	0.000993953	0.700000	0.000993953	0.700000	0.000993954	0.700000	0.00113384	0.700000	3.26013e-06	
0.800000	0.000787201	0.800000	0.00117369	0.800000	0.00101673	0.800000	0.00101673	0.800000	0.00101673	0.800000	0.00117077	0.800000	2.91658e-06	
0.900000	0.000813403	0.900000	0.00119856	0.900000	0.0010334 	0.900000	0.0010334 	0.900000	0.0010334 	0.900000	0.00119592	0.900000	2.64267e-06	
1.000000	0.000828823	1.000000	0.00120898	1.000000	0.00104548	1.000000	0.00104548	1.000000	0.00104548	1.000000	0.00120656	1.000000	2.41879e-06	
1.250000	0.000843682	1.250000	0.00120441	1.250000	0.00106156	1.250000	0.00106156	1.250000	0.00106156	1.250000	0.0012024 	1.250000	2.00345e-06	
1.500000	0.000845322	1.500000	0.00118763	1.500000	0.00106434	1.500000	0.00106434	1.500000	0.00106434	1.500000	0.00118591	1.500000	1.71612e-06	
1.750000	0.000835055	1.750000	0.00115885	1.750000	0.00105903	1.750000	0.00105903	1.750000	0.00105903	1.750000	0.00115734	1.750000	1.50472e-06	
2.000000	0.000819595	2.000000	0.00112581	2.000000	0.00104869	2.000000	0.00104869	2.000000	0.00104869	2.000000	0.00112447	2.000000	1.34222e-06	
2.250000	0.000804868	2.250000	0.00109498	2.250000	0.00103522	2.250000	0.00103522	2.250000	0.00103523	2.250000	0.00109376	2.250000	1.21315e-06	
2.500000	0.00102477	2.500000	0.00106606	2.500000	0.00101986	2.500000	0.00101986	2.500000	0.00101986	2.500000	0.00106495	2.500000	1.10798e-06	
3.000000	0.000976854	3.000000	0.00101317	3.000000	0.000982022	3.000000	0.000982022	3.000000	0.000982022	3.000000	0.00101222	3.000000	9.46612e-07	
3.500000	0.000930137	3.500000	0.000965844	3.500000	0.000942859	3.500000	0.000942859	3.500000	0.00094286	3.500000	0.000965016	3.500000	8.28262e-07	
4.000000	0.000886302	4.000000	0.000923148	4.000000	0.000906579	4.000000	0.000906579	4.000000	0.000906579	4.000000	0.000922411	4.000000	7.37523e-07	
4.500000	0.000845805	4.500000	0.000884372	4.500000	0.000872945	4.500000	0.000872945	4.500000	0.000872946	4.500000	0.000883707	4.500000	6.65607e-07	
5.000000	0.000808616	5.000000	0.000848296	5.000000	0.000841722	5.000000	0.000841722	5.000000	0.000841723	5.000000	0.000847688	5.000000	6.07123e-07	
5.500000	0.000774517	5.500000	0.00081533	5.500000	0.000812684	5.500000	0.000812684	5.500000	0.000812685	5.500000	0.000814771	5.500000	5.58571e-07	
6.000000	0.00074323	6.000000	0.000785204	6.000000	0.000785624	6.000000	0.000785624	6.000000	0.000785625	6.000000	0.000784687	6.000000	5.17582e-07	
6.500000	0.000714473	6.500000	0.000757403	6.500000	0.000760353	6.500000	0.000760353	6.500000	0.000760354	6.500000	0.000756921	6.500000	4.82487e-07	
7.000000	0.00068798	7.000000	0.000731718	7.000000	0.000736703	7.000000	0.000736703	7.000000	0.000736704	7.000000	0.000731266	7.000000	4.52081e-07	
7.500000	0.000663512	7.500000	0.000707902	7.500000	0.000714524	7.500000	0.000714524	7.500000	0.000714525	7.500000	0.000707477	7.500000	4.25468e-07	
8.000000	0.000640854	8.000000	0.000685721	8.000000	0.000693683	8.000000	0.000693683	8.000000	0.000693684	8.000000	0.000685319	8.000000	4.01968e-07	
8.500000	0.000619818	8.500000	0.000664992	8.500000	0.000674062	8.500000	0.000674062	8.500000	0.000674062	8.500000	0.00066461	8.500000	3.81056e-07	
9.000000	0.000600238	9.000000	0.000645523	9.000000	0.000655555	9.000000	0.000655555	9.000000	0.000655555	9.000000	0.000645161	9.000000	3.62321e-07	
9.500000	0.00058197	9.500000	0.000627174	9.500000	0.000638068	9.500000	0.000638068	9.500000	0.000638069	9.500000	0.000626829	9.500000	3.45432e-07	
10.000000	0.000564885	10.000000	0.000584485	10.000000	0.000621519	10.000000	0.000621519	10.000000	0.000621519	10.000000	0.000584155	10.000000	3.30127e-07	
11.000000	0.000533833	11.000000	0.000561489	11.000000	0.000587081	11.000000	0.000591827	11.000000	0.000593881	11.000000	0.000561186	11.000000	3.03436e-07	
12.000000	0.000506337	12.000000	0.000540031	12.000000	0.000556538	12.000000	0.000565106	12.000000	0.000568474	12.000000	0.000539751	12.000000	2.80928e-07	
13.000000	0.00048181	13.000000	0.000520045	13.000000	0.000529286	13.000000	0.000540946	13.000000	0.0005451 	13.000000	0.000519784	13.000000	2.61678e-07	
14.000000	0.000459789	14.000000	0.000501434	14.000000	0.000504837	14.000000	0.000519008	14.000000	0.000523569	14.000000	0.000501189	14.000000	2.45016e-07	
15.000000	0.000439903	15.000000	0.000484093	15.000000	0.000482795	15.000000	0.000499009	15.000000	0.000503706	15.000000	0.000483863	15.000000	2.30444e-07	
16.000000	0.000421848	16.000000	0.000467916	16.000000	0.000462842	16.000000	0.000480713	16.000000	0.000485353	16.000000	0.000467699	16.000000	2.17587e-07	
17.000000	0.000405379	17.000000	0.000452804	17.000000	0.000444709	17.000000	0.00046392	17.000000	0.000468369	17.000000	0.000452598	17.000000	2.06155e-07	
18.000000	0.00039029	18.000000	0.000438664	18.000000	0.000428162	18.000000	0.000448459	18.000000	0.000452603	18.000000	0.000438469	18.000000	1.95919e-07	
19.000000	0.000376411	19.000000	0.000425412	19.000000	0.000413013	19.000000	0.000434188	19.000000	0.000437969	19.000000	0.000425225	19.000000	1.86698e-07	
20.000000	0.000363599	20.000000	0.000412971	20.000000	0.000399106	20.000000	0.000420981	20.000000	0.00042437	20.000000	0.000412792	20.000000	1.78346e-07	
21.000000	0.000351733	21.000000	0.000401271	21.000000	0.000386312	21.000000	0.00040873	21.000000	0.000411675	21.000000	0.0004011 	21.000000	1.70744e-07	
22.000000	0.000340709	22.000000	0.000390251	22.000000	0.000374518	22.000000	0.000397344	22.000000	0.000399852	22.000000	0.000390087	22.000000	1.63793e-07	
23.000000	0.000330439	23.000000	0.000379855	23.000000	0.000363619	23.000000	0.00038674	23.000000	0.000388797	23.000000	0.000379697	23.000000	1.57412e-07	
24.000000	0.000320846	24.000000	0.000370032	24.000000	0.000353519	24.000000	0.000376847	24.000000	0.000378464	24.000000	0.00036988	24.000000	1.51533e-07	
25.000000	0.000311864	25.000000	0.000360737	25.000000	0.000344142	25.000000	0.000367602	25.000000	0.000368786	25.000000	0.000360591	25.000000	1.46098e-07	
27.000000	0.000295507	27.000000	0.000343573	27.000000	0.000327316	27.000000	0.000350842	27.000000	0.000351202	27.000000	0.000343436	27.000000	1.36368e-07	
29.000000	0.000280985	29.000000	0.00032808	29.000000	0.000312705	29.000000	0.000336085	29.000000	0.000335693	29.000000	0.000327952	29.000000	1.27908e-07	
31.000000	0.000268  	31.000000	0.000314027	31.000000	0.000299965	31.000000	0.000321951	31.000000	0.000320814	31.000000	0.000313907	31.000000	1.2048e-07	
33.000000	0.000256314	33.000000	0.000301224	33.000000	0.000288446	33.000000	0.000308168	33.000000	0.000306439	33.000000	0.00030111	33.000000	1.13904e-07	
35.000000	0.000245738	35.000000	0.000289512	35.000000	0.000277857	35.000000	0.000295616	35.000000	0.000293494	35.000000	0.000289404	35.000000	1.0804e-07	
38.000000	0.000231624	38.000000	0.000273702	38.000000	0.000263483	38.000000	0.000278757	38.000000	0.0002763 	38.000000	0.000273602	38.000000	1.0034e-07	
41.000000	0.000219255	41.000000	0.000259685	41.000000	0.000250655	41.000000	0.000263887	41.000000	0.000261293	41.000000	0.000259591	41.000000	9.37082e-08	
44.000000	0.000208321	44.000000	0.000247172	44.000000	0.000239156	44.000000	0.000250673	44.000000	0.000248068	44.000000	0.000247084	44.000000	8.79341e-08	
47.000000	0.00019858	47.000000	0.000235934	47.000000	0.000228803	47.000000	0.000238853	47.000000	0.000236316	47.000000	0.000235851	47.000000	8.28591e-08	
50.000000	0.000189842	50.000000	0.000225785	50.000000	0.000219406	50.000000	0.000228217	50.000000	0.000225799	50.000000	0.000225706	50.000000	7.83619e-08	
55.000000	0.000177115	55.000000	0.000210892	55.000000	0.000205553	55.000000	0.000212675	55.000000	0.0002105 	55.000000	0.00021082	55.000000	7.19022e-08	
60.000000	0.000166236	60.000000	0.000198072	60.000000	0.00019355	60.000000	0.000199357	60.000000	0.000197449	60.000000	0.000198005	60.000000	6.64661e-08	
65.000000	0.000156824	65.000000	0.000186919	65.000000	0.000183081	65.000000	0.000187818	65.000000	0.000186171	65.000000	0.000186857	65.000000	6.18253e-08	
70.000000	0.000148593	70.000000	0.000177129	70.000000	0.000173855	70.000000	0.000177723	70.000000	0.000176325	70.000000	0.000177071	70.000000	5.7815e-08	
75.000000	0.000141332	75.000000	0.000168466	75.000000	0.000165677	75.000000	0.000168819	75.000000	0.00016769	75.000000	0.000168412	75.000000	5.43132e-08	
80.000000	0.000134873	80.000000	0.000160746	80.000000	0.000158343	80.000000	0.000160906	80.000000	0.00016002	80.000000	0.000160695	80.000000	5.12278e-08	
85.000000	0.000129089	85.000000	0.000153824	85.000000	0.000151765	85.000000	0.000153829	85.000000	0.000153155	85.000000	0.000153776	85.000000	4.84878e-08	
90.000000	0.000123876	90.000000	0.000147582	90.000000	0.000145832	90.000000	0.000147461	90.000000	0.000146975	90.000000	0.000147536	90.000000	4.60374e-08	
95.000000	0.000119153	95.000000	0.000141925	95.000000	0.000140423	95.000000	0.000141701	95.000000	0.00014139	95.000000	0.000141881	95.000000	4.38325e-08	
100.000000	0.000114851	100.000000	0.000136774	100.000000	0.0001355 	100.000000	0.000136466	100.000000	0.000136314	100.000000	0.000136732	100.000000	4.18375e-08	
105.000000	0.000110916	105.000000	0.000132064	105.000000	0.000130986	105.000000	0.000131688	105.000000	0.000131676	105.000000	0.000132024	105.000000	4.00233e-08	
110.000000	0.000107301	110.000000	0.000127742	110.000000	0.000126843	110.000000	0.00012731	110.000000	0.000127431	110.000000	0.000127704	110.000000	3.83661e-08	
115.000000	0.000103969	115.000000	0.000123761	115.000000	0.000123021	115.000000	0.000123283	115.000000	0.000123516	115.000000	0.000123724	115.000000	3.68462e-08	
120.000000	0.000100885	120.000000	0.000120083	120.000000	0.000119477	120.000000	0.000119567	120.000000	0.000119908	120.000000	0.000120047	120.000000	3.54468e-08	
125.000000	9.8024e-05	125.000000	0.000116673	125.000000	0.000116189	125.000000	0.000116127	125.000000	0.000116561	125.000000	0.000116639	125.000000	3.41541e-08	
130.000000	9.53606e-05	130.000000	0.000113505	130.000000	0.000113134	130.000000	0.000112935	130.000000	0.000113457	130.000000	0.000113472	130.000000	3.29561e-08	
135.000000	9.2875e-05	135.000000	0.000110553	135.000000	0.00011029	135.000000	0.000109964	135.000000	0.000110562	135.000000	0.000110522	135.000000	3.18427e-08	
140.000000	9.05494e-05	140.000000	0.000107797	140.000000	0.000107629	140.000000	0.000107191	140.000000	0.000107866	140.000000	0.000107766	140.000000	3.0805e-08	
145.000000	8.83685e-05	145.000000	0.000105216	145.000000	0.00010513	145.000000	0.000104599	145.000000	0.000105337	145.000000	0.000105186	145.000000	2.98355e-08	
150.000000	8.63189e-05	150.000000	0.000102795	150.000000	0.000102781	150.000000	0.00010217	150.000000	0.00010297	150.000000	0.000102767	150.000000	2.89276e-08	
155.000000	8.34035e-05	155.000000	0.00010052	155.000000	0.00010058	155.000000	9.98883e-05	155.000000	0.000100742	155.000000	0.000100492	155.000000	2.80755e-08	
160.000000	8.17091e-05	160.000000	9.83785e-05	160.000000	9.85101e-05	160.000000	9.77421e-05	160.000000	9.86461e-05	160.000000	9.83512e-05	160.000000	2.72742e-08	
165.000000	8.01089e-05	165.000000	9.63581e-05	165.000000	9.65516e-05	165.000000	9.57195e-05	165.000000	9.66719e-05	165.000000	9.63316e-05	165.000000	2.65192e-08	
170.000000	7.85953e-05	170.000000	9.44493e-05	170.000000	9.46963e-05	170.000000	9.38101e-05	170.000000	9.48021e-05	170.000000	9.44235e-05	170.000000	2.58065e-08	
175.000000	7.71612e-05	175.000000	9.26432e-05	175.000000	9.29391e-05	175.000000	9.20047e-05	175.000000	9.30361e-05	175.000000	9.26181e-05	175.000000	2.51327e-08	
180.000000	7.58006e-05	180.000000	9.09317e-05	180.000000	9.12746e-05	180.000000	9.02952e-05	180.000000	9.13629e-05	180.000000	9.09072e-05	180.000000	2.44945e-08	
185.000000	7.45078e-05	185.000000	8.93077e-05	185.000000	8.96957e-05	185.000000	8.86742e-05	185.000000	8.97728e-05	185.000000	8.92838e-05	185.000000	2.38893e-08	
190.000000	7.32778e-05	190.000000	8.77646e-05	190.000000	8.81955e-05	190.000000	8.71349e-05	190.000000	8.82643e-05	190.000000	8.77412e-05	190.000000	2.33144e-08	
195.000000	7.21061e-05	195.000000	8.62965e-05	195.000000	8.67694e-05	195.000000	8.56716e-05	195.000000	8.68293e-05	195.000000	8.62737e-05	195.000000	2.27677e-08	
200.000000	7.09887e-05	200.000000	8.48982e-05	200.000000	8.5411e-05	200.000000	8.42787e-05	200.000000	8.54604e-05	200.000000	8.4876e-05	200.000000	2.2247e-08	
210.000000	6.8902e-05	210.000000	8.22921e-05	210.000000	8.28719e-05	210.000000	8.1685e-05	210.000000	8.29141e-05	210.000000	8.22708e-05	210.000000	2.12767e-08	
220.000000	6.69918e-05	220.000000	7.99126e-05	220.000000	8.05528e-05	220.000000	7.93196e-05	220.000000	8.05851e-05	220.000000	7.98922e-05	220.000000	2.03906e-08	
230.000000	6.52364e-05	230.000000	7.77315e-05	230.000000	7.84283e-05	230.000000	7.71542e-05	230.000000	7.84534e-05	230.000000	7.77119e-05	230.000000	1.95781e-08	
240.000000	6.36177e-05	240.000000	7.57254e-05	240.000000	7.6476e-05	240.000000	7.51646e-05	240.000000	7.64911e-05	240.000000	7.57065e-05	240.000000	1.88303e-08	
250.000000	6.21202e-05	250.000000	7.38741e-05	250.000000	7.46704e-05	250.000000	7.33307e-05	250.000000	7.4682e-05	250.000000	7.38559e-05	250.000000	1.81397e-08	
260.000000	6.07309e-05	260.000000	7.21606e-05	260.000000	7.29968e-05	260.000000	7.16351e-05	260.000000	7.30065e-05	260.000000	7.21431e-05	260.000000	1.74998e-08	
270.000000	5.94383e-05	270.000000	7.05704e-05	270.000000	7.14452e-05	270.000000	7.00632e-05	270.000000	7.14531e-05	270.000000	7.05535e-05	270.000000	1.69052e-08	
280.000000	5.82328e-05	280.000000	6.90907e-05	280.000000	7.00022e-05	280.000000	6.86021e-05	280.000000	7.00061e-05	280.000000	6.90743e-05	280.000000	1.63513e-08	
290.000000	5.71058e-05	290.000000	6.77106e-05	290.000000	6.86577e-05	290.000000	6.72407e-05	290.000000	6.86593e-05	290.000000	6.76947e-05	290.000000	1.58338e-08	
300.000000	5.605e-05 	300.000000	6.64205e-05	300.000000	6.73984e-05	300.000000	6.59695e-05	300.000000	6.73977e-05	300.000000	6.64052e-05	300.000000	1.53493e-08	
310.000000	5.50589e-05	310.000000	6.52121e-05	310.000000	6.62164e-05	310.000000	6.47799e-05	310.000000	6.62183e-05	310.000000	6.51972e-05	310.000000	1.48947e-08	
320.000000	5.41268e-05	320.000000	6.40781e-05	320.000000	6.51082e-05	320.000000	6.36647e-05	320.000000	6.5111e-05	320.000000	6.40636e-05	320.000000	1.44673e-08	
330.000000	5.32485e-05	330.000000	6.30118e-05	330.000000	6.40708e-05	330.000000	6.26172e-05	330.000000	6.407e-05 	330.000000	6.29978e-05	330.000000	1.40646e-08	
340.000000	5.24197e-05	340.000000	6.20077e-05	340.000000	6.30953e-05	340.000000	6.16316e-05	340.000000	6.30914e-05	340.000000	6.1994e-05	340.000000	1.36846e-08	
350.000000	5.16363e-05	350.000000	6.10604e-05	350.000000	6.21726e-05	350.000000	6.07028e-05	350.000000	6.21664e-05	350.000000	6.10471e-05	350.000000	1.33254e-08	
360.000000	5.08948e-05	360.000000	6.01656e-05	360.000000	6.1298e-05	360.000000	5.98262e-05	360.000000	6.12938e-05	360.000000	6.01526e-05	360.000000	1.29852e-08	
370.000000	5.0192e-05	370.000000	5.9319e-05	370.000000	6.04699e-05	370.000000	5.89977e-05	370.000000	6.04697e-05	370.000000	5.93063e-05	370.000000	1.26626e-08	
380.000000	4.9525e-05	380.000000	5.8517e-05	380.000000	5.96882e-05	380.000000	5.82136e-05	380.000000	5.96873e-05	380.000000	5.85047e-05	380.000000	1.23563e-08	
390.000000	4.88911e-05	390.000000	5.77563e-05	390.000000	5.89491e-05	390.000000	5.74705e-05	390.000000	5.89464e-05	390.000000	5.77442e-05	390.000000	1.2065e-08	
400.000000	4.82881e-05	400.000000	5.70339e-05	400.000000	5.82479e-05	400.000000	5.67655e-05	400.000000	5.8244e-05	400.000000	5.70221e-05	400.000000	1.17876e-08	
410.000000	4.77138e-05	410.000000	5.63471e-05	410.000000	5.75805e-05	410.000000	5.60958e-05	410.000000	5.75748e-05	410.000000	5.63356e-05	410.000000	1.15232e-08	
420.000000	4.71663e-05	420.000000	5.56934e-05	420.000000	5.69439e-05	420.000000	5.5459e-05	420.000000	5.69386e-05	420.000000	5.56821e-05	420.000000	1.12708e-08	
430.000000	4.66438e-05	430.000000	5.50706e-05	430.000000	5.63369e-05	430.000000	5.48528e-05	430.000000	5.63335e-05	430.000000	5.50596e-05	430.000000	1.10297e-08	
440.000000	4.61447e-05	440.000000	5.44767e-05	440.000000	5.57586e-05	440.000000	5.42752e-05	440.000000	5.57562e-05	440.000000	5.44659e-05	440.000000	1.0799e-08	
450.000000	4.56676e-05	450.000000	5.39097e-05	450.000000	5.52071e-05	450.000000	5.37244e-05	450.000000	5.52048e-05	450.000000	5.38991e-05	450.000000	1.05782e-08	
460.000000	4.5211e-05	460.000000	5.33681e-05	460.000000	5.46805e-05	460.000000	5.31985e-05	460.000000	5.46788e-05	460.000000	5.33577e-05	460.000000	1.03666e-08	
470.000000	4.47738e-05	470.000000	5.28501e-05	470.000000	5.41773e-05	470.000000	5.26961e-05	470.000000	5.41767e-05	470.000000	5.284e-05 	470.000000	1.01635e-08	
480.000000	4.43548e-05	480.000000	5.23545e-05	480.000000	5.36963e-05	480.000000	5.22157e-05	480.000000	5.36952e-05	480.000000	5.23445e-05	480.000000	9.9686e-09	
490.000000	4.39529e-05	490.000000	5.18798e-05	490.000000	5.32362e-05	490.000000	5.17559e-05	490.000000	5.32344e-05	490.000000	5.18701e-05	490.000000	9.78128e-09	
500.000000	4.35673e-05	500.000000	5.14249e-05	500.000000	5.27954e-05	500.000000	5.13157e-05	500.000000	5.27935e-05	500.000000	5.14153e-05	500.000000	9.60114e-09	
520.000000	4.2841e-05	520.000000	5.05699e-05	520.000000	5.19662e-05	520.000000	5.04891e-05	520.000000	5.1965e-05	520.000000	5.05607e-05	520.000000	9.26078e-09	
540.000000	4.21695e-05	540.000000	4.97814e-05	540.000000	5.12025e-05	540.000000	4.9728e-05	540.000000	5.12011e-05	540.000000	4.97725e-05	540.000000	8.94457e-09	
560.000000	4.15472e-05	560.000000	4.90526e-05	560.000000	5.04978e-05	560.000000	4.90253e-05	560.000000	5.04961e-05	560.000000	4.90439e-05	560.000000	8.65001e-09	
580.000000	4.09694e-05	580.000000	4.83773e-05	580.000000	4.98454e-05	580.000000	4.8375e-05	580.000000	4.98425e-05	580.000000	4.83689e-05	580.000000	8.37492e-09	
600.000000	4.04318e-05	600.000000	4.77504e-05	600.000000	4.92406e-05	600.000000	4.77721e-05	600.000000	4.92372e-05	600.000000	4.77423e-05	600.000000	8.11741e-09	
620.000000	3.99308e-05	620.000000	4.71674e-05	620.000000	4.8678e-05	620.000000	4.72119e-05	620.000000	4.86731e-05	620.000000	4.71595e-05	620.000000	7.87583e-09	
640.000000	3.94631e-05	640.000000	4.66242e-05	640.000000	4.81523e-05	640.000000	4.66904e-05	640.000000	4.81486e-05	640.000000	4.66166e-05	640.000000	7.64872e-09	
660.000000	3.90259e-05	660.000000	4.61174e-05	660.000000	4.76609e-05	660.000000	4.62042e-05	660.000000	4.76592e-05	660.000000	4.611e-05 	660.000000	7.43481e-09	
680.000000	3.86166e-05	680.000000	4.56437e-05	680.000000	4.72019e-05	680.000000	4.57501e-05	680.000000	4.72015e-05	680.000000	4.56365e-05	680.000000	7.23297e-09	
700.000000	3.82329e-05	700.000000	4.52005e-05	700.000000	4.67739e-05	700.000000	4.53253e-05	700.000000	4.67739e-05	700.000000	4.51935e-05	700.000000	7.04218e-09	
720.000000	3.7873e-05	720.000000	4.47853e-05	720.000000	4.63743e-05	720.000000	4.49275e-05	720.000000	4.63726e-05	720.000000	4.47784e-05	720.000000	6.86156e-09	
740.000000	3.75348e-05	740.000000	4.43958e-05	740.000000	4.59992e-05	740.000000	4.45545e-05	740.000000	4.59961e-05	740.000000	4.43891e-05	740.000000	6.6903e-09	
760.000000	3.72169e-05	760.000000	4.40301e-05	760.000000	4.56455e-05	760.000000	4.42042e-05	760.000000	4.5643e-05	760.000000	4.40235e-05	760.000000	6.52769e-09	
780.000000	3.69177e-05	780.000000	4.36863e-05	780.000000	4.53122e-05	780.000000	4.38749e-05	780.000000	4.53104e-05	780.000000	4.36799e-05	780.000000	6.37308e-09	
800.000000	3.6636e-05	800.000000	4.33629e-05	800.000000	4.49986e-05	800.000000	4.3565e-05	800.000000	4.49972e-05	800.000000	4.33567e-05	800.000000	6.22588e-09	
820.000000	3.63705e-05	820.000000	4.30585e-05	820.000000	4.47033e-05	820.000000	4.3273e-05	820.000000	4.47026e-05	820.000000	4.30524e-05	820.000000	6.08557e-09	
840.000000	3.61201e-05	840.000000	4.27717e-05	840.000000	4.4425e-05	840.000000	4.29978e-05	840.000000	4.44244e-05	840.000000	4.27657e-05	840.000000	5.95167e-09	
860.000000	3.58839e-05	860.000000	4.25013e-05	860.000000	4.41621e-05	860.000000	4.2738e-05	860.000000	4.41614e-05	860.000000	4.24954e-05	860.000000	5.82375e-09	
880.000000	3.56609e-05	880.000000	4.22461e-05	880.000000	4.39137e-05	880.000000	4.24926e-05	880.000000	4.39133e-05	880.000000	4.22404e-05	880.000000	5.7014e-09	
900.000000	3.54503e-05	900.000000	4.20053e-05	900.000000	4.36789e-05	900.000000	4.22607e-05	900.000000	4.3679e-05	900.000000	4.19998e-05	900.000000	5.58427e-09	
920.000000	3.52514e-05	920.000000	4.1778e-05	920.000000	4.34567e-05	920.000000	4.20413e-05	920.000000	4.34566e-05	920.000000	4.17725e-05	920.000000	5.47203e-09	
940.000000	3.50634e-05	940.000000	4.15631e-05	940.000000	4.32463e-05	940.000000	4.18336e-05	940.000000	4.32461e-05	940.000000	4.15578e-05	940.000000	5.36437e-09	
960.000000	3.48857e-05	960.000000	4.13601e-05	960.000000	4.3047e-05	960.000000	4.16368e-05	960.000000	4.3047e-05	960.000000	4.13549e-05	960.000000	5.26102e-09	
980.000000	3.47177e-05	980.000000	4.11682e-05	980.000000	4.28581e-05	980.000000	4.14504e-05	980.000000	4.28583e-05	980.000000	4.1163e-05	980.000000	5.16172e-09	
1000.000000	3.45589e-05	1000.000000	4.09867e-05	1000.000000	4.26788e-05	1000.000000	4.12735e-05	1000.000000	4.26786e-05	1000.000000	4.09816e-05	1000.000000	5.06622e-09	
1020.000000	3.44088e-05	1020.000000	4.08151e-05	1020.000000	4.25087e-05	1020.000000	4.11057e-05	1020.000000	4.25084e-05	1020.000000	4.08101e-05	1020.000000	4.97433e-09	
1040.000000	3.42668e-05	1040.000000	4.06527e-05	1040.000000	4.23471e-05	1040.000000	4.09464e-05	1040.000000	4.23469e-05	1040.000000	4.06478e-05	1040.000000	4.88582e-09	
1060.000000	3.41326e-05	1060.000000	4.04991e-05	1060.000000	4.21937e-05	1060.000000	4.07951e-05	1060.000000	4.21937e-05	1060.000000	4.04943e-05	1060.000000	4.80053e-09	
1080.000000	3.40058e-05	1080.000000	4.03538e-05	1080.000000	4.20478e-05	1080.000000	4.06513e-05	1080.000000	4.20474e-05	1080.000000	4.03491e-05	1080.000000	4.71826e-09	
1100.000000	3.38859e-05	1100.000000	4.02164e-05	1100.000000	4.19091e-05	1100.000000	4.05146e-05	1100.000000	4.19085e-05	1100.000000	4.02117e-05	1100.000000	4.63887e-09	
1120.000000	3.37726e-05	1120.000000	4.00864e-05	1120.000000	4.17771e-05	1120.000000	4.03846e-05	1120.000000	4.17765e-05	1120.000000	4.00818e-05	1120.000000	4.5622e-09	
1140.000000	3.36657e-05	1140.000000	3.99634e-05	1140.000000	4.16516e-05	1140.000000	4.0261e-05	1140.000000	4.16511e-05	1140.000000	3.99589e-05	1140.000000	4.48811e-09	
1160.000000	3.35647e-05	1160.000000	3.98472e-05	1160.000000	4.15321e-05	1160.000000	4.01434e-05	1160.000000	4.15315e-05	1160.000000	3.98428e-05	1160.000000	4.41647e-09	
1180.000000	3.34695e-05	1180.000000	3.97373e-05	1180.000000	4.14183e-05	1180.000000	4.00314e-05	1180.000000	4.14174e-05	1180.000000	3.97329e-05	1180.000000	4.34717e-09	
1200.000000	3.33797e-05	1200.000000	3.96335e-05	1200.000000	4.13101e-05	1200.000000	3.99248e-05	1200.000000	4.13089e-05	1200.000000	3.96292e-05	1200.000000	4.28008e-09	
1220.000000	3.32951e-05	1220.000000	3.95354e-05	1220.000000	4.1207e-05	1220.000000	3.98233e-05	1220.000000	4.12056e-05	1220.000000	3.95312e-05	1220.000000	4.21511e-09	
1240.000000	3.32155e-05	1240.000000	3.94428e-05	1240.000000	4.11089e-05	1240.000000	3.97266e-05	1240.000000	4.11074e-05	1240.000000	3.94386e-05	1240.000000	4.15215e-09	
1260.000000	3.31406e-05	1260.000000	3.93554e-05	1260.000000	4.10153e-05	1260.000000	3.96344e-05	1260.000000	4.10135e-05	1260.000000	3.93513e-05	1260.000000	4.09111e-09	
1280.000000	3.30703e-05	1280.000000	3.9273e-05	1280.000000	4.0926e-05	1280.000000	3.95467e-05	1280.000000	4.09239e-05	1280.000000	3.9269e-05	1280.000000	4.0319e-09	
1300.000000	3.30043e-05	1300.000000	3.91954e-05	1300.000000	4.08408e-05	1300.000000	3.9463e-05	1300.000000	4.08385e-05	1300.000000	3.91915e-05	1300.000000	3.97444e-09	
1320.000000	3.29424e-05	1320.000000	3.91224e-05	1320.000000	4.07593e-05	1320.000000	3.93833e-05	1320.000000	4.07573e-05	1320.000000	3.91185e-05	1320.000000	3.91866e-09	
1340.000000	3.28845e-05	1340.000000	3.90537e-05	1340.000000	4.06814e-05	1340.000000	3.93074e-05	1340.000000	4.068e-05 	1340.000000	3.90498e-05	1340.000000	3.86447e-09	
1360.000000	3.28305e-05	1360.000000	3.89891e-05	1360.000000	4.0607e-05	1360.000000	3.9235e-05	1360.000000	4.06061e-05	1360.000000	3.89853e-05	1360.000000	3.81182e-09	
1380.000000	3.27801e-05	1380.000000	3.89285e-05	1380.000000	4.0536e-05	1380.000000	3.9166e-05	1380.000000	4.05354e-05	1380.000000	3.89248e-05	1380.000000	3.76063e-09	
1400.000000	3.27332e-05	1400.000000	3.88718e-05	1400.000000	4.04683e-05	1400.000000	3.91002e-05	1400.000000	4.04681e-05	1400.000000	3.8868e-05	1400.000000	3.71084e-09	
1420.000000	3.26898e-05	1420.000000	3.88186e-05	1420.000000	4.04038e-05	1420.000000	3.90375e-05	1420.000000	4.0404e-05	1420.000000	3.8815e-05	1420.000000	3.66241e-09	
1440.000000	3.26495e-05	1440.000000	3.8769e-05	1440.000000	4.03425e-05	1440.000000	3.89778e-05	1440.000000	4.0343e-05	1440.000000	3.87654e-05	1440.000000	3.61526e-09	
1460.000000	3.26125e-05	1460.000000	3.87228e-05	1460.000000	4.02843e-05	1460.000000	3.89209e-05	1460.000000	4.02849e-05	1460.000000	3.87192e-05	1460.000000	3.56936e-09	
1480.000000	3.25784e-05	1480.000000	3.86798e-05	1480.000000	4.02289e-05	1480.000000	3.88666e-05	1480.000000	4.02293e-05	1480.000000	3.86763e-05	1480.000000	3.52465e-09	
1500.000000	3.25472e-05	1500.000000	3.86399e-05	1500.000000	4.01762e-05	1500.000000	3.88149e-05	1500.000000	4.01762e-05	1500.000000	3.86364e-05	1500.000000	3.48108e-09	
1520.000000	3.25188e-05	1520.000000	3.86029e-05	1520.000000	4.0126e-05	1520.000000	3.87657e-05	1520.000000	4.01257e-05	1520.000000	3.85995e-05	1520.000000	3.43862e-09	
1540.000000	3.24931e-05	1540.000000	3.85689e-05	1540.000000	4.00782e-05	1540.000000	3.87189e-05	1540.000000	4.00776e-05	1540.000000	3.85655e-05	1540.000000	3.39721e-09	
1560.000000	3.24701e-05	1560.000000	3.85376e-05	1560.000000	4.00326e-05	1560.000000	3.86743e-05	1560.000000	4.00318e-05	1560.000000	3.85342e-05	1560.000000	3.35683e-09	
1580.000000	3.24495e-05	1580.000000	3.85089e-05	1580.000000	3.99891e-05	1580.000000	3.86318e-05	1580.000000	3.99883e-05	1580.000000	3.85056e-05	1580.000000	3.31743e-09	
1600.000000	3.24313e-05	1600.000000	3.84828e-05	1600.000000	3.99476e-05	1600.000000	3.85914e-05	1600.000000	3.99468e-05	1600.000000	3.84795e-05	1600.000000	3.27897e-09	
1620.000000	3.24155e-05	1620.000000	3.84592e-05	1620.000000	3.9908e-05	1620.000000	3.8553e-05	1620.000000	3.99071e-05	1620.000000	3.84559e-05	1620.000000	3.24143e-09	
1640.000000	3.2402e-05	1640.000000	3.84379e-05	1640.000000	3.98702e-05	1640.000000	3.85164e-05	1640.000000	3.98694e-05	1640.000000	3.84347e-05	1640.000000	3.20477e-09	
1660.000000	3.23906e-05	1660.000000	3.84189e-05	1660.000000	3.98342e-05	1660.000000	3.84817e-05	1660.000000	3.98336e-05	1660.000000	3.84158e-05	1660.000000	3.16896e-09	
1680.000000	3.23814e-05	1680.000000	3.84022e-05	1680.000000	3.97999e-05	1680.000000	3.84487e-05	1680.000000	3.97996e-05	1680.000000	3.8399e-05	1680.000000	3.13396e-09	
1700.000000	3.23742e-05	1700.000000	3.83875e-05	1700.000000	3.97673e-05	1700.000000	3.84174e-05	1700.000000	3.97674e-05	1700.000000	3.83844e-05	1700.000000	3.09976e-09	
1750.000000	3.23648e-05	1750.000000	3.83597e-05	1750.000000	3.9693e-05	1750.000000	3.83461e-05	1750.000000	3.96935e-05	1750.000000	3.83567e-05	1750.000000	3.01754e-09	
1800.000000	3.23669e-05	1800.000000	3.83438e-05	1800.000000	3.96281e-05	1800.000000	3.82838e-05	1800.000000	3.96288e-05	1800.000000	3.83408e-05	1800.000000	2.93972e-09	
1850.000000	3.23796e-05	1850.000000	3.83386e-05	1850.000000	3.95721e-05	1850.000000	3.82298e-05	1850.000000	3.95726e-05	1850.000000	3.83358e-05	1850.000000	2.86595e-09	
1900.000000	3.24021e-05	1900.000000	3.83435e-05	1900.000000	3.95239e-05	1900.000000	3.81832e-05	1900.000000	3.95239e-05	1900.000000	3.83407e-05	1900.000000	2.7959e-09	
1950.000000	3.24338e-05	1950.000000	3.83576e-05	1950.000000	3.94827e-05	1950.000000	3.81435e-05	1950.000000	3.9482e-05	1950.000000	3.83549e-05	1950.000000	2.72932e-09	
2000.000000	3.24741e-05	2000.000000	3.83803e-05	2000.000000	3.94477e-05	2000.000000	3.81099e-05	2000.000000	3.94467e-05	2000.000000	3.83776e-05	2000.000000	2.66594e-09	
2100.000000	3.25783e-05	2100.000000	3.84487e-05	2100.000000	3.93938e-05	2100.000000	3.80592e-05	2100.000000	3.93923e-05	2100.000000	3.84462e-05	2100.000000	2.54789e-09	
2200.000000	3.27106e-05	2200.000000	3.85446e-05	2200.000000	3.93586e-05	2200.000000	3.80275e-05	2200.000000	3.93575e-05	2200.000000	3.85422e-05	2200.000000	2.44018e-09	
2300.000000	3.28678e-05	2300.000000	3.86644e-05	2300.000000	3.93394e-05	2300.000000	3.80116e-05	2300.000000	3.93385e-05	2300.000000	3.8662e-05	2300.000000	2.3415e-09	
2400.000000	3.30472e-05	2400.000000	3.88049e-05	2400.000000	3.93339e-05	2400.000000	3.80092e-05	2400.000000	3.93335e-05	2400.000000	3.88027e-05	2400.000000	2.25073e-09	
2500.000000	3.32466e-05	2500.000000	3.89638e-05	2500.000000	3.93402e-05	2500.000000	3.80181e-05	2500.000000	3.93397e-05	2500.000000	3.89617e-05	2500.000000	2.16696e-09	
2600.000000	3.34639e-05	2600.000000	3.91389e-05	2600.000000	3.93565e-05	2600.000000	3.80367e-05	2600.000000	3.9356e-05	2600.000000	3.91368e-05	2600.000000	2.0894e-09	
2700.000000	3.36975e-05	2700.000000	3.93284e-05	2700.000000	3.93811e-05	2700.000000	3.80634e-05	2700.000000	3.93805e-05	2700.000000	3.93264e-05	2700.000000	2.01737e-09	
2800.000000	3.39459e-05	2800.000000	3.95307e-05	2800.000000	3.94127e-05	2800.000000	3.80971e-05	2800.000000	3.94123e-05	2800.000000	3.95287e-05	2800.000000	1.9503e-09	
2900.000000	3.42078e-05	2900.000000	3.97444e-05	2900.000000	3.94504e-05	2900.000000	3.81368e-05	2900.000000	3.945e-05 	2900.000000	3.97425e-05	2900.000000	1.88768e-09	
3000.000000	3.44822e-05	3000.000000	3.99684e-05	3000.000000	3.94933e-05	3000.000000	3.81815e-05	3000.000000	3.9493e-05	3000.000000	3.99666e-05	3000.000000	1.82909e-09	
3200.000000	3.50647e-05	3200.000000	4.04434e-05	3200.000000	3.95916e-05	3200.000000	3.82835e-05	3200.000000	3.95917e-05	3200.000000	4.04417e-05	3200.000000	1.7225e-09	
3400.000000	3.56869e-05	3400.000000	4.09489e-05	3400.000000	3.9703e-05	3400.000000	3.83982e-05	3400.000000	3.97035e-05	3400.000000	4.09473e-05	3400.000000	1.62801e-09	
3600.000000	3.63438e-05	3600.000000	4.14797e-05	3600.000000	3.98241e-05	3600.000000	3.85221e-05	3600.000000	3.98249e-05	3600.000000	4.14781e-05	3600.000000	1.54365e-09	
3800.000000	3.70314e-05	3800.000000	4.20315e-05	3800.000000	3.99521e-05	3800.000000	3.86526e-05	3800.000000	3.9953e-05	3800.000000	4.203e-05 	3800.000000	1.46786e-09	
4000.000000	3.77465e-05	4000.000000	4.26011e-05	4000.000000	4.00851e-05	4000.000000	3.87877e-05	4000.000000	4.00859e-05	4000.000000	4.25997e-05	4000.000000	1.39938e-09	
4200.000000	3.84865e-05	4200.000000	4.31857e-05	4200.000000	4.02213e-05	4200.000000	3.89258e-05	4200.000000	4.02221e-05	4200.000000	4.31844e-05	4200.000000	1.3372e-09	
4400.000000	3.92492e-05	4400.000000	4.37833e-05	4400.000000	4.03594e-05	4400.000000	3.90658e-05	4400.000000	4.03601e-05	4400.000000	4.3782e-05	4400.000000	1.28047e-09	
4600.000000	4.00328e-05	4600.000000	4.43919e-05	4600.000000	4.04986e-05	4600.000000	3.92068e-05	4600.000000	4.04993e-05	4600.000000	4.43907e-05	4600.000000	1.2285e-09	
4800.000000	4.08357e-05	4800.000000	4.50101e-05	4800.000000	4.06382e-05	4800.000000	3.9348e-05	4800.000000	4.06388e-05	4800.000000	4.50089e-05	4800.000000	1.18071e-09	
5000.000000	4.16568e-05	5000.000000	4.56366e-05	5000.000000	4.07775e-05	5000.000000	3.9489e-05	5000.000000	4.07782e-05	5000.000000	4.56355e-05	5000.000000	1.13661e-09	
5250.000000	4.27069e-05	5250.000000	4.64298e-05	5250.000000	4.09506e-05	5250.000000	3.96642e-05	5250.000000	4.09514e-05	5250.000000	4.64287e-05	5250.000000	1.08605e-09	
5500.000000	4.37819e-05	5500.000000	4.72326e-05	5500.000000	4.11222e-05	5500.000000	3.98377e-05	5500.000000	4.11231e-05	5500.000000	4.72316e-05	5500.000000	1.03992e-09	
6000.000000	4.60005e-05	6000.000000	4.88615e-05	6000.000000	4.14588e-05	6000.000000	4.0178e-05	6000.000000	4.14599e-05	6000.000000	4.88606e-05	6000.000000	9.58821e-10	
6500.000000	4.83035e-05	6500.000000	5.05146e-05	6500.000000	4.17857e-05	6500.000000	4.05079e-05	6500.000000	4.17863e-05	6500.000000	5.05137e-05	6500.000000	8.89785e-10	
7000.000000	5.0684e-05	7000.000000	5.21855e-05	7000.000000	4.21013e-05	7000.000000	4.08262e-05	7000.000000	4.21013e-05	7000.000000	5.21847e-05	7000.000000	8.30287e-10	
7500.000000	5.31371e-05	7500.000000	5.38699e-05	7500.000000	4.24034e-05	7500.000000	4.11329e-05	7500.000000	4.24047e-05	7500.000000	5.38691e-05	7500.000000	7.7846e-10	
8000.000000	5.56592e-05	8000.000000	5.55645e-05	8000.000000	4.2695e-05	8000.000000	4.14279e-05	8000.000000	4.26965e-05	8000.000000	5.55637e-05	8000.000000	7.32898e-10	
8500.000000	5.82473e-05	8500.000000	5.72666e-05	8500.000000	4.29761e-05	8500.000000	4.17118e-05	8500.000000	4.29769e-05	8500.000000	5.72659e-05	8500.000000	6.9252e-10	
9000.000000	6.08993e-05	9000.000000	5.89745e-05	9000.000000	4.32465e-05	9000.000000	4.1985e-05	9000.000000	4.32467e-05	9000.000000	5.89739e-05	9000.000000	6.5648e-10	
9500.000000	6.36133e-05	9500.000000	6.06867e-05	9500.000000	4.35066e-05	9500.000000	4.22479e-05	9500.000000	4.35062e-05	9500.000000	6.06861e-05	9500.000000	6.2411e-10	
10000.000000	6.6388e-05	10000.000000	6.24021e-05	10000.000000	4.37568e-05	10000.000000	4.25013e-05	10000.000000	4.3756e-05	10000.000000	6.24015e-05	10000.000000	5.9487e-10	
11000.000000	7.21152e-05	11000.000000	6.58387e-05	11000.000000	4.42295e-05	11000.000000	4.29811e-05	11000.000000	4.42285e-05	11000.000000	6.58381e-05	11000.000000	5.44112e-10	
12000.000000	7.8074e-05	12000.000000	6.92792e-05	12000.000000	4.4669e-05	12000.000000	4.34285e-05	12000.000000	4.46682e-05	12000.000000	6.92787e-05	12000.000000	5.01548e-10	
13000.000000	8.426e-05 	13000.000000	7.27202e-05	13000.000000	4.5079e-05	13000.000000	4.38472e-05	13000.000000	4.50788e-05	13000.000000	7.27198e-05	13000.000000	4.65327e-10	
14000.000000	9.06703e-05	14000.000000	7.61596e-05	14000.000000	4.54631e-05	14000.000000	4.42403e-05	14000.000000	4.54633e-05	14000.000000	7.61591e-05	14000.000000	4.34119e-10	
15000.000000	9.73029e-05	15000.000000	7.95957e-05	15000.000000	4.58241e-05	15000.000000	4.46105e-05	15000.000000	4.58245e-05	15000.000000	7.95953e-05	15000.000000	4.0694e-10	
16000.000000	0.000104156	16000.000000	8.30277e-05	16000.000000	4.6164e-05	16000.000000	4.49602e-05	16000.000000	4.61648e-05	16000.000000	8.30273e-05	16000.000000	3.83052e-10	
17000.000000	0.00011123	17000.000000	8.64548e-05	17000.000000	4.6485e-05	17000.000000	4.52915e-05	17000.000000	4.64862e-05	17000.000000	8.64544e-05	17000.000000	3.61887e-10	
18000.000000	0.000118524	18000.000000	8.98767e-05	18000.000000	4.67892e-05	18000.000000	4.56061e-05	18000.000000	4.67906e-05	18000.000000	8.98764e-05	18000.000000	3.42999e-10	
19000.000000	0.000126037	19000.000000	9.32931e-05	19000.000000	4.70783e-05	19000.000000	4.59055e-05	19000.000000	4.70793e-05	19000.000000	9.32928e-05	19000.000000	3.26037e-10	
20000.000000	0.00013377	20000.000000	9.67039e-05	20000.000000	4.73538e-05	20000.000000	4.61911e-05	20000.000000	4.73538e-05	20000.000000	9.67036e-05	20000.000000	3.10718e-10	
21000.000000	0.000141723	21000.000000	0.000100109	21000.000000	4.76159e-05	21000.000000	4.64642e-05	21000.000000	4.76154e-05	21000.000000	0.000100109	21000.000000	2.96812e-10	
22000.000000	0.000149897	22000.000000	0.000103508	22000.000000	4.78639e-05	22000.000000	4.67256e-05	22000.000000	4.78649e-05	22000.000000	0.000103508	22000.000000	2.84131e-10	
23000.000000	0.000158292	23000.000000	0.000106902	23000.000000	4.81028e-05	23000.000000	4.69764e-05	23000.000000	4.81035e-05	23000.000000	0.000106902	23000.000000	2.72518e-10	
24000.000000	0.000166909	24000.000000	0.00011029	24000.000000	4.83323e-05	24000.000000	4.72174e-05	24000.000000	4.83316e-05	24000.000000	0.00011029	24000.000000	2.61843e-10	
25000.000000	0.000175749	25000.000000	0.000113672	25000.000000	4.8551e-05	25000.000000	4.74492e-05	25000.000000	4.85505e-05	25000.000000	0.000113672	25000.000000	2.51995e-10	
26000.000000	0.000184812	26000.000000	0.000117049	26000.000000	4.87607e-05	26000.000000	4.76726e-05	26000.000000	4.87603e-05	26000.000000	0.000117049	26000.000000	2.42881e-10	
27000.000000	0.0001941 	27000.000000	0.000120421	27000.000000	4.89628e-05	27000.000000	4.78881e-05	27000.000000	4.89622e-05	27000.000000	0.00012042	27000.000000	2.34421e-10	
28000.000000	0.000203612	28000.000000	0.000123787	28000.000000	4.91573e-05	28000.000000	4.80963e-05	28000.000000	4.9156e-05	28000.000000	0.000123787	28000.000000	2.26547e-10	
29000.000000	0.000213351	29000.000000	0.000127148	29000.000000	4.93441e-05	29000.000000	4.82976e-05	29000.000000	4.93429e-05	29000.000000	0.000127148	29000.000000	2.19199e-10	
30000.000000	0.000223317	30000.000000	0.000130504	30000.000000	4.95237e-05	30000.000000	4.84924e-05	30000.000000	4.95229e-05	30000.000000	0.000130504	30000.000000	2.12325e-10	
32000.000000	0.000243936	32000.000000	0.000137201	32000.000000	4.98647e-05	32000.000000	4.88644e-05	32000.000000	4.98643e-05	32000.000000	0.000137201	32000.000000	1.99828e-10	
34000.000000	0.000265475	34000.000000	0.00014388	34000.000000	5.0184e-05	34000.000000	4.92149e-05	34000.000000	5.01828e-05	34000.000000	0.00014388	34000.000000	1.88757e-10	
36000.000000	0.000287946	36000.000000	0.00015054	36000.000000	5.04827e-05	36000.000000	4.95463e-05	36000.000000	5.0481e-05	36000.000000	0.00015054	36000.000000	1.78879e-10	
38000.000000	0.000311356	38000.000000	0.000157183	38000.000000	5.07622e-05	38000.000000	4.98605e-05	38000.000000	5.07612e-05	38000.000000	0.000157183	38000.000000	1.70009e-10	
40000.000000	0.000335717	40000.000000	0.00016381	40000.000000	5.10247e-05	40000.000000	5.01592e-05	40000.000000	5.10247e-05	40000.000000	0.00016381	40000.000000	1.62e-10  	
42000.000000	0.000361036	42000.000000	0.000170421	42000.000000	5.12725e-05	42000.000000	5.04439e-05	42000.000000	5.1273e-05	42000.000000	0.00017042	42000.000000	1.54731e-10	
44000.000000	0.000387325	44000.000000	0.000177016	44000.000000	5.15074e-05	44000.000000	5.07159e-05	44000.000000	5.15081e-05	44000.000000	0.000177016	44000.000000	1.48103e-10	
46000.000000	0.000414593	46000.000000	0.000183597	46000.000000	5.1731e-05	46000.000000	5.09761e-05	46000.000000	5.17299e-05	46000.000000	0.000183597	46000.000000	1.42034e-10	
48000.000000	0.000442851	48000.000000	0.000190165	48000.000000	5.19441e-05	48000.000000	5.12256e-05	48000.000000	5.19408e-05	48000.000000	0.000190165	48000.000000	1.36456e-10	
50000.000000	0.000472109	50000.000000	0.000196719	50000.000000	5.2146e-05	50000.000000	5.14652e-05	50000.000000	5.21406e-05	50000.000000	0.000196719	50000.000000	1.31311e-10	
