! 81Se energy loss (dE/dX) in He
! apply ZOOM for details
Energy (MeV/u)1	0 - [He-base] F.Hubert et al, AD&ND Tables 46(1990)1	Energy (MeV/u)2	1 - [H -base] J.F.Ziegler et al,Pergamon Press,NY(low energy)	Energy (MeV/u)3	2 - ATIMA 1.2 LS-theory (recommended for high energy)	Energy (MeV/u)4	3 - ATIMA 1.2 without LS-correction	Energy (MeV/u)5	4 - ATIMA 1.4 H.Weick, improved mean charge formula for HI	Energy (MeV/u)6	5 - electrical component of [1] - J.F.Ziegler et al	Energy (MeV/u)7	6 - nuclear component of [1] - J.F.Ziegler et al	
0.001000	0.000171344	0.001000	0.000201365	0.001000	0.00017475	0.001000	0.00017475	0.001000	0.000174759	0.001000	5.18123e-05	0.001000	0.000149553	
0.002000	0.000175037	0.002000	0.000201626	0.002000	0.000170066	0.002000	0.000170066	0.002000	0.000170074	0.002000	6.71923e-05	0.002000	0.000134434	
0.005000	0.0001765 	0.005000	0.000195517	0.005000	0.00015711	0.005000	0.00015711	0.005000	0.000157115	0.005000	9.47429e-05	0.005000	0.000100774	
0.008000	0.000180106	0.008000	0.000194768	0.008000	0.000153023	0.008000	0.000153023	0.008000	0.000153027	0.008000	0.000113003	0.008000	8.17646e-05	
0.010000	0.000183323	0.010000	0.000195963	0.010000	0.000152765	0.010000	0.000152765	0.010000	0.000152768	0.010000	0.000122866	0.010000	7.30961e-05	
0.015000	0.000192407	0.015000	0.000201563	0.015000	0.000156094	0.015000	0.000156094	0.015000	0.000156096	0.015000	0.000143043	0.015000	5.85201e-05	
0.020000	0.000201785	0.020000	0.000208663	0.020000	0.000161994	0.020000	0.000161994	0.020000	0.000161995	0.020000	0.000159338	0.020000	4.93253e-05	
0.025000	0.000210924	0.025000	0.000216159	0.025000	0.00016888	0.025000	0.00016888	0.025000	0.000168882	0.025000	0.000173245	0.025000	4.29136e-05	
0.030000	0.000219683	0.030000	0.000223652	0.030000	0.000176138	0.030000	0.000176138	0.030000	0.000176139	0.030000	0.000185504	0.030000	3.81483e-05	
0.035000	0.000229085	0.035000	0.00023099	0.035000	0.000183492	0.035000	0.000183492	0.035000	0.000183493	0.035000	0.000196543	0.035000	3.44464e-05	
0.040000	0.000241072	0.040000	0.000238111	0.040000	0.000190811	0.040000	0.000190811	0.040000	0.000190813	0.040000	0.000206636	0.040000	3.14754e-05	
0.045000	0.000251079	0.045000	0.000244998	0.045000	0.000198032	0.045000	0.000198032	0.045000	0.000198033	0.045000	0.000215967	0.045000	2.90307e-05	
0.050000	0.000259022	0.050000	0.000260261	0.050000	0.000213379	0.050000	0.000213379	0.050000	0.000213379	0.050000	0.000233282	0.050000	2.69789e-05	
0.055000	0.000272638	0.055000	0.00027781	0.055000	0.000231925	0.055000	0.000231925	0.055000	0.000231926	0.055000	0.000252581	0.055000	2.52288e-05	
0.060000	0.000284924	0.060000	0.000294547	0.060000	0.000250515	0.060000	0.000250515	0.060000	0.000250516	0.060000	0.000271051	0.060000	2.3496e-05	
0.070000	0.000306418	0.070000	0.000327242	0.070000	0.000288505	0.070000	0.000288505	0.070000	0.000288506	0.070000	0.000306207	0.070000	2.10354e-05	
0.080000	0.000329976	0.080000	0.000358627	0.080000	0.000326361	0.080000	0.000326361	0.080000	0.000326362	0.080000	0.000339542	0.080000	1.9085e-05	
0.090000	0.00035061	0.090000	0.00038877	0.090000	0.000363558	0.090000	0.000363558	0.090000	0.000363559	0.090000	0.000371273	0.090000	1.74969e-05	
0.100000	0.000368923	0.100000	0.000417601	0.100000	0.000399711	0.100000	0.000399711	0.100000	0.000399712	0.100000	0.000401425	0.100000	1.61758e-05	
0.120000	0.000391581	0.120000	0.000471115	0.120000	0.000467863	0.120000	0.000467863	0.120000	0.000467864	0.120000	0.000457017	0.120000	1.4098e-05	
0.140000	0.000422158	0.140000	0.000525904	0.140000	0.000529518	0.140000	0.000529518	0.140000	0.000529519	0.140000	0.000513372	0.140000	1.2532e-05	
0.160000	0.000450407	0.160000	0.000586909	0.160000	0.000584272	0.160000	0.000584272	0.160000	0.000584272	0.160000	0.000575604	0.160000	1.1305e-05	
0.180000	0.000477008	0.180000	0.000641135	0.180000	0.000632278	0.180000	0.000632278	0.180000	0.000632279	0.180000	0.00063082	0.180000	1.03151e-05	
0.200000	0.000502813	0.200000	0.000689249	0.200000	0.000674014	0.200000	0.000674014	0.200000	0.000674015	0.200000	0.000679751	0.200000	9.49791e-06	
0.250000	0.000547911	0.250000	0.000787444	0.250000	0.000755216	0.250000	0.000755216	0.250000	0.000755216	0.250000	0.000779483	0.250000	7.96146e-06	
0.300000	0.000589969	0.300000	0.000862566	0.300000	0.00081161	0.300000	0.00081161	0.300000	0.00081161	0.300000	0.000855684	0.300000	6.8818e-06	
0.350000	0.000629159	0.350000	0.000924442	0.350000	0.000851635	0.350000	0.000851635	0.350000	0.000851636	0.350000	0.000918364	0.350000	6.07787e-06	
0.400000	0.000663523	0.400000	0.000972828	0.400000	0.000881107	0.400000	0.000881107	0.400000	0.000881108	0.400000	0.000967374	0.400000	5.45395e-06	
0.450000	0.000693463	0.450000	0.00101115	0.450000	0.000903744	0.450000	0.000903744	0.450000	0.000903745	0.450000	0.0010062 	0.450000	4.95444e-06	
0.500000	0.000719445	0.500000	0.00104181	0.500000	0.000933061	0.500000	0.000933061	0.500000	0.000933062	0.500000	0.00103727	0.500000	4.54472e-06	
0.600000	0.00074422	0.600000	0.00109706	0.600000	0.00098094	0.600000	0.00098094	0.600000	0.000980941	0.600000	0.00109315	0.600000	3.91089e-06	
0.700000	0.000759111	0.700000	0.00114572	0.700000	0.0010149 	0.700000	0.0010149 	0.700000	0.0010149 	0.700000	0.00114227	0.700000	3.44179e-06	
0.800000	0.000791743	0.800000	0.00117882	0.800000	0.00103979	0.800000	0.00103979	0.800000	0.00103979	0.800000	0.00117574	0.800000	3.07947e-06	
0.900000	0.00081656	0.900000	0.00120097	0.900000	0.00105825	0.900000	0.00105825	0.900000	0.00105825	0.900000	0.00119818	0.900000	2.79055e-06	
1.000000	0.000833895	1.000000	0.00121396	1.000000	0.00107186	1.000000	0.00107186	1.000000	0.00107186	1.000000	0.00121141	1.000000	2.55436e-06	
1.250000	0.000849242	1.250000	0.00120982	1.250000	0.0010909 	1.250000	0.0010909 	1.250000	0.0010909 	1.250000	0.0012077 	1.250000	2.11611e-06	
1.500000	0.000851878	1.500000	0.00119438	1.500000	0.00109576	1.500000	0.00109576	1.500000	0.00109576	1.500000	0.00119257	1.500000	1.81288e-06	
1.750000	0.000846098	1.750000	0.0011721 	1.750000	0.00109193	1.750000	0.00109193	1.750000	0.00109193	1.750000	0.00117051	1.750000	1.58973e-06	
2.000000	0.000834581	2.000000	0.00114499	2.000000	0.00108264	2.000000	0.00108264	2.000000	0.00108264	2.000000	0.00114358	2.000000	1.41818e-06	
2.250000	0.000822746	2.250000	0.00111832	2.250000	0.00106991	2.250000	0.00106991	2.250000	0.00106991	2.250000	0.00111704	2.250000	1.2819e-06	
2.500000	0.00107001	2.500000	0.00109238	2.500000	0.00105505	2.500000	0.00105505	2.500000	0.00105505	2.500000	0.00109121	2.500000	1.17086e-06	
3.000000	0.00102122	3.000000	0.00104319	3.000000	0.0010193 	3.000000	0.0010193 	3.000000	0.0010193 	3.000000	0.00104218	3.000000	1.00044e-06	
3.500000	0.00097334	3.500000	0.000997772	3.500000	0.000979611	3.500000	0.000979611	3.500000	0.000979611	3.500000	0.000996896	3.500000	8.75436e-07	
4.000000	0.000928232	4.000000	0.000955995	4.000000	0.000942746	4.000000	0.000942746	4.000000	0.000942747	4.000000	0.000955216	4.000000	7.79588e-07	
4.500000	0.000886443	4.500000	0.000917558	4.500000	0.000908499	4.500000	0.000908499	4.500000	0.000908499	4.500000	0.000916854	4.500000	7.03616e-07	
5.000000	0.000847986	5.000000	0.000881818	5.000000	0.000876648	5.000000	0.000876648	5.000000	0.000876649	5.000000	0.000881176	5.000000	6.41827e-07	
5.500000	0.000812665	5.500000	0.000848551	5.500000	0.00084698	5.500000	0.00084698	5.500000	0.00084698	5.500000	0.000847961	5.500000	5.90529e-07	
6.000000	0.000780213	6.000000	0.000817996	6.000000	0.000819292	6.000000	0.000819292	6.000000	0.000819293	6.000000	0.000817449	6.000000	5.47218e-07	
6.500000	0.000750352	6.500000	0.00078975	6.500000	0.000793403	6.500000	0.000793403	6.500000	0.000793404	6.500000	0.00078924	6.500000	5.10134e-07	
7.000000	0.000722814	7.000000	0.000763497	7.000000	0.000769146	7.000000	0.000769146	7.000000	0.000769147	7.000000	0.000763019	7.000000	4.78003e-07	
7.500000	0.000697359	7.500000	0.000739097	7.500000	0.000746374	7.500000	0.000746374	7.500000	0.000746375	7.500000	0.000738647	7.500000	4.49879e-07	
8.000000	0.000673769	8.000000	0.000716329	8.000000	0.000724955	8.000000	0.000724955	8.000000	0.000724955	8.000000	0.000715904	8.000000	4.25044e-07	
8.500000	0.000651852	8.500000	0.000695012	8.500000	0.00070477	8.500000	0.00070477	8.500000	0.00070477	8.500000	0.000694609	8.500000	4.02943e-07	
9.000000	0.00063144	9.000000	0.000674985	9.000000	0.000685715	9.000000	0.000685715	9.000000	0.000685716	9.000000	0.000674602	9.000000	3.83141e-07	
9.500000	0.000612384	9.500000	0.000656093	9.500000	0.000667697	9.500000	0.000667697	9.500000	0.000667698	9.500000	0.000655728	9.500000	3.65291e-07	
10.000000	0.000594554	10.000000	0.000611694	10.000000	0.000650632	10.000000	0.000650632	10.000000	0.000650632	10.000000	0.000611345	10.000000	3.49113e-07	
11.000000	0.000562125	11.000000	0.000588083	11.000000	0.000614905	11.000000	0.00062001	11.000000	0.000622333	11.000000	0.000587763	11.000000	3.20901e-07	
12.000000	0.000533385	12.000000	0.000566004	12.000000	0.000583193	12.000000	0.000592418	12.000000	0.00059625	12.000000	0.000565707	12.000000	2.97109e-07	
13.000000	0.000507731	13.000000	0.000545402	13.000000	0.000554869	13.000000	0.000567445	13.000000	0.000572203	13.000000	0.000545125	13.000000	2.76759e-07	
14.000000	0.000484683	14.000000	0.000526187	14.000000	0.000529438	14.000000	0.000544747	14.000000	0.000550008	14.000000	0.000525928	14.000000	2.59144e-07	
15.000000	0.000463857	15.000000	0.00050826	15.000000	0.000506505	15.000000	0.000524038	15.000000	0.000529498	15.000000	0.000508016	15.000000	2.43739e-07	
16.000000	0.00044494	16.000000	0.000491516	16.000000	0.000485727	16.000000	0.000505076	16.000000	0.000510519	16.000000	0.000491286	16.000000	2.30147e-07	
17.000000	0.000427675	17.000000	0.000475858	17.000000	0.000466824	17.000000	0.00048766	17.000000	0.000492931	17.000000	0.000475639	17.000000	2.18059e-07	
18.000000	0.000411851	18.000000	0.000461192	18.000000	0.000449574	18.000000	0.000471615	18.000000	0.000476584	18.000000	0.000460985	18.000000	2.07237e-07	
19.000000	0.00039729	19.000000	0.000447435	19.000000	0.000433784	19.000000	0.000456795	19.000000	0.000461393	19.000000	0.000447237	19.000000	1.97487e-07	
20.000000	0.000383844	20.000000	0.000434509	20.000000	0.000419284	20.000000	0.000443072	20.000000	0.000447263	20.000000	0.00043432	20.000000	1.88656e-07	
21.000000	0.000371385	21.000000	0.000422344	21.000000	0.000405938	21.000000	0.000430336	21.000000	0.000434058	21.000000	0.000422164	21.000000	1.80618e-07	
22.000000	0.000359808	22.000000	0.000410878	22.000000	0.000393631	22.000000	0.000418493	22.000000	0.00042175	22.000000	0.000410705	22.000000	1.73268e-07	
23.000000	0.000349019	23.000000	0.000400055	23.000000	0.000382258	23.000000	0.000407458	23.000000	0.000410231	23.000000	0.000399888	23.000000	1.66521e-07	
24.000000	0.000338938	24.000000	0.000389821	24.000000	0.000371719	24.000000	0.000397158	24.000000	0.000399456	24.000000	0.000389661	24.000000	1.60304e-07	
25.000000	0.000329497	25.000000	0.000380133	25.000000	0.000361931	25.000000	0.00038753	25.000000	0.000389358	25.000000	0.000379978	25.000000	1.54556e-07	
27.000000	0.000312298	27.000000	0.000362227	27.000000	0.000344332	27.000000	0.000370064	27.000000	0.000370991	27.000000	0.000362082	27.000000	1.44267e-07	
29.000000	0.000297022	29.000000	0.000346049	29.000000	0.000329053	29.000000	0.000354675	29.000000	0.000354772	29.000000	0.000345913	29.000000	1.3532e-07	
31.000000	0.000283356	31.000000	0.000331362	31.000000	0.000315778	31.000000	0.000339904	31.000000	0.000339138	31.000000	0.000331234	31.000000	1.27465e-07	
33.000000	0.000271054	33.000000	0.00031797	33.000000	0.000303769	33.000000	0.000325471	33.000000	0.000323981	33.000000	0.00031785	33.000000	1.20511e-07	
35.000000	0.000259915	35.000000	0.00030571	35.000000	0.000292749	35.000000	0.000312318	35.000000	0.000310333	35.000000	0.000305596	35.000000	1.14309e-07	
38.000000	0.000245046	38.000000	0.000289148	38.000000	0.000277785	38.000000	0.000294637	38.000000	0.000292211	38.000000	0.000289042	38.000000	1.06165e-07	
41.000000	0.00023201	41.000000	0.00027445	41.000000	0.000264406	41.000000	0.000279028	41.000000	0.000276392	41.000000	0.000274351	41.000000	9.91505e-08	
44.000000	0.000220482	44.000000	0.000261319	44.000000	0.000252408	44.000000	0.000265146	44.000000	0.000262448	44.000000	0.000261226	44.000000	9.30432e-08	
47.000000	0.000210208	47.000000	0.000249517	47.000000	0.000241567	47.000000	0.000252719	47.000000	0.000250055	47.000000	0.00024943	47.000000	8.76752e-08	
50.000000	0.00020099	50.000000	0.000238852	50.000000	0.000231726	50.000000	0.000241531	50.000000	0.000238963	50.000000	0.00023877	50.000000	8.29182e-08	
55.000000	0.000187558	55.000000	0.000223191	55.000000	0.000217228	55.000000	0.000225169	55.000000	0.000222827	55.000000	0.000223115	55.000000	7.60852e-08	
60.000000	0.000176072	60.000000	0.000209697	60.000000	0.000204642	60.000000	0.000211136	60.000000	0.000209056	60.000000	0.000209627	60.000000	7.03347e-08	
65.000000	0.000166131	65.000000	0.000197949	65.000000	0.000193656	65.000000	0.000198969	65.000000	0.000197154	65.000000	0.000197884	65.000000	6.54253e-08	
70.000000	0.000157436	70.000000	0.00018763	70.000000	0.000183969	70.000000	0.000188319	70.000000	0.000186759	70.000000	0.000187569	70.000000	6.11828e-08	
75.000000	0.000149762	75.000000	0.000178493	75.000000	0.000175346	75.000000	0.000178919	75.000000	0.000177648	75.000000	0.000178436	75.000000	5.74782e-08	
80.000000	0.000142935	80.000000	0.000170347	80.000000	0.000167657	80.000000	0.000170561	80.000000	0.000169554	80.000000	0.000170293	80.000000	5.4214e-08	
85.000000	0.000136819	85.000000	0.00016304	85.000000	0.000160737	85.000000	0.000163083	85.000000	0.000162307	85.000000	0.000162988	85.000000	5.13151e-08	
90.000000	0.000131307	90.000000	0.000156447	90.000000	0.000154475	90.000000	0.000156351	90.000000	0.000155781	90.000000	0.000156399	90.000000	4.87227e-08	
95.000000	0.000126311	95.000000	0.00015047	95.000000	0.000148781	95.000000	0.000150261	95.000000	0.000149881	95.000000	0.000150424	95.000000	4.63899e-08	
100.000000	0.000121761	100.000000	0.000145026	100.000000	0.000143579	100.000000	0.000144724	100.000000	0.000144516	100.000000	0.000144982	100.000000	4.42791e-08	
105.000000	0.000117597	105.000000	0.000140047	105.000000	0.000138823	105.000000	0.000139669	105.000000	0.000139613	105.000000	0.000140005	105.000000	4.23596e-08	
110.000000	0.000113772	110.000000	0.000135476	110.000000	0.000134445	110.000000	0.000135035	110.000000	0.000135126	110.000000	0.000135435	110.000000	4.06062e-08	
115.000000	0.000110245	115.000000	0.000131265	115.000000	0.00013041	115.000000	0.000130773	115.000000	0.000130987	115.000000	0.000131226	115.000000	3.8998e-08	
120.000000	0.000106982	120.000000	0.000127373	120.000000	0.000126676	120.000000	0.000126839	120.000000	0.000127173	120.000000	0.000127335	120.000000	3.75173e-08	
125.000000	0.000103953	125.000000	0.000123765	125.000000	0.000123208	125.000000	0.000123197	125.000000	0.000123633	125.000000	0.000123729	125.000000	3.61495e-08	
130.000000	0.000101133	130.000000	0.000120411	130.000000	0.000119985	130.000000	0.000119816	130.000000	0.000120351	130.000000	0.000120376	130.000000	3.48819e-08	
135.000000	9.8501e-05	135.000000	0.000117286	135.000000	0.000116975	135.000000	0.000116668	135.000000	0.000117288	135.000000	0.000117252	135.000000	3.37037e-08	
140.000000	9.60385e-05	140.000000	0.000114367	140.000000	0.000114153	140.000000	0.000113731	140.000000	0.000114434	140.000000	0.000114334	140.000000	3.26057e-08	
145.000000	9.3729e-05	145.000000	0.000111634	145.000000	0.000111513	145.000000	0.000110985	145.000000	0.000111756	145.000000	0.000111602	145.000000	3.15798e-08	
150.000000	9.15583e-05	150.000000	0.00010907	150.000000	0.000109044	150.000000	0.00010841	150.000000	0.000109252	150.000000	0.000109039	150.000000	3.06191e-08	
155.000000	8.84688e-05	155.000000	0.00010666	155.000000	0.000106711	155.000000	0.000105993	155.000000	0.000106895	155.000000	0.00010663	155.000000	2.97174e-08	
160.000000	8.66742e-05	160.000000	0.000104391	160.000000	0.00010451	160.000000	0.000103718	160.000000	0.000104676	160.000000	0.000104362	160.000000	2.88695e-08	
165.000000	8.49793e-05	165.000000	0.00010225	165.000000	0.000102442	165.000000	0.000101574	165.000000	0.000102586	165.000000	0.000102222	165.000000	2.80705e-08	
170.000000	8.33759e-05	170.000000	0.000100227	170.000000	0.000100484	170.000000	9.95504e-05	170.000000	0.000100607	170.000000	0.0001002 	170.000000	2.73164e-08	
175.000000	8.18568e-05	175.000000	9.8313e-05	175.000000	9.86277e-05	175.000000	9.76365e-05	175.000000	9.87374e-05	175.000000	9.82864e-05	175.000000	2.66033e-08	
180.000000	8.04153e-05	180.000000	9.6499e-05	180.000000	9.68701e-05	180.000000	9.58241e-05	180.000000	9.69659e-05	180.000000	9.64731e-05	180.000000	2.5928e-08	
185.000000	7.90456e-05	185.000000	9.47775e-05	185.000000	9.52006e-05	185.000000	9.41054e-05	185.000000	9.52821e-05	185.000000	9.47522e-05	185.000000	2.52875e-08	
190.000000	7.77424e-05	190.000000	9.31417e-05	190.000000	9.361e-05 	190.000000	9.24733e-05	190.000000	9.36847e-05	190.000000	9.3117e-05	190.000000	2.46791e-08	
195.000000	7.65009e-05	195.000000	9.15853e-05	195.000000	9.2096e-05	195.000000	9.09216e-05	195.000000	9.2165e-05	195.000000	9.15612e-05	195.000000	2.41005e-08	
200.000000	7.53169e-05	200.000000	9.01028e-05	200.000000	9.06551e-05	200.000000	8.94445e-05	200.000000	9.07149e-05	200.000000	9.00792e-05	200.000000	2.35495e-08	
210.000000	7.31055e-05	210.000000	8.73394e-05	210.000000	8.79713e-05	210.000000	8.66938e-05	210.000000	8.80172e-05	210.000000	8.73169e-05	210.000000	2.25226e-08	
220.000000	7.10811e-05	220.000000	8.4816e-05	220.000000	8.5512e-05	220.000000	8.41852e-05	220.000000	8.55499e-05	220.000000	8.47944e-05	220.000000	2.15849e-08	
230.000000	6.92206e-05	230.000000	8.25028e-05	230.000000	8.32651e-05	230.000000	8.18883e-05	230.000000	8.32916e-05	230.000000	8.2482e-05	230.000000	2.07251e-08	
240.000000	6.75048e-05	240.000000	8.03749e-05	240.000000	8.11967e-05	240.000000	7.97778e-05	240.000000	8.12123e-05	240.000000	8.03549e-05	240.000000	1.99337e-08	
250.000000	6.59175e-05	250.000000	7.84111e-05	250.000000	7.92785e-05	250.000000	7.78324e-05	250.000000	7.92951e-05	250.000000	7.83919e-05	250.000000	1.92027e-08	
260.000000	6.44446e-05	260.000000	7.65934e-05	260.000000	7.75062e-05	260.000000	7.60336e-05	260.000000	7.75193e-05	260.000000	7.65749e-05	260.000000	1.85255e-08	
270.000000	6.30743e-05	270.000000	7.49063e-05	270.000000	7.58654e-05	270.000000	7.43659e-05	270.000000	7.58731e-05	270.000000	7.48884e-05	270.000000	1.78963e-08	
280.000000	6.17962e-05	280.000000	7.33364e-05	280.000000	7.43332e-05	280.000000	7.28157e-05	280.000000	7.43394e-05	280.000000	7.33191e-05	280.000000	1.731e-08 	
290.000000	6.06013e-05	290.000000	7.18721e-05	290.000000	7.29051e-05	290.000000	7.13713e-05	290.000000	7.29119e-05	290.000000	7.18553e-05	290.000000	1.67623e-08	
300.000000	5.94818e-05	300.000000	7.05032e-05	300.000000	7.15711e-05	300.000000	7.00225e-05	300.000000	7.15744e-05	300.000000	7.0487e-05	300.000000	1.62495e-08	
310.000000	5.84309e-05	310.000000	6.9221e-05	310.000000	7.03226e-05	310.000000	6.87603e-05	310.000000	7.0324e-05	310.000000	6.92052e-05	310.000000	1.57684e-08	
320.000000	5.74424e-05	320.000000	6.80176e-05	320.000000	6.91519e-05	320.000000	6.75769e-05	320.000000	6.915e-05 	320.000000	6.80023e-05	320.000000	1.5316e-08	
330.000000	5.65111e-05	330.000000	6.68861e-05	330.000000	6.80475e-05	330.000000	6.64653e-05	330.000000	6.80462e-05	330.000000	6.68712e-05	330.000000	1.48898e-08	
340.000000	5.56322e-05	340.000000	6.58205e-05	340.000000	6.70076e-05	340.000000	6.54195e-05	340.000000	6.70087e-05	340.000000	6.5806e-05	340.000000	1.44876e-08	
350.000000	5.48014e-05	350.000000	6.48153e-05	350.000000	6.60313e-05	350.000000	6.44339e-05	350.000000	6.60279e-05	350.000000	6.48012e-05	350.000000	1.41074e-08	
360.000000	5.4015e-05	360.000000	6.38656e-05	360.000000	6.51082e-05	360.000000	6.35037e-05	360.000000	6.51026e-05	360.000000	6.38518e-05	360.000000	1.37473e-08	
370.000000	5.32696e-05	370.000000	6.29671e-05	370.000000	6.42323e-05	370.000000	6.26244e-05	370.000000	6.42288e-05	370.000000	6.29537e-05	370.000000	1.34059e-08	
380.000000	5.25621e-05	380.000000	6.2116e-05	380.000000	6.34032e-05	380.000000	6.17923e-05	380.000000	6.33989e-05	380.000000	6.21029e-05	380.000000	1.30817e-08	
390.000000	5.18898e-05	390.000000	6.13086e-05	390.000000	6.26177e-05	390.000000	6.10037e-05	390.000000	6.26131e-05	390.000000	6.12958e-05	390.000000	1.27733e-08	
400.000000	5.12502e-05	400.000000	6.05419e-05	400.000000	6.18721e-05	400.000000	6.02555e-05	400.000000	6.18682e-05	400.000000	6.05294e-05	400.000000	1.24797e-08	
410.000000	5.06411e-05	410.000000	5.98129e-05	410.000000	6.11637e-05	410.000000	5.95448e-05	410.000000	6.11584e-05	410.000000	5.98007e-05	410.000000	1.21999e-08	
420.000000	5.00603e-05	420.000000	5.91191e-05	420.000000	6.04906e-05	420.000000	5.88689e-05	420.000000	6.04837e-05	420.000000	5.91072e-05	420.000000	1.19327e-08	
430.000000	4.95061e-05	430.000000	5.84581e-05	430.000000	5.98487e-05	430.000000	5.82256e-05	430.000000	5.98419e-05	430.000000	5.84464e-05	430.000000	1.16775e-08	
440.000000	4.89767e-05	440.000000	5.78277e-05	440.000000	5.92347e-05	440.000000	5.76126e-05	440.000000	5.92296e-05	440.000000	5.78163e-05	440.000000	1.14334e-08	
450.000000	4.84706e-05	450.000000	5.72259e-05	450.000000	5.86485e-05	450.000000	5.7028e-05	450.000000	5.86447e-05	450.000000	5.72147e-05	450.000000	1.11996e-08	
460.000000	4.79862e-05	460.000000	5.6651e-05	460.000000	5.80907e-05	460.000000	5.64698e-05	460.000000	5.80868e-05	460.000000	5.664e-05 	460.000000	1.09756e-08	
470.000000	4.75224e-05	470.000000	5.61013e-05	470.000000	5.75589e-05	470.000000	5.59366e-05	470.000000	5.75542e-05	470.000000	5.60905e-05	470.000000	1.07607e-08	
480.000000	4.7078e-05	480.000000	5.55752e-05	480.000000	5.70495e-05	480.000000	5.54267e-05	480.000000	5.70433e-05	480.000000	5.55646e-05	480.000000	1.05543e-08	
490.000000	4.66517e-05	490.000000	5.50714e-05	490.000000	5.65603e-05	490.000000	5.49388e-05	490.000000	5.65545e-05	490.000000	5.5061e-05	490.000000	1.0356e-08	
500.000000	4.62425e-05	500.000000	5.45885e-05	500.000000	5.6091e-05	500.000000	5.44715e-05	500.000000	5.60867e-05	500.000000	5.45783e-05	500.000000	1.01654e-08	
520.000000	4.5472e-05	520.000000	5.36809e-05	520.000000	5.52105e-05	520.000000	5.35943e-05	520.000000	5.52077e-05	520.000000	5.36711e-05	520.000000	9.80507e-09	
540.000000	4.47596e-05	540.000000	5.2844e-05	540.000000	5.43997e-05	540.000000	5.27864e-05	540.000000	5.43973e-05	540.000000	5.28345e-05	540.000000	9.47036e-09	
560.000000	4.40994e-05	560.000000	5.20703e-05	560.000000	5.36508e-05	560.000000	5.20405e-05	560.000000	5.36493e-05	560.000000	5.20612e-05	560.000000	9.15855e-09	
580.000000	4.34864e-05	580.000000	5.13535e-05	580.000000	5.29575e-05	580.000000	5.13504e-05	580.000000	5.29557e-05	580.000000	5.13447e-05	580.000000	8.86735e-09	
600.000000	4.2916e-05	600.000000	5.06881e-05	600.000000	5.23146e-05	600.000000	5.07104e-05	600.000000	5.23135e-05	600.000000	5.06795e-05	600.000000	8.59476e-09	
620.000000	4.23844e-05	620.000000	5.00692e-05	620.000000	5.1717e-05	620.000000	5.01158e-05	620.000000	5.1715e-05	620.000000	5.00609e-05	620.000000	8.33903e-09	
640.000000	4.18882e-05	640.000000	4.94927e-05	640.000000	5.11604e-05	640.000000	4.95623e-05	640.000000	5.11584e-05	640.000000	4.94846e-05	640.000000	8.09861e-09	
660.000000	4.14243e-05	660.000000	4.89547e-05	660.000000	5.06417e-05	660.000000	4.90462e-05	660.000000	5.06391e-05	660.000000	4.89468e-05	660.000000	7.87217e-09	
680.000000	4.099e-05 	680.000000	4.84519e-05	680.000000	5.01573e-05	680.000000	4.85642e-05	680.000000	5.01534e-05	680.000000	4.84442e-05	680.000000	7.6585e-09	
700.000000	4.05829e-05	700.000000	4.79814e-05	700.000000	4.97029e-05	700.000000	4.81134e-05	700.000000	4.96996e-05	700.000000	4.7974e-05	700.000000	7.45653e-09	
720.000000	4.02009e-05	720.000000	4.75406e-05	720.000000	4.92754e-05	720.000000	4.76911e-05	720.000000	4.92738e-05	720.000000	4.75334e-05	720.000000	7.26532e-09	
740.000000	3.98421e-05	740.000000	4.71272e-05	740.000000	4.8875e-05	740.000000	4.72952e-05	740.000000	4.88742e-05	740.000000	4.71201e-05	740.000000	7.08402e-09	
760.000000	3.95048e-05	760.000000	4.67389e-05	760.000000	4.85008e-05	760.000000	4.69233e-05	760.000000	4.84995e-05	760.000000	4.6732e-05	760.000000	6.91188e-09	
780.000000	3.91873e-05	780.000000	4.6374e-05	780.000000	4.8149e-05	780.000000	4.65738e-05	780.000000	4.81465e-05	780.000000	4.63673e-05	780.000000	6.7482e-09	
800.000000	3.88884e-05	800.000000	4.60308e-05	800.000000	4.78164e-05	800.000000	4.62449e-05	800.000000	4.78141e-05	800.000000	4.60242e-05	800.000000	6.59237e-09	
820.000000	3.86066e-05	820.000000	4.57076e-05	820.000000	4.75022e-05	820.000000	4.5935e-05	820.000000	4.75014e-05	820.000000	4.57012e-05	820.000000	6.44383e-09	
840.000000	3.83409e-05	840.000000	4.54032e-05	840.000000	4.72064e-05	840.000000	4.56428e-05	840.000000	4.72061e-05	840.000000	4.53969e-05	840.000000	6.30208e-09	
860.000000	3.80903e-05	860.000000	4.51161e-05	860.000000	4.69285e-05	860.000000	4.53671e-05	860.000000	4.6927e-05	860.000000	4.51099e-05	860.000000	6.16665e-09	
880.000000	3.78536e-05	880.000000	4.48453e-05	880.000000	4.66663e-05	880.000000	4.51066e-05	880.000000	4.66637e-05	880.000000	4.48392e-05	880.000000	6.03713e-09	
900.000000	3.76302e-05	900.000000	4.45897e-05	900.000000	4.64178e-05	900.000000	4.48604e-05	900.000000	4.6415e-05	900.000000	4.45838e-05	900.000000	5.91313e-09	
920.000000	3.74191e-05	920.000000	4.43483e-05	920.000000	4.61818e-05	920.000000	4.46275e-05	920.000000	4.61788e-05	920.000000	4.43425e-05	920.000000	5.7943e-09	
940.000000	3.72196e-05	940.000000	4.41203e-05	940.000000	4.59579e-05	940.000000	4.44071e-05	940.000000	4.59554e-05	940.000000	4.41146e-05	940.000000	5.68032e-09	
960.000000	3.7031e-05	960.000000	4.39047e-05	960.000000	4.57457e-05	960.000000	4.41982e-05	960.000000	4.5744e-05	960.000000	4.38992e-05	960.000000	5.57091e-09	
980.000000	3.68527e-05	980.000000	4.3701e-05	980.000000	4.55447e-05	980.000000	4.40003e-05	980.000000	4.55437e-05	980.000000	4.36955e-05	980.000000	5.46577e-09	
1000.000000	3.66842e-05	1000.000000	4.35084e-05	1000.000000	4.53541e-05	1000.000000	4.38125e-05	1000.000000	4.53531e-05	1000.000000	4.3503e-05	1000.000000	5.36468e-09	
1020.000000	3.65249e-05	1020.000000	4.33262e-05	1020.000000	4.51733e-05	1020.000000	4.36344e-05	1020.000000	4.51723e-05	1020.000000	4.33209e-05	1020.000000	5.26739e-09	
1040.000000	3.63742e-05	1040.000000	4.31538e-05	1040.000000	4.50016e-05	1040.000000	4.34653e-05	1040.000000	4.50009e-05	1040.000000	4.31486e-05	1040.000000	5.17369e-09	
1060.000000	3.62318e-05	1060.000000	4.29908e-05	1060.000000	4.48384e-05	1060.000000	4.33047e-05	1060.000000	4.48383e-05	1060.000000	4.29857e-05	1060.000000	5.08338e-09	
1080.000000	3.60972e-05	1080.000000	4.28366e-05	1080.000000	4.46833e-05	1080.000000	4.31521e-05	1080.000000	4.4683e-05	1080.000000	4.28316e-05	1080.000000	4.99629e-09	
1100.000000	3.597e-05 	1100.000000	4.26907e-05	1100.000000	4.45358e-05	1100.000000	4.3007e-05	1100.000000	4.45355e-05	1100.000000	4.26857e-05	1100.000000	4.91223e-09	
1120.000000	3.58498e-05	1120.000000	4.25527e-05	1120.000000	4.43955e-05	1120.000000	4.2869e-05	1120.000000	4.43954e-05	1120.000000	4.25478e-05	1120.000000	4.83106e-09	
1140.000000	3.57363e-05	1140.000000	4.24221e-05	1140.000000	4.4262e-05	1140.000000	4.27378e-05	1140.000000	4.42622e-05	1140.000000	4.24174e-05	1140.000000	4.75262e-09	
1160.000000	3.56292e-05	1160.000000	4.22987e-05	1160.000000	4.4135e-05	1160.000000	4.26129e-05	1160.000000	4.41352e-05	1160.000000	4.22941e-05	1160.000000	4.67678e-09	
1180.000000	3.55281e-05	1180.000000	4.21821e-05	1180.000000	4.4014e-05	1180.000000	4.24941e-05	1180.000000	4.40141e-05	1180.000000	4.21775e-05	1180.000000	4.6034e-09	
1200.000000	3.54328e-05	1200.000000	4.20719e-05	1200.000000	4.38988e-05	1200.000000	4.23809e-05	1200.000000	4.38989e-05	1200.000000	4.20673e-05	1200.000000	4.53238e-09	
1220.000000	3.5343e-05	1220.000000	4.19678e-05	1220.000000	4.37891e-05	1220.000000	4.22731e-05	1220.000000	4.37893e-05	1220.000000	4.19633e-05	1220.000000	4.46359e-09	
1240.000000	3.52585e-05	1240.000000	4.18695e-05	1240.000000	4.36845e-05	1240.000000	4.21705e-05	1240.000000	4.3685e-05	1240.000000	4.18651e-05	1240.000000	4.39693e-09	
1260.000000	3.51791e-05	1260.000000	4.17767e-05	1260.000000	4.35849e-05	1260.000000	4.20727e-05	1260.000000	4.35853e-05	1260.000000	4.17724e-05	1260.000000	4.3323e-09	
1280.000000	3.51044e-05	1280.000000	4.16893e-05	1280.000000	4.34899e-05	1280.000000	4.19796e-05	1280.000000	4.34901e-05	1280.000000	4.1685e-05	1280.000000	4.26962e-09	
1300.000000	3.50344e-05	1300.000000	4.16069e-05	1300.000000	4.33994e-05	1300.000000	4.18908e-05	1300.000000	4.33996e-05	1300.000000	4.16027e-05	1300.000000	4.20878e-09	
1320.000000	3.49687e-05	1320.000000	4.15293e-05	1320.000000	4.33131e-05	1320.000000	4.18062e-05	1320.000000	4.33133e-05	1320.000000	4.15252e-05	1320.000000	4.14972e-09	
1340.000000	3.49073e-05	1340.000000	4.14564e-05	1340.000000	4.32308e-05	1340.000000	4.17256e-05	1340.000000	4.32312e-05	1340.000000	4.14523e-05	1340.000000	4.09235e-09	
1360.000000	3.48499e-05	1360.000000	4.13879e-05	1360.000000	4.31523e-05	1360.000000	4.16487e-05	1360.000000	4.31528e-05	1360.000000	4.13838e-05	1360.000000	4.0366e-09	
1380.000000	3.47965e-05	1380.000000	4.13236e-05	1380.000000	4.30775e-05	1380.000000	4.15755e-05	1380.000000	4.30777e-05	1380.000000	4.13196e-05	1380.000000	3.9824e-09	
1400.000000	3.47468e-05	1400.000000	4.12633e-05	1400.000000	4.30062e-05	1400.000000	4.15056e-05	1400.000000	4.30063e-05	1400.000000	4.12594e-05	1400.000000	3.92969e-09	
1420.000000	3.47006e-05	1420.000000	4.12069e-05	1420.000000	4.29382e-05	1420.000000	4.14391e-05	1420.000000	4.29382e-05	1420.000000	4.1203e-05	1420.000000	3.87841e-09	
1440.000000	3.46579e-05	1440.000000	4.11543e-05	1440.000000	4.28734e-05	1440.000000	4.13757e-05	1440.000000	4.28735e-05	1440.000000	4.11504e-05	1440.000000	3.82849e-09	
1460.000000	3.46186e-05	1460.000000	4.11052e-05	1460.000000	4.28117e-05	1460.000000	4.13153e-05	1460.000000	4.28118e-05	1460.000000	4.11014e-05	1460.000000	3.77989e-09	
1480.000000	3.45824e-05	1480.000000	4.10595e-05	1480.000000	4.27528e-05	1480.000000	4.12577e-05	1480.000000	4.27527e-05	1480.000000	4.10558e-05	1480.000000	3.73255e-09	
1500.000000	3.45493e-05	1500.000000	4.10172e-05	1500.000000	4.26968e-05	1500.000000	4.12029e-05	1500.000000	4.26963e-05	1500.000000	4.10135e-05	1500.000000	3.68642e-09	
1520.000000	3.45192e-05	1520.000000	4.0978e-05	1520.000000	4.26433e-05	1520.000000	4.11506e-05	1520.000000	4.26427e-05	1520.000000	4.09743e-05	1520.000000	3.64146e-09	
1540.000000	3.4492e-05	1540.000000	4.09418e-05	1540.000000	4.25923e-05	1540.000000	4.11009e-05	1540.000000	4.25916e-05	1540.000000	4.09382e-05	1540.000000	3.59763e-09	
1560.000000	3.44675e-05	1560.000000	4.09086e-05	1560.000000	4.25437e-05	1560.000000	4.10535e-05	1560.000000	4.2543e-05	1560.000000	4.0905e-05	1560.000000	3.55487e-09	
1580.000000	3.44456e-05	1580.000000	4.08781e-05	1580.000000	4.24974e-05	1580.000000	4.10084e-05	1580.000000	4.24968e-05	1580.000000	4.08746e-05	1580.000000	3.51315e-09	
1600.000000	3.44264e-05	1600.000000	4.08504e-05	1600.000000	4.24532e-05	1600.000000	4.09655e-05	1600.000000	4.24527e-05	1600.000000	4.0847e-05	1600.000000	3.47243e-09	
1620.000000	3.44096e-05	1620.000000	4.08253e-05	1620.000000	4.24111e-05	1620.000000	4.09248e-05	1620.000000	4.24105e-05	1620.000000	4.08219e-05	1620.000000	3.43268e-09	
1640.000000	3.43953e-05	1640.000000	4.08028e-05	1640.000000	4.23709e-05	1640.000000	4.0886e-05	1640.000000	4.23705e-05	1640.000000	4.07994e-05	1640.000000	3.39386e-09	
1660.000000	3.43832e-05	1660.000000	4.07826e-05	1660.000000	4.23327e-05	1660.000000	4.08491e-05	1660.000000	4.23325e-05	1660.000000	4.07793e-05	1660.000000	3.35595e-09	
1680.000000	3.43734e-05	1680.000000	4.07648e-05	1680.000000	4.22963e-05	1680.000000	4.08141e-05	1680.000000	4.22964e-05	1680.000000	4.07615e-05	1680.000000	3.31889e-09	
1700.000000	3.43658e-05	1700.000000	4.07493e-05	1700.000000	4.22618e-05	1700.000000	4.07809e-05	1700.000000	4.22621e-05	1700.000000	4.0746e-05	1700.000000	3.28268e-09	
1750.000000	3.43558e-05	1750.000000	4.07198e-05	1750.000000	4.21828e-05	1750.000000	4.07052e-05	1750.000000	4.21837e-05	1750.000000	4.07166e-05	1750.000000	3.19563e-09	
1800.000000	3.4358e-05	1800.000000	4.07028e-05	1800.000000	4.21138e-05	1800.000000	4.06391e-05	1800.000000	4.21149e-05	1800.000000	4.06997e-05	1800.000000	3.11323e-09	
1850.000000	3.43715e-05	1850.000000	4.06974e-05	1850.000000	4.20539e-05	1850.000000	4.05817e-05	1850.000000	4.20553e-05	1850.000000	4.06944e-05	1850.000000	3.03511e-09	
1900.000000	3.43955e-05	1900.000000	4.07026e-05	1900.000000	4.20022e-05	1900.000000	4.05323e-05	1900.000000	4.20035e-05	1900.000000	4.06996e-05	1900.000000	2.96095e-09	
1950.000000	3.44292e-05	1950.000000	4.07175e-05	1950.000000	4.1958e-05	1950.000000	4.04901e-05	1950.000000	4.19591e-05	1950.000000	4.07147e-05	1950.000000	2.89045e-09	
2000.000000	3.4472e-05	2000.000000	4.07416e-05	2000.000000	4.19206e-05	2000.000000	4.04544e-05	2000.000000	4.19215e-05	2000.000000	4.07388e-05	2000.000000	2.82334e-09	
2100.000000	3.45825e-05	2100.000000	4.08143e-05	2100.000000	4.18636e-05	2100.000000	4.04007e-05	2100.000000	4.18637e-05	2100.000000	4.08116e-05	2100.000000	2.69835e-09	
2200.000000	3.47229e-05	2200.000000	4.09161e-05	2200.000000	4.18271e-05	2200.000000	4.0367e-05	2200.000000	4.18267e-05	2200.000000	4.09135e-05	2200.000000	2.5843e-09	
2300.000000	3.48899e-05	2300.000000	4.10432e-05	2300.000000	4.18076e-05	2300.000000	4.03502e-05	2300.000000	4.18064e-05	2300.000000	4.10407e-05	2300.000000	2.4798e-09	
2400.000000	3.50804e-05	2400.000000	4.11924e-05	2400.000000	4.18023e-05	2400.000000	4.03476e-05	2400.000000	4.1801e-05	2400.000000	4.119e-05 	2400.000000	2.38369e-09	
2500.000000	3.5292e-05	2500.000000	4.1361e-05	2500.000000	4.18091e-05	2500.000000	4.03571e-05	2500.000000	4.18076e-05	2500.000000	4.13587e-05	2500.000000	2.29498e-09	
2600.000000	3.55227e-05	2600.000000	4.15469e-05	2600.000000	4.18262e-05	2600.000000	4.03767e-05	2600.000000	4.18249e-05	2600.000000	4.15447e-05	2600.000000	2.21285e-09	
2700.000000	3.57706e-05	2700.000000	4.1748e-05	2700.000000	4.1852e-05	2700.000000	4.04051e-05	2700.000000	4.18508e-05	2700.000000	4.17459e-05	2700.000000	2.13658e-09	
2800.000000	3.60343e-05	2800.000000	4.19627e-05	2800.000000	4.18853e-05	2800.000000	4.04409e-05	2800.000000	4.18846e-05	2800.000000	4.19607e-05	2800.000000	2.06556e-09	
2900.000000	3.63124e-05	2900.000000	4.21896e-05	2900.000000	4.1925e-05	2900.000000	4.0483e-05	2900.000000	4.19244e-05	2900.000000	4.21876e-05	2900.000000	1.99926e-09	
3000.000000	3.66037e-05	3000.000000	4.24275e-05	3000.000000	4.19702e-05	3000.000000	4.05305e-05	3000.000000	4.19701e-05	3000.000000	4.24255e-05	3000.000000	1.93721e-09	
3200.000000	3.7222e-05	3200.000000	4.29317e-05	3200.000000	4.20743e-05	3200.000000	4.06387e-05	3200.000000	4.20748e-05	3200.000000	4.29299e-05	3200.000000	1.82434e-09	
3400.000000	3.78825e-05	3400.000000	4.34683e-05	3400.000000	4.21924e-05	3400.000000	4.07605e-05	3400.000000	4.21934e-05	3400.000000	4.34666e-05	3400.000000	1.72428e-09	
3600.000000	3.85798e-05	3600.000000	4.40317e-05	3600.000000	4.23208e-05	3600.000000	4.0892e-05	3600.000000	4.23221e-05	3600.000000	4.403e-05 	3600.000000	1.63495e-09	
3800.000000	3.93097e-05	3800.000000	4.46174e-05	3800.000000	4.24566e-05	3800.000000	4.10306e-05	3800.000000	4.2458e-05	3800.000000	4.46159e-05	3800.000000	1.55469e-09	
4000.000000	4.00689e-05	4000.000000	4.52221e-05	4000.000000	4.25976e-05	4000.000000	4.1174e-05	4000.000000	4.2599e-05	4000.000000	4.52206e-05	4000.000000	1.48217e-09	
4200.000000	4.08544e-05	4200.000000	4.58427e-05	4200.000000	4.27421e-05	4200.000000	4.13206e-05	4200.000000	4.27435e-05	4200.000000	4.58413e-05	4200.000000	1.41631e-09	
4400.000000	4.1664e-05	4400.000000	4.6477e-05	4400.000000	4.28889e-05	4400.000000	4.14692e-05	4400.000000	4.28899e-05	4400.000000	4.64757e-05	4400.000000	1.35624e-09	
4600.000000	4.24958e-05	4600.000000	4.71231e-05	4600.000000	4.30368e-05	4600.000000	4.16188e-05	4600.000000	4.30377e-05	4600.000000	4.71218e-05	4600.000000	1.3012e-09	
4800.000000	4.33481e-05	4800.000000	4.77793e-05	4800.000000	4.31851e-05	4800.000000	4.17688e-05	4800.000000	4.31857e-05	4800.000000	4.77781e-05	4800.000000	1.25059e-09	
5000.000000	4.42197e-05	5000.000000	4.84444e-05	5000.000000	4.33332e-05	5000.000000	4.19184e-05	5000.000000	4.33336e-05	5000.000000	4.84432e-05	5000.000000	1.20389e-09	
5250.000000	4.53345e-05	5250.000000	4.92864e-05	5250.000000	4.35175e-05	5250.000000	4.21044e-05	5250.000000	4.35174e-05	5250.000000	4.92852e-05	5250.000000	1.15034e-09	
5500.000000	4.64755e-05	5500.000000	5.01386e-05	5500.000000	4.37e-05  	5500.000000	4.22886e-05	5500.000000	4.36995e-05	5500.000000	5.01375e-05	5500.000000	1.1015e-09	
6000.000000	4.88307e-05	6000.000000	5.18677e-05	6000.000000	4.40577e-05	6000.000000	4.26499e-05	6000.000000	4.40569e-05	6000.000000	5.18667e-05	6000.000000	1.0156e-09	
6500.000000	5.12753e-05	6500.000000	5.36224e-05	6500.000000	4.44016e-05	6500.000000	4.3e-05   	6500.000000	4.44032e-05	6500.000000	5.36215e-05	6500.000000	9.42491e-10	
7000.000000	5.38023e-05	7000.000000	5.53962e-05	7000.000000	4.47371e-05	7000.000000	4.33379e-05	7000.000000	4.47374e-05	7000.000000	5.53953e-05	7000.000000	8.79478e-10	
7500.000000	5.64063e-05	7500.000000	5.71842e-05	7500.000000	4.50606e-05	7500.000000	4.36634e-05	7500.000000	4.50593e-05	7500.000000	5.71834e-05	7500.000000	8.24588e-10	
8000.000000	5.90836e-05	8000.000000	5.8983e-05	8000.000000	4.53685e-05	8000.000000	4.39767e-05	8000.000000	4.53688e-05	8000.000000	5.89822e-05	8000.000000	7.76334e-10	
8500.000000	6.18309e-05	8500.000000	6.07899e-05	8500.000000	4.5665e-05	8500.000000	4.4278e-05	8500.000000	4.56664e-05	8500.000000	6.07892e-05	8500.000000	7.33569e-10	
9000.000000	6.46461e-05	9000.000000	6.26029e-05	9000.000000	4.59521e-05	9000.000000	4.4568e-05	9000.000000	4.59526e-05	9000.000000	6.26022e-05	9000.000000	6.95399e-10	
9500.000000	6.75271e-05	9500.000000	6.44204e-05	9500.000000	4.62283e-05	9500.000000	4.48471e-05	9500.000000	4.62279e-05	9500.000000	6.44198e-05	9500.000000	6.61114e-10	
10000.000000	7.04725e-05	10000.000000	6.62413e-05	10000.000000	4.64931e-05	10000.000000	4.5116e-05	10000.000000	4.64928e-05	10000.000000	6.62407e-05	10000.000000	6.30145e-10	
11000.000000	7.6552e-05	11000.000000	6.98894e-05	11000.000000	4.69926e-05	11000.000000	4.56254e-05	11000.000000	4.6994e-05	11000.000000	6.98888e-05	11000.000000	5.76384e-10	
12000.000000	8.28774e-05	12000.000000	7.35416e-05	12000.000000	4.74574e-05	12000.000000	4.61003e-05	12000.000000	4.74603e-05	12000.000000	7.3541e-05	12000.000000	5.31302e-10	
13000.000000	8.94441e-05	13000.000000	7.71943e-05	13000.000000	4.78927e-05	13000.000000	4.65448e-05	13000.000000	4.78957e-05	13000.000000	7.71938e-05	13000.000000	4.92938e-10	
14000.000000	9.62488e-05	14000.000000	8.08452e-05	14000.000000	4.83023e-05	14000.000000	4.6962e-05	14000.000000	4.83034e-05	14000.000000	8.08448e-05	14000.000000	4.59881e-10	
15000.000000	0.000103289	15000.000000	8.44928e-05	15000.000000	4.8688e-05	15000.000000	4.7355e-05	15000.000000	4.86863e-05	15000.000000	8.44923e-05	15000.000000	4.31094e-10	
16000.000000	0.000110565	16000.000000	8.81359e-05	16000.000000	4.90505e-05	16000.000000	4.77263e-05	16000.000000	4.9047e-05	16000.000000	8.81355e-05	16000.000000	4.05792e-10	
17000.000000	0.000118073	17000.000000	9.17739e-05	17000.000000	4.93915e-05	17000.000000	4.80779e-05	17000.000000	4.93877e-05	17000.000000	9.17735e-05	17000.000000	3.83372e-10	
18000.000000	0.000125816	18000.000000	9.54063e-05	18000.000000	4.97134e-05	18000.000000	4.84118e-05	18000.000000	4.97103e-05	18000.000000	9.5406e-05	18000.000000	3.63366e-10	
19000.000000	0.000133791	19000.000000	9.90329e-05	19000.000000	5.00182e-05	19000.000000	4.87297e-05	19000.000000	5.00161e-05	19000.000000	9.90326e-05	19000.000000	3.45399e-10	
20000.000000	0.000142  	20000.000000	0.000102654	20000.000000	5.03078e-05	20000.000000	4.90329e-05	20000.000000	5.0307e-05	20000.000000	0.000102653	20000.000000	3.29172e-10	
21000.000000	0.000150443	21000.000000	0.000106268	21000.000000	5.05837e-05	21000.000000	4.93228e-05	21000.000000	5.0584e-05	21000.000000	0.000106268	21000.000000	3.14443e-10	
22000.000000	0.00015912	22000.000000	0.000109876	22000.000000	5.08471e-05	22000.000000	4.96003e-05	22000.000000	5.08482e-05	22000.000000	0.000109876	22000.000000	3.0101e-10	
23000.000000	0.000168031	23000.000000	0.000113479	23000.000000	5.10995e-05	23000.000000	4.98665e-05	23000.000000	5.11009e-05	23000.000000	0.000113479	23000.000000	2.88709e-10	
24000.000000	0.000177178	24000.000000	0.000117075	24000.000000	5.13416e-05	24000.000000	5.01223e-05	24000.000000	5.13424e-05	24000.000000	0.000117075	24000.000000	2.77401e-10	
25000.000000	0.000186562	25000.000000	0.000120666	25000.000000	5.15739e-05	25000.000000	5.03684e-05	25000.000000	5.15741e-05	25000.000000	0.000120666	25000.000000	2.66969e-10	
26000.000000	0.000196183	26000.000000	0.00012425	26000.000000	5.17963e-05	26000.000000	5.06055e-05	26000.000000	5.17961e-05	26000.000000	0.00012425	26000.000000	2.57315e-10	
27000.000000	0.000206042	27000.000000	0.000127829	27000.000000	5.20092e-05	27000.000000	5.08343e-05	27000.000000	5.20098e-05	27000.000000	0.000127829	27000.000000	2.48353e-10	
28000.000000	0.00021614	28000.000000	0.000131403	28000.000000	5.2214e-05	28000.000000	5.10553e-05	28000.000000	5.22148e-05	28000.000000	0.000131403	28000.000000	2.40012e-10	
29000.000000	0.000226478	29000.000000	0.000134971	29000.000000	5.24116e-05	29000.000000	5.12689e-05	29000.000000	5.24125e-05	29000.000000	0.00013497	29000.000000	2.32228e-10	
30000.000000	0.000237057	30000.000000	0.000138533	30000.000000	5.26026e-05	30000.000000	5.14758e-05	30000.000000	5.26028e-05	30000.000000	0.000138533	30000.000000	2.24947e-10	
32000.000000	0.000258944	32000.000000	0.000145643	32000.000000	5.29644e-05	32000.000000	5.18706e-05	32000.000000	5.29638e-05	32000.000000	0.000145642	32000.000000	2.11708e-10	
34000.000000	0.000281809	34000.000000	0.000152732	34000.000000	5.33013e-05	34000.000000	5.22427e-05	34000.000000	5.33004e-05	34000.000000	0.000152732	34000.000000	1.9998e-10	
36000.000000	0.000305662	36000.000000	0.000159802	36000.000000	5.36158e-05	36000.000000	5.25945e-05	36000.000000	5.36154e-05	36000.000000	0.000159802	36000.000000	1.89516e-10	
38000.000000	0.000330512	38000.000000	0.000166854	38000.000000	5.39107e-05	38000.000000	5.2928e-05	38000.000000	5.39113e-05	38000.000000	0.000166854	38000.000000	1.8012e-10	
40000.000000	0.000356371	40000.000000	0.000173888	40000.000000	5.41883e-05	40000.000000	5.32452e-05	40000.000000	5.41895e-05	40000.000000	0.000173888	40000.000000	1.71636e-10	
42000.000000	0.000383249	42000.000000	0.000180906	42000.000000	5.44505e-05	42000.000000	5.35474e-05	42000.000000	5.44515e-05	42000.000000	0.000180905	42000.000000	1.63936e-10	
44000.000000	0.000411155	44000.000000	0.000187907	44000.000000	5.46991e-05	44000.000000	5.3836e-05	44000.000000	5.46995e-05	44000.000000	0.000187907	44000.000000	1.56914e-10	
46000.000000	0.0004401 	46000.000000	0.000194893	46000.000000	5.49359e-05	46000.000000	5.41123e-05	46000.000000	5.49335e-05	46000.000000	0.000194893	46000.000000	1.50485e-10	
48000.000000	0.000470097	48000.000000	0.000201865	48000.000000	5.51613e-05	48000.000000	5.43771e-05	48000.000000	5.51558e-05	48000.000000	0.000201864	48000.000000	1.44575e-10	
50000.000000	0.000501155	50000.000000	0.000208822	50000.000000	5.53747e-05	50000.000000	5.46314e-05	50000.000000	5.53663e-05	50000.000000	0.000208821	50000.000000	1.39125e-10	
