! 83Br energy loss (dE/dX) in He
! apply ZOOM for details
Energy (MeV/u)1	0 - [He-base] F.Hubert et al, AD&ND Tables 46(1990)1	Energy (MeV/u)2	1 - [H -base] J.F.Ziegler et al,Pergamon Press,NY(low energy)	Energy (MeV/u)3	2 - ATIMA 1.2 LS-theory (recommended for high energy)	Energy (MeV/u)4	3 - ATIMA 1.2 without LS-correction	Energy (MeV/u)5	4 - ATIMA 1.4 H.Weick, improved mean charge formula for HI	Energy (MeV/u)6	5 - electrical component of [1] - J.F.Ziegler et al	Energy (MeV/u)7	6 - nuclear component of [1] - J.F.Ziegler et al	
0.001000	0.000175565	0.001000	0.000207107	0.001000	0.000180488	0.001000	0.000180488	0.001000	0.000180498	0.001000	5.32422e-05	0.001000	0.000153865	
0.002000	0.000179542	0.002000	0.000207966	0.002000	0.000176568	0.002000	0.000176568	0.002000	0.000176576	0.002000	6.90466e-05	0.002000	0.000138919	
0.005000	0.000180876	0.005000	0.000202102	0.005000	0.000164269	0.005000	0.000164269	0.005000	0.000164274	0.005000	9.73576e-05	0.005000	0.000104744	
0.008000	0.000184267	0.008000	0.000201332	0.008000	0.000160503	0.008000	0.000160503	0.008000	0.000160507	0.008000	0.000116122	0.008000	8.521e-05 	
0.010000	0.000187374	0.010000	0.00020252	0.010000	0.000160442	0.010000	0.000160442	0.010000	0.000160445	0.010000	0.000126257	0.010000	7.62623e-05	
0.015000	0.000196281	0.015000	0.000208158	0.015000	0.000164265	0.015000	0.000164265	0.015000	0.000164268	0.015000	0.000146991	0.015000	6.11674e-05	
0.020000	0.000205568	0.020000	0.000215351	0.020000	0.000170662	0.020000	0.000170662	0.020000	0.000170664	0.020000	0.000163735	0.020000	5.16157e-05	
0.025000	0.000214666	0.025000	0.000222968	0.025000	0.00017804	0.025000	0.00017804	0.025000	0.000178042	0.025000	0.000178026	0.025000	4.49423e-05	
0.030000	0.000223412	0.030000	0.000230599	0.030000	0.000185777	0.030000	0.000185777	0.030000	0.000185779	0.030000	0.000190624	0.030000	3.99758e-05	
0.035000	0.000231772	0.035000	0.000238081	0.035000	0.000193597	0.035000	0.000193597	0.035000	0.000193598	0.035000	0.000201968	0.035000	3.61137e-05	
0.040000	0.000243159	0.040000	0.00024535	0.040000	0.000201368	0.040000	0.000201368	0.040000	0.00020137	0.040000	0.000212338	0.040000	3.30118e-05	
0.045000	0.000253368	0.045000	0.000252385	0.045000	0.000209027	0.045000	0.000209027	0.045000	0.000209028	0.045000	0.000221927	0.045000	3.04577e-05	
0.050000	0.00026151	0.050000	0.000263552	0.050000	0.000220747	0.050000	0.000220747	0.050000	0.000220748	0.050000	0.000235239	0.050000	2.83128e-05	
0.055000	0.00027537	0.055000	0.000281422	0.055000	0.000239698	0.055000	0.000239698	0.055000	0.000239699	0.055000	0.000254939	0.055000	2.64826e-05	
0.060000	0.000287891	0.060000	0.000298474	0.060000	0.000258682	0.060000	0.000258682	0.060000	0.000258683	0.060000	0.000273808	0.060000	2.46668e-05	
0.070000	0.000309867	0.070000	0.000331841	0.070000	0.000297486	0.070000	0.000297486	0.070000	0.000297487	0.070000	0.000309749	0.070000	2.20924e-05	
0.080000	0.000333938	0.080000	0.000363899	0.080000	0.000336141	0.080000	0.000336141	0.080000	0.000336142	0.080000	0.000343849	0.080000	2.00504e-05	
0.090000	0.000355062	0.090000	0.000394706	0.090000	0.000374114	0.090000	0.000374114	0.090000	0.000374115	0.090000	0.000376319	0.090000	1.83868e-05	
0.100000	0.000373838	0.100000	0.000424184	0.100000	0.000411015	0.100000	0.000411015	0.100000	0.000411016	0.100000	0.000407181	0.100000	1.70024e-05	
0.120000	0.000397224	0.120000	0.000478918	0.120000	0.000480563	0.120000	0.000480563	0.120000	0.000480563	0.120000	0.000464094	0.120000	1.48237e-05	
0.140000	0.000424236	0.140000	0.000529514	0.140000	0.00054347	0.140000	0.00054347	0.140000	0.000543471	0.140000	0.000516333	0.140000	1.31807e-05	
0.160000	0.000452188	0.160000	0.000589862	0.160000	0.000599335	0.160000	0.000599335	0.160000	0.000599336	0.160000	0.000577969	0.160000	1.18929e-05	
0.180000	0.000478615	0.180000	0.000643599	0.180000	0.000648318	0.180000	0.000648318	0.180000	0.000648319	0.180000	0.000632745	0.180000	1.08536e-05	
0.200000	0.000504346	0.200000	0.000691382	0.200000	0.000690911	0.200000	0.000690911	0.200000	0.000690912	0.200000	0.000681387	0.200000	9.99533e-06	
0.250000	0.000549551	0.250000	0.000789337	0.250000	0.000773824	0.250000	0.000773824	0.250000	0.000773825	0.250000	0.000780956	0.250000	8.38107e-06	
0.300000	0.00059155	0.300000	0.000863899	0.300000	0.000831484	0.300000	0.000831484	0.300000	0.000831484	0.300000	0.000856653	0.300000	7.24623e-06	
0.350000	0.0006328 	0.350000	0.000928532	0.350000	0.000872491	0.350000	0.000872491	0.350000	0.000872492	0.350000	0.000922131	0.350000	6.40094e-06	
0.400000	0.000669031	0.400000	0.000979817	0.400000	0.00090277	0.400000	0.00090277	0.400000	0.000902771	0.400000	0.000974073	0.400000	5.74474e-06	
0.450000	0.00070067	0.450000	0.00102072	0.450000	0.000926102	0.450000	0.000926102	0.450000	0.000926103	0.450000	0.0010155 	0.450000	5.21927e-06	
0.500000	0.000728203	0.500000	0.00105367	0.500000	0.000947588	0.500000	0.000947588	0.500000	0.000947589	0.500000	0.00104888	0.500000	4.78819e-06	
0.600000	0.000750636	0.600000	0.00110594	0.600000	0.000998615	0.600000	0.000998615	0.600000	0.000998616	0.600000	0.00110182	0.600000	4.12116e-06	
0.700000	0.000764344	0.700000	0.00115254	0.700000	0.00103514	0.700000	0.00103514	0.700000	0.00103515	0.700000	0.00114891	0.700000	3.62737e-06	
0.800000	0.00079638	0.800000	0.00118427	0.800000	0.00106219	0.800000	0.00106219	0.800000	0.00106219	0.800000	0.00118102	0.800000	3.24591e-06	
0.900000	0.000820863	0.900000	0.00120556	0.900000	0.00108247	0.900000	0.00108247	0.900000	0.00108247	0.900000	0.00120262	0.900000	2.94167e-06	
1.000000	0.000839504	1.000000	0.00121932	1.000000	0.00109764	1.000000	0.00109764	1.000000	0.00109764	1.000000	0.00121663	1.000000	2.69293e-06	
1.250000	0.000863531	1.250000	0.00122875	1.250000	0.00111971	1.250000	0.00111971	1.250000	0.00111971	1.250000	0.00122652	1.250000	2.2313e-06	
1.500000	0.000871801	1.500000	0.00122154	1.500000	0.00112672	1.500000	0.00112672	1.500000	0.00112672	1.500000	0.00121962	1.500000	1.91182e-06	
1.750000	0.000870604	1.750000	0.00120588	1.750000	0.00112442	1.750000	0.00112442	1.750000	0.00112442	1.750000	0.00120421	1.750000	1.67668e-06	
2.000000	0.000859852	2.000000	0.00117954	2.000000	0.00111624	2.000000	0.00111624	2.000000	0.00111624	2.000000	0.00117804	2.000000	1.49588e-06	
2.250000	0.000848596	2.250000	0.00115336	2.250000	0.0011043 	2.250000	0.0011043 	2.250000	0.0011043 	2.250000	0.00115201	2.250000	1.35224e-06	
2.500000	0.00111566	2.500000	0.00112772	2.500000	0.00109   	2.500000	0.00109   	2.500000	0.00109   	2.500000	0.00112648	2.500000	1.23518e-06	
3.000000	0.00106605	3.000000	0.0010786 	3.000000	0.00105657	3.000000	0.00105657	3.000000	0.00105657	3.000000	0.00107754	3.000000	1.05552e-06	
3.500000	0.00101704	3.500000	0.00103238	3.500000	0.00101638	3.500000	0.00101638	3.500000	0.00101638	3.500000	0.00103146	3.500000	9.23719e-07	
4.000000	0.000970683	4.000000	0.000990016	4.000000	0.000978968	4.000000	0.000978968	4.000000	0.000978969	4.000000	0.000989193	4.000000	8.22646e-07	
4.500000	0.000927616	4.500000	0.000951072	4.500000	0.000944137	4.500000	0.000944137	4.500000	0.000944138	4.500000	0.000950329	4.500000	7.42525e-07	
5.000000	0.0008879 	5.000000	0.00091517	5.000000	0.000911686	5.000000	0.000911686	5.000000	0.000911686	5.000000	0.000914493	5.000000	6.77357e-07	
5.500000	0.000851364	5.500000	0.000881693	5.500000	0.00088141	5.500000	0.00088141	5.500000	0.000881411	5.500000	0.00088107	5.500000	6.2325e-07	
6.000000	0.000817751	6.000000	0.000850778	6.000000	0.000853117	6.000000	0.000853117	6.000000	0.000853117	6.000000	0.000850201	6.000000	5.77564e-07	
6.500000	0.000786785	6.500000	0.000822109	6.500000	0.000826627	6.500000	0.000826627	6.500000	0.000826628	6.500000	0.000821571	6.500000	5.38445e-07	
7.000000	0.000758202	7.000000	0.000795398	7.000000	0.00080178	7.000000	0.00080178	7.000000	0.000801781	7.000000	0.000794894	7.000000	5.04549e-07	
7.500000	0.000731758	7.500000	0.000770467	7.500000	0.00077843	7.500000	0.00077843	7.500000	0.00077843	7.500000	0.000769992	7.500000	4.74878e-07	
8.000000	0.000707232	8.000000	0.000747139	8.000000	0.000756445	8.000000	0.000756445	8.000000	0.000756446	8.000000	0.00074669	8.000000	4.48677e-07	
8.500000	0.000684432	8.500000	0.000725249	8.500000	0.000735709	8.500000	0.000735709	8.500000	0.00073571	8.500000	0.000724824	8.500000	4.25359e-07	
9.000000	0.000663184	9.000000	0.00070466	9.000000	0.000716118	9.000000	0.000716118	9.000000	0.000716118	9.000000	0.000704255	9.000000	4.04466e-07	
9.500000	0.000643336	9.500000	0.000685236	9.500000	0.000697578	9.500000	0.000697578	9.500000	0.000697578	9.500000	0.00068485	9.500000	3.85632e-07	
10.000000	0.000624756	10.000000	0.000639127	10.000000	0.000680005	10.000000	0.000680005	10.000000	0.000680005	10.000000	0.000638759	10.000000	3.68561e-07	
11.000000	0.00059094	11.000000	0.000614922	11.000000	0.000642996	11.000000	0.000648469	11.000000	0.000651079	11.000000	0.000614583	11.000000	3.38791e-07	
12.000000	0.000560947	12.000000	0.000592239	12.000000	0.000610111	12.000000	0.000620021	12.000000	0.00062435	12.000000	0.000591925	12.000000	3.13685e-07	
13.000000	0.000534155	13.000000	0.000571034	13.000000	0.000580721	13.000000	0.000594245	13.000000	0.000599651	13.000000	0.000570742	13.000000	2.9221e-07	
14.000000	0.00051007	14.000000	0.000551228	14.000000	0.000554316	14.000000	0.000570796	14.000000	0.000576813	14.000000	0.000550955	14.000000	2.7362e-07	
15.000000	0.000488294	15.000000	0.000532724	15.000000	0.000530477	15.000000	0.000549383	15.000000	0.000555671	15.000000	0.000532467	15.000000	2.57361e-07	
16.000000	0.000468504	16.000000	0.000515422	16.000000	0.000508872	16.000000	0.000529763	16.000000	0.000536078	16.000000	0.000515179	16.000000	2.43015e-07	
17.000000	0.000450435	17.000000	0.000499223	17.000000	0.000489216	17.000000	0.000511728	17.000000	0.000517897	17.000000	0.000498993	17.000000	2.30257e-07	
18.000000	0.000433866	18.000000	0.000484037	18.000000	0.000471258	18.000000	0.000495103	18.000000	0.000500978	18.000000	0.000483818	18.000000	2.18834e-07	
19.000000	0.000418614	19.000000	0.00046978	19.000000	0.000454806	19.000000	0.000479738	19.000000	0.000485237	19.000000	0.000469571	19.000000	2.08544e-07	
20.000000	0.000404525	20.000000	0.000456373	20.000000	0.000439705	20.000000	0.000465502	20.000000	0.00047058	20.000000	0.000456173	20.000000	1.99222e-07	
21.000000	0.000391466	21.000000	0.000443746	21.000000	0.000425807	21.000000	0.000452284	21.000000	0.000456869	21.000000	0.000443555	21.000000	1.90737e-07	
22.000000	0.000379327	22.000000	0.000431837	22.000000	0.000412974	22.000000	0.000439985	22.000000	0.000444079	22.000000	0.000431654	22.000000	1.82979e-07	
23.000000	0.000368012	23.000000	0.000420586	23.000000	0.000401102	23.000000	0.000428521	23.000000	0.000432099	23.000000	0.000420411	23.000000	1.75856e-07	
24.000000	0.000357436	24.000000	0.000409944	24.000000	0.000390107	24.000000	0.000417817	24.000000	0.000420884	24.000000	0.000409775	24.000000	1.69294e-07	
25.000000	0.000347529	25.000000	0.000399862	25.000000	0.000379906	25.000000	0.000407806	25.000000	0.000410366	25.000000	0.000399699	25.000000	1.63226e-07	
27.000000	0.000329474	27.000000	0.000381215	27.000000	0.000361561	27.000000	0.000389635	27.000000	0.000391217	27.000000	0.000381062	27.000000	1.52364e-07	
29.000000	0.000313431	29.000000	0.000364351	29.000000	0.000345626	29.000000	0.000373615	29.000000	0.000374286	29.000000	0.000364208	29.000000	1.42918e-07	
31.000000	0.000299074	31.000000	0.000349028	31.000000	0.000331826	31.000000	0.000358206	31.000000	0.000357885	31.000000	0.000348893	31.000000	1.34625e-07	
33.000000	0.000286144	33.000000	0.000335045	33.000000	0.000319369	33.000000	0.00034312	33.000000	0.000341927	33.000000	0.000334918	33.000000	1.27283e-07	
35.000000	0.000274434	35.000000	0.000322235	35.000000	0.000307893	35.000000	0.000329362	35.000000	0.000327558	35.000000	0.000322115	35.000000	1.20734e-07	
38.000000	0.000258796	38.000000	0.000304916	38.000000	0.000292323	38.000000	0.000310853	38.000000	0.00030848	38.000000	0.000304804	38.000000	1.12136e-07	
41.000000	0.00024508	41.000000	0.000289533	41.000000	0.000278408	41.000000	0.000294499	41.000000	0.000291835	41.000000	0.000289428	41.000000	1.0473e-07	
44.000000	0.000232946	44.000000	0.000275778	44.000000	0.000265878	44.000000	0.000279943	44.000000	0.000277158	44.000000	0.00027568	44.000000	9.82809e-08	
47.000000	0.000222129	47.000000	0.000263407	47.000000	0.000254561	47.000000	0.000266904	47.000000	0.00026411	47.000000	0.000263315	47.000000	9.26127e-08	
50.000000	0.000212421	50.000000	0.000252221	50.000000	0.000244295	50.000000	0.000255156	50.000000	0.000252432	50.000000	0.000252133	50.000000	8.75895e-08	
55.000000	0.000198269	55.000000	0.000235781	55.000000	0.000229149	55.000000	0.000237963	55.000000	0.000235438	55.000000	0.000235701	55.000000	8.03739e-08	
60.000000	0.000186164	60.000000	0.000221604	60.000000	0.000215986	60.000000	0.000223205	60.000000	0.000220934	60.000000	0.00022153	60.000000	7.43013e-08	
65.000000	0.000175683	65.000000	0.000209253	65.000000	0.00020447	65.000000	0.0002104 	65.000000	0.000208395	65.000000	0.000209183	65.000000	6.91167e-08	
70.000000	0.000166512	70.000000	0.000198396	70.000000	0.000194306	70.000000	0.000199185	70.000000	0.000197441	70.000000	0.000198331	70.000000	6.46362e-08	
75.000000	0.000158417	75.000000	0.000188778	75.000000	0.000185269	75.000000	0.00018928	75.000000	0.000187847	75.000000	0.000188717	75.000000	6.07237e-08	
80.000000	0.000151213	80.000000	0.000180198	80.000000	0.000177178	80.000000	0.00018047	80.000000	0.000179321	80.000000	0.000180141	80.000000	5.72763e-08	
85.000000	0.000144759	85.000000	0.000172498	85.000000	0.000169914	85.000000	0.000172582	85.000000	0.000171686	85.000000	0.000172444	85.000000	5.42145e-08	
90.000000	0.00013894	90.000000	0.000165548	90.000000	0.000163317	90.000000	0.000165481	90.000000	0.000164809	90.000000	0.000165497	90.000000	5.14764e-08	
95.000000	0.000133665	95.000000	0.000159245	95.000000	0.000157335	95.000000	0.000159053	95.000000	0.000158589	95.000000	0.000159196	95.000000	4.90125e-08	
100.000000	0.00012886	100.000000	0.000153502	100.000000	0.000151868	100.000000	0.000153207	100.000000	0.000152932	100.000000	0.000153455	100.000000	4.6783e-08	
105.000000	0.000124462	105.000000	0.000148247	105.000000	0.000146866	105.000000	0.000147869	105.000000	0.000147759	105.000000	0.000148203	105.000000	4.47556e-08	
110.000000	0.000120422	110.000000	0.000143422	110.000000	0.000142263	110.000000	0.000142974	110.000000	0.000143024	110.000000	0.000143379	110.000000	4.29036e-08	
115.000000	0.000116696	115.000000	0.000138976	115.000000	0.000138006	115.000000	0.000138471	115.000000	0.000138657	115.000000	0.000138935	115.000000	4.12048e-08	
120.000000	0.000113248	120.000000	0.000134866	120.000000	0.000134069	120.000000	0.000134314	120.000000	0.000134632	120.000000	0.000134826	120.000000	3.96409e-08	
125.000000	0.000110047	125.000000	0.000131054	125.000000	0.000130417	125.000000	0.000130465	125.000000	0.000130896	125.000000	0.000131016	125.000000	3.8196e-08	
130.000000	0.000107067	130.000000	0.000127511	130.000000	0.000127011	130.000000	0.00012689	130.000000	0.000127431	130.000000	0.000127474	130.000000	3.6857e-08	
135.000000	0.000104285	135.000000	0.000124209	135.000000	0.00012384	135.000000	0.000123563	135.000000	0.000124197	135.000000	0.000124173	135.000000	3.56125e-08	
140.000000	0.000101682	140.000000	0.000121123	140.000000	0.00012087	140.000000	0.000120457	140.000000	0.000121185	140.000000	0.000121089	140.000000	3.44526e-08	
145.000000	9.92408e-05	145.000000	0.000118235	145.000000	0.000118085	145.000000	0.000117552	145.000000	0.000118356	145.000000	0.000118201	145.000000	3.33689e-08	
150.000000	9.69459e-05	150.000000	0.000115524	150.000000	0.000115474	150.000000	0.00011483	150.000000	0.00011571	150.000000	0.000115492	150.000000	3.2354e-08	
155.000000	9.36778e-05	155.000000	0.000112976	155.000000	0.000113014	155.000000	0.000112272	155.000000	0.000113219	155.000000	0.000112944	155.000000	3.14016e-08	
160.000000	9.17804e-05	160.000000	0.000110576	160.000000	0.000110692	160.000000	0.000109866	160.000000	0.000110875	160.000000	0.000110545	160.000000	3.05058e-08	
165.000000	8.99883e-05	165.000000	0.000108311	165.000000	0.000108504	165.000000	0.000107598	165.000000	0.000108667	165.000000	0.000108282	165.000000	2.96618e-08	
170.000000	8.82929e-05	170.000000	0.000106172	170.000000	0.000106438	170.000000	0.000105456	170.000000	0.000106576	170.000000	0.000106143	170.000000	2.88651e-08	
175.000000	8.66864e-05	175.000000	0.000104147	175.000000	0.000104481	175.000000	0.000103431	175.000000	0.000104601	175.000000	0.000104119	175.000000	2.81118e-08	
180.000000	8.5162e-05	180.000000	0.000102228	180.000000	0.000102621	180.000000	0.000101513	180.000000	0.000102729	180.000000	0.0001022 	180.000000	2.73984e-08	
185.000000	8.37134e-05	185.000000	0.000100406	185.000000	0.000100855	185.000000	9.96941e-05	185.000000	0.000100949	185.000000	0.00010038	185.000000	2.67217e-08	
190.000000	8.2335e-05	190.000000	9.86753e-05	190.000000	9.91785e-05	190.000000	9.79667e-05	190.000000	9.92608e-05	190.000000	9.86492e-05	190.000000	2.6079e-08	
195.000000	8.10219e-05	195.000000	9.70282e-05	195.000000	9.75802e-05	195.000000	9.63243e-05	195.000000	9.76545e-05	195.000000	9.70028e-05	195.000000	2.54678e-08	
200.000000	7.97694e-05	200.000000	9.54593e-05	200.000000	9.60543e-05	200.000000	9.47608e-05	200.000000	9.61215e-05	200.000000	9.54344e-05	200.000000	2.48857e-08	
210.000000	7.74302e-05	210.000000	9.25344e-05	210.000000	9.32132e-05	210.000000	9.18489e-05	210.000000	9.32699e-05	210.000000	9.25106e-05	210.000000	2.38008e-08	
220.000000	7.52884e-05	220.000000	8.98632e-05	220.000000	9.06172e-05	220.000000	8.9193e-05	220.000000	9.06603e-05	220.000000	8.98404e-05	220.000000	2.28101e-08	
230.000000	7.332e-05 	230.000000	8.74143e-05	230.000000	8.82385e-05	230.000000	8.67611e-05	230.000000	8.82717e-05	230.000000	8.73924e-05	230.000000	2.19017e-08	
240.000000	7.15046e-05	240.000000	8.51613e-05	240.000000	8.60531e-05	240.000000	8.45265e-05	240.000000	8.60726e-05	240.000000	8.51402e-05	240.000000	2.10656e-08	
250.000000	6.98249e-05	250.000000	8.30819e-05	250.000000	8.40309e-05	250.000000	8.24664e-05	250.000000	8.40449e-05	250.000000	8.30616e-05	250.000000	2.02933e-08	
260.000000	6.82663e-05	260.000000	8.11571e-05	260.000000	8.21574e-05	260.000000	8.05615e-05	260.000000	8.21664e-05	260.000000	8.11375e-05	260.000000	1.95778e-08	
270.000000	6.68161e-05	270.000000	7.93704e-05	270.000000	8.04177e-05	270.000000	7.87954e-05	270.000000	8.04248e-05	270.000000	7.93515e-05	270.000000	1.8913e-08	
280.000000	6.54635e-05	280.000000	7.77078e-05	280.000000	7.87942e-05	280.000000	7.71536e-05	280.000000	7.8802e-05	280.000000	7.76895e-05	280.000000	1.82935e-08	
290.000000	6.41988e-05	290.000000	7.61569e-05	290.000000	7.72871e-05	290.000000	7.56238e-05	290.000000	7.72918e-05	290.000000	7.61391e-05	290.000000	1.77149e-08	
300.000000	6.30139e-05	300.000000	7.4707e-05	300.000000	7.58766e-05	300.000000	7.41952e-05	300.000000	7.58765e-05	300.000000	7.46898e-05	300.000000	1.71731e-08	
310.000000	6.19015e-05	310.000000	7.33488e-05	310.000000	7.45521e-05	310.000000	7.28583e-05	310.000000	7.45534e-05	310.000000	7.33322e-05	310.000000	1.66647e-08	
320.000000	6.08552e-05	320.000000	7.20741e-05	320.000000	7.33107e-05	320.000000	7.16048e-05	320.000000	7.33111e-05	320.000000	7.20579e-05	320.000000	1.61867e-08	
330.000000	5.98693e-05	330.000000	7.08755e-05	330.000000	7.21441e-05	330.000000	7.04274e-05	330.000000	7.21429e-05	330.000000	7.08598e-05	330.000000	1.57364e-08	
340.000000	5.89389e-05	340.000000	6.97467e-05	340.000000	7.10463e-05	340.000000	6.93195e-05	340.000000	7.10448e-05	340.000000	6.97313e-05	340.000000	1.53115e-08	
350.000000	5.80594e-05	350.000000	6.86817e-05	350.000000	7.00119e-05	350.000000	6.82755e-05	350.000000	7.00066e-05	350.000000	6.86668e-05	350.000000	1.49097e-08	
360.000000	5.72268e-05	360.000000	6.76756e-05	360.000000	6.9032e-05	360.000000	6.72901e-05	360.000000	6.90272e-05	360.000000	6.76611e-05	360.000000	1.45293e-08	
370.000000	5.64376e-05	370.000000	6.67238e-05	370.000000	6.81034e-05	370.000000	6.63587e-05	370.000000	6.81023e-05	370.000000	6.67096e-05	370.000000	1.41685e-08	
380.000000	5.56886e-05	380.000000	6.5822e-05	380.000000	6.72276e-05	380.000000	6.54771e-05	380.000000	6.72238e-05	380.000000	6.58082e-05	380.000000	1.38259e-08	
390.000000	5.49768e-05	390.000000	6.49667e-05	390.000000	6.63987e-05	390.000000	6.46417e-05	390.000000	6.6392e-05	390.000000	6.49532e-05	390.000000	1.35001e-08	
400.000000	5.42996e-05	400.000000	6.41543e-05	400.000000	6.56093e-05	400.000000	6.38491e-05	400.000000	6.56035e-05	400.000000	6.41412e-05	400.000000	1.31899e-08	
410.000000	5.36546e-05	410.000000	6.3382e-05	410.000000	6.48574e-05	410.000000	6.30961e-05	410.000000	6.4852e-05	410.000000	6.33691e-05	410.000000	1.28942e-08	
420.000000	5.30397e-05	420.000000	6.26469e-05	420.000000	6.41428e-05	420.000000	6.23801e-05	420.000000	6.41376e-05	420.000000	6.26343e-05	420.000000	1.26119e-08	
430.000000	5.24528e-05	430.000000	6.19465e-05	430.000000	6.34627e-05	430.000000	6.16986e-05	430.000000	6.34581e-05	430.000000	6.19342e-05	430.000000	1.23422e-08	
440.000000	5.18923e-05	440.000000	6.12786e-05	440.000000	6.28144e-05	440.000000	6.10491e-05	440.000000	6.28097e-05	440.000000	6.12665e-05	440.000000	1.20842e-08	
450.000000	5.13563e-05	450.000000	6.0641e-05	450.000000	6.21959e-05	450.000000	6.04297e-05	450.000000	6.21904e-05	450.000000	6.06292e-05	450.000000	1.18372e-08	
460.000000	5.08434e-05	460.000000	6.00318e-05	460.000000	6.16052e-05	460.000000	5.98384e-05	460.000000	6.15996e-05	460.000000	6.00202e-05	460.000000	1.16005e-08	
470.000000	5.03523e-05	470.000000	5.94494e-05	470.000000	6.10408e-05	470.000000	5.92735e-05	470.000000	6.10357e-05	470.000000	5.9438e-05	470.000000	1.13734e-08	
480.000000	4.98816e-05	480.000000	5.88919e-05	480.000000	6.05013e-05	480.000000	5.87333e-05	480.000000	6.04948e-05	480.000000	5.88808e-05	480.000000	1.11553e-08	
490.000000	4.94301e-05	490.000000	5.83581e-05	490.000000	5.9985e-05	490.000000	5.82163e-05	490.000000	5.99772e-05	490.000000	5.83471e-05	490.000000	1.09458e-08	
500.000000	4.89969e-05	500.000000	5.78464e-05	500.000000	5.94898e-05	500.000000	5.77212e-05	500.000000	5.94818e-05	500.000000	5.78357e-05	500.000000	1.07443e-08	
520.000000	4.81809e-05	520.000000	5.68848e-05	520.000000	5.85566e-05	520.000000	5.67918e-05	520.000000	5.8551e-05	520.000000	5.68744e-05	520.000000	1.03636e-08	
540.000000	4.74264e-05	540.000000	5.59979e-05	540.000000	5.7696e-05	540.000000	5.59358e-05	540.000000	5.76927e-05	540.000000	5.59879e-05	540.000000	1.00099e-08	
560.000000	4.67272e-05	560.000000	5.51781e-05	560.000000	5.69032e-05	560.000000	5.51455e-05	560.000000	5.69005e-05	560.000000	5.51684e-05	560.000000	9.68039e-09	
580.000000	4.60779e-05	580.000000	5.44186e-05	580.000000	5.6171e-05	580.000000	5.44143e-05	580.000000	5.61659e-05	580.000000	5.44092e-05	580.000000	9.37267e-09	
600.000000	4.54738e-05	600.000000	5.37135e-05	600.000000	5.54902e-05	600.000000	5.37362e-05	600.000000	5.54857e-05	600.000000	5.37044e-05	600.000000	9.08461e-09	
620.000000	4.49108e-05	620.000000	5.30577e-05	620.000000	5.48558e-05	620.000000	5.31062e-05	620.000000	5.48517e-05	620.000000	5.30489e-05	620.000000	8.81435e-09	
640.000000	4.43852e-05	640.000000	5.24467e-05	640.000000	5.42654e-05	640.000000	5.25197e-05	640.000000	5.42622e-05	640.000000	5.24382e-05	640.000000	8.56029e-09	
660.000000	4.38938e-05	660.000000	5.18766e-05	660.000000	5.37149e-05	660.000000	5.19729e-05	660.000000	5.37121e-05	660.000000	5.18683e-05	660.000000	8.32099e-09	
680.000000	4.34338e-05	680.000000	5.13438e-05	680.000000	5.32006e-05	680.000000	5.14622e-05	680.000000	5.31976e-05	680.000000	5.13357e-05	680.000000	8.09518e-09	
700.000000	4.30026e-05	700.000000	5.08453e-05	700.000000	5.27194e-05	700.000000	5.09845e-05	700.000000	5.27169e-05	700.000000	5.08374e-05	700.000000	7.88174e-09	
720.000000	4.2598e-05	720.000000	5.03782e-05	720.000000	5.22685e-05	720.000000	5.05371e-05	720.000000	5.22658e-05	720.000000	5.03705e-05	720.000000	7.67967e-09	
740.000000	4.2218e-05	740.000000	4.99401e-05	740.000000	5.18457e-05	740.000000	5.01175e-05	740.000000	5.18425e-05	740.000000	4.99326e-05	740.000000	7.48808e-09	
760.000000	4.18606e-05	760.000000	4.95287e-05	760.000000	5.14488e-05	760.000000	4.97235e-05	760.000000	5.14456e-05	760.000000	4.95214e-05	760.000000	7.30615e-09	
780.000000	4.15244e-05	780.000000	4.9142e-05	780.000000	5.10752e-05	780.000000	4.93531e-05	780.000000	5.10716e-05	780.000000	4.91349e-05	780.000000	7.13317e-09	
800.000000	4.12077e-05	800.000000	4.87783e-05	800.000000	5.07225e-05	800.000000	4.90046e-05	800.000000	5.07194e-05	800.000000	4.87713e-05	800.000000	6.96849e-09	
820.000000	4.09092e-05	820.000000	4.84358e-05	820.000000	5.03896e-05	820.000000	4.86763e-05	820.000000	5.03881e-05	820.000000	4.8429e-05	820.000000	6.8115e-09	
840.000000	4.06278e-05	840.000000	4.81132e-05	840.000000	5.00759e-05	840.000000	4.83667e-05	840.000000	5.00753e-05	840.000000	4.81065e-05	840.000000	6.66169e-09	
860.000000	4.03623e-05	860.000000	4.7809e-05	860.000000	4.97804e-05	860.000000	4.80745e-05	860.000000	4.97796e-05	860.000000	4.78025e-05	860.000000	6.51857e-09	
880.000000	4.01116e-05	880.000000	4.7522e-05	880.000000	4.95016e-05	880.000000	4.77985e-05	880.000000	4.95005e-05	880.000000	4.75156e-05	880.000000	6.38168e-09	
900.000000	3.98749e-05	900.000000	4.72511e-05	900.000000	4.92384e-05	900.000000	4.75376e-05	900.000000	4.92371e-05	900.000000	4.72449e-05	900.000000	6.25063e-09	
920.000000	3.96512e-05	920.000000	4.69954e-05	920.000000	4.89894e-05	920.000000	4.72909e-05	920.000000	4.89869e-05	920.000000	4.69892e-05	920.000000	6.12505e-09	
940.000000	3.94399e-05	940.000000	4.67537e-05	940.000000	4.87535e-05	940.000000	4.70573e-05	940.000000	4.87501e-05	940.000000	4.67477e-05	940.000000	6.00459e-09	
960.000000	3.92401e-05	960.000000	4.65253e-05	960.000000	4.85295e-05	960.000000	4.6836e-05	960.000000	4.85262e-05	960.000000	4.65195e-05	960.000000	5.88895e-09	
980.000000	3.90513e-05	980.000000	4.63094e-05	980.000000	4.83166e-05	980.000000	4.66262e-05	980.000000	4.83139e-05	980.000000	4.63037e-05	980.000000	5.77784e-09	
1000.000000	3.88728e-05	1000.000000	4.61053e-05	1000.000000	4.81143e-05	1000.000000	4.64273e-05	1000.000000	4.81119e-05	1000.000000	4.60996e-05	1000.000000	5.67099e-09	
1020.000000	3.8704e-05	1020.000000	4.59122e-05	1020.000000	4.7922e-05	1020.000000	4.62385e-05	1020.000000	4.79203e-05	1020.000000	4.59067e-05	1020.000000	5.56816e-09	
1040.000000	3.85444e-05	1040.000000	4.57296e-05	1040.000000	4.77394e-05	1040.000000	4.60594e-05	1040.000000	4.77387e-05	1040.000000	4.57241e-05	1040.000000	5.46913e-09	
1060.000000	3.83935e-05	1060.000000	4.55568e-05	1060.000000	4.75659e-05	1060.000000	4.58892e-05	1060.000000	4.75664e-05	1060.000000	4.55515e-05	1060.000000	5.37369e-09	
1080.000000	3.82509e-05	1080.000000	4.53934e-05	1080.000000	4.74011e-05	1080.000000	4.57274e-05	1080.000000	4.74018e-05	1080.000000	4.53881e-05	1080.000000	5.28164e-09	
1100.000000	3.81161e-05	1100.000000	4.52388e-05	1100.000000	4.72448e-05	1100.000000	4.55737e-05	1100.000000	4.72455e-05	1100.000000	4.52336e-05	1100.000000	5.1928e-09	
1120.000000	3.79888e-05	1120.000000	4.50926e-05	1120.000000	4.70965e-05	1120.000000	4.54275e-05	1120.000000	4.7097e-05	1120.000000	4.50874e-05	1120.000000	5.10701e-09	
1140.000000	3.78686e-05	1140.000000	4.49543e-05	1140.000000	4.69558e-05	1140.000000	4.52885e-05	1140.000000	4.69559e-05	1140.000000	4.49492e-05	1140.000000	5.0241e-09	
1160.000000	3.77551e-05	1160.000000	4.48235e-05	1160.000000	4.6822e-05	1160.000000	4.51562e-05	1160.000000	4.68213e-05	1160.000000	4.48185e-05	1160.000000	4.94395e-09	
1180.000000	3.7648e-05	1180.000000	4.46999e-05	1180.000000	4.66945e-05	1180.000000	4.50302e-05	1180.000000	4.6693e-05	1180.000000	4.4695e-05	1180.000000	4.8664e-09	
1200.000000	3.75471e-05	1200.000000	4.45831e-05	1200.000000	4.6573e-05	1200.000000	4.49103e-05	1200.000000	4.65709e-05	1200.000000	4.45783e-05	1200.000000	4.79133e-09	
1220.000000	3.7452e-05	1220.000000	4.44727e-05	1220.000000	4.64569e-05	1220.000000	4.47961e-05	1220.000000	4.64547e-05	1220.000000	4.4468e-05	1220.000000	4.71862e-09	
1240.000000	3.73625e-05	1240.000000	4.43686e-05	1240.000000	4.6346e-05	1240.000000	4.46873e-05	1240.000000	4.63442e-05	1240.000000	4.43639e-05	1240.000000	4.64817e-09	
1260.000000	3.72783e-05	1260.000000	4.42703e-05	1260.000000	4.62402e-05	1260.000000	4.45837e-05	1260.000000	4.62385e-05	1260.000000	4.42657e-05	1260.000000	4.57986e-09	
1280.000000	3.71992e-05	1280.000000	4.41777e-05	1280.000000	4.61392e-05	1280.000000	4.4485e-05	1280.000000	4.61376e-05	1280.000000	4.41731e-05	1280.000000	4.51361e-09	
1300.000000	3.7125e-05	1300.000000	4.40903e-05	1300.000000	4.60429e-05	1300.000000	4.43909e-05	1300.000000	4.60416e-05	1300.000000	4.40859e-05	1300.000000	4.44931e-09	
1320.000000	3.70554e-05	1320.000000	4.40082e-05	1320.000000	4.59512e-05	1320.000000	4.43013e-05	1320.000000	4.59502e-05	1320.000000	4.40038e-05	1320.000000	4.38688e-09	
1340.000000	3.69904e-05	1340.000000	4.39309e-05	1340.000000	4.58637e-05	1340.000000	4.42159e-05	1340.000000	4.58632e-05	1340.000000	4.39265e-05	1340.000000	4.32624e-09	
1360.000000	3.69296e-05	1360.000000	4.38582e-05	1360.000000	4.57804e-05	1360.000000	4.41344e-05	1360.000000	4.57801e-05	1360.000000	4.3854e-05	1360.000000	4.26732e-09	
1380.000000	3.6873e-05	1380.000000	4.37901e-05	1380.000000	4.5701e-05	1380.000000	4.40568e-05	1380.000000	4.57005e-05	1380.000000	4.37859e-05	1380.000000	4.21003e-09	
1400.000000	3.68203e-05	1400.000000	4.37262e-05	1400.000000	4.56253e-05	1400.000000	4.39828e-05	1400.000000	4.56248e-05	1400.000000	4.37221e-05	1400.000000	4.15432e-09	
1420.000000	3.67714e-05	1420.000000	4.36665e-05	1420.000000	4.55531e-05	1420.000000	4.39123e-05	1420.000000	4.55527e-05	1420.000000	4.36624e-05	1420.000000	4.10012e-09	
1440.000000	3.67262e-05	1440.000000	4.36107e-05	1440.000000	4.54842e-05	1440.000000	4.38451e-05	1440.000000	4.5484e-05	1440.000000	4.36067e-05	1440.000000	4.04736e-09	
1460.000000	3.66845e-05	1460.000000	4.35587e-05	1460.000000	4.54186e-05	1460.000000	4.37811e-05	1460.000000	4.54187e-05	1460.000000	4.35547e-05	1460.000000	3.99599e-09	
1480.000000	3.66462e-05	1480.000000	4.35103e-05	1480.000000	4.53561e-05	1480.000000	4.37201e-05	1480.000000	4.53561e-05	1480.000000	4.35064e-05	1480.000000	3.94595e-09	
1500.000000	3.66112e-05	1500.000000	4.34654e-05	1500.000000	4.52964e-05	1500.000000	4.3662e-05	1500.000000	4.52963e-05	1500.000000	4.34615e-05	1500.000000	3.8972e-09	
1520.000000	3.65793e-05	1520.000000	4.34239e-05	1520.000000	4.52396e-05	1520.000000	4.36066e-05	1520.000000	4.52394e-05	1520.000000	4.342e-05 	1520.000000	3.84967e-09	
1540.000000	3.65504e-05	1540.000000	4.33855e-05	1540.000000	4.51854e-05	1540.000000	4.35539e-05	1540.000000	4.51853e-05	1540.000000	4.33817e-05	1540.000000	3.80334e-09	
1560.000000	3.65245e-05	1560.000000	4.33503e-05	1560.000000	4.51338e-05	1560.000000	4.35037e-05	1560.000000	4.51338e-05	1560.000000	4.33466e-05	1560.000000	3.75814e-09	
1580.000000	3.65013e-05	1580.000000	4.33181e-05	1580.000000	4.50846e-05	1580.000000	4.3456e-05	1580.000000	4.50848e-05	1580.000000	4.33144e-05	1580.000000	3.71405e-09	
1600.000000	3.6481e-05	1600.000000	4.32887e-05	1600.000000	4.50378e-05	1600.000000	4.34105e-05	1600.000000	4.5038e-05	1600.000000	4.32851e-05	1600.000000	3.67101e-09	
1620.000000	3.64632e-05	1620.000000	4.32621e-05	1620.000000	4.49933e-05	1620.000000	4.33673e-05	1620.000000	4.49934e-05	1620.000000	4.32585e-05	1620.000000	3.629e-09 	
1640.000000	3.6448e-05	1640.000000	4.32382e-05	1640.000000	4.49509e-05	1640.000000	4.33262e-05	1640.000000	4.49509e-05	1640.000000	4.32346e-05	1640.000000	3.58797e-09	
1660.000000	3.64352e-05	1660.000000	4.32169e-05	1660.000000	4.49106e-05	1660.000000	4.32872e-05	1660.000000	4.49106e-05	1660.000000	4.32133e-05	1660.000000	3.54788e-09	
1680.000000	3.64249e-05	1680.000000	4.3198e-05	1680.000000	4.48723e-05	1680.000000	4.32501e-05	1680.000000	4.48723e-05	1680.000000	4.31945e-05	1680.000000	3.50872e-09	
1700.000000	3.64168e-05	1700.000000	4.31815e-05	1700.000000	4.48359e-05	1700.000000	4.32149e-05	1700.000000	4.4836e-05	1700.000000	4.31781e-05	1700.000000	3.47044e-09	
1750.000000	3.64062e-05	1750.000000	4.31503e-05	1750.000000	4.47528e-05	1750.000000	4.31346e-05	1750.000000	4.47529e-05	1750.000000	4.31469e-05	1750.000000	3.37843e-09	
1800.000000	3.64086e-05	1800.000000	4.31323e-05	1800.000000	4.46802e-05	1800.000000	4.30646e-05	1800.000000	4.468e-05 	1800.000000	4.3129e-05	1800.000000	3.29133e-09	
1850.000000	3.64229e-05	1850.000000	4.31266e-05	1850.000000	4.4617e-05	1850.000000	4.30038e-05	1850.000000	4.46168e-05	1850.000000	4.31234e-05	1850.000000	3.20876e-09	
1900.000000	3.64483e-05	1900.000000	4.3132e-05	1900.000000	4.45624e-05	1900.000000	4.29514e-05	1900.000000	4.45618e-05	1900.000000	4.31289e-05	1900.000000	3.13037e-09	
1950.000000	3.6484e-05	1950.000000	4.31479e-05	1950.000000	4.45155e-05	1950.000000	4.29067e-05	1950.000000	4.45147e-05	1950.000000	4.31449e-05	1950.000000	3.05585e-09	
2000.000000	3.65294e-05	2000.000000	4.31734e-05	2000.000000	4.44756e-05	2000.000000	4.2869e-05	2000.000000	4.44748e-05	2000.000000	4.31704e-05	2000.000000	2.98491e-09	
2100.000000	3.66465e-05	2100.000000	4.32504e-05	2100.000000	4.44141e-05	2100.000000	4.2812e-05	2100.000000	4.44135e-05	2100.000000	4.32476e-05	2100.000000	2.85279e-09	
2200.000000	3.67954e-05	2200.000000	4.33583e-05	2200.000000	4.43738e-05	2200.000000	4.27763e-05	2200.000000	4.43742e-05	2200.000000	4.33555e-05	2200.000000	2.73223e-09	
2300.000000	3.69723e-05	2300.000000	4.3493e-05	2300.000000	4.43519e-05	2300.000000	4.27585e-05	2300.000000	4.43527e-05	2300.000000	4.34903e-05	2300.000000	2.62177e-09	
2400.000000	3.71742e-05	2400.000000	4.36511e-05	2400.000000	4.43457e-05	2400.000000	4.27557e-05	2400.000000	4.43469e-05	2400.000000	4.36486e-05	2400.000000	2.52018e-09	
2500.000000	3.73984e-05	2500.000000	4.38298e-05	2500.000000	4.43529e-05	2500.000000	4.27658e-05	2500.000000	4.43538e-05	2500.000000	4.38274e-05	2500.000000	2.42641e-09	
2600.000000	3.76429e-05	2600.000000	4.40268e-05	2600.000000	4.43713e-05	2600.000000	4.27866e-05	2600.000000	4.43721e-05	2600.000000	4.40244e-05	2600.000000	2.33959e-09	
2700.000000	3.79057e-05	2700.000000	4.42399e-05	2700.000000	4.43992e-05	2700.000000	4.28167e-05	2700.000000	4.43995e-05	2700.000000	4.42376e-05	2700.000000	2.25896e-09	
2800.000000	3.81851e-05	2800.000000	4.44674e-05	2800.000000	4.4435e-05	2800.000000	4.28546e-05	2800.000000	4.44352e-05	2800.000000	4.44653e-05	2800.000000	2.18389e-09	
2900.000000	3.84797e-05	2900.000000	4.47079e-05	2900.000000	4.44776e-05	2900.000000	4.28993e-05	2900.000000	4.44774e-05	2900.000000	4.47058e-05	2900.000000	2.1138e-09	
3000.000000	3.87884e-05	3000.000000	4.49599e-05	3000.000000	4.4526e-05	3000.000000	4.29496e-05	3000.000000	4.45258e-05	3000.000000	4.49578e-05	3000.000000	2.04821e-09	
3200.000000	3.94437e-05	3200.000000	4.54942e-05	3200.000000	4.46368e-05	3200.000000	4.30643e-05	3200.000000	4.46365e-05	3200.000000	4.54923e-05	3200.000000	1.92889e-09	
3400.000000	4.01436e-05	3400.000000	4.60629e-05	3400.000000	4.47623e-05	3400.000000	4.31933e-05	3400.000000	4.47621e-05	3400.000000	4.6061e-05	3400.000000	1.82311e-09	
3600.000000	4.08825e-05	3600.000000	4.66599e-05	3600.000000	4.48987e-05	3600.000000	4.33327e-05	3600.000000	4.48985e-05	3600.000000	4.66581e-05	3600.000000	1.72867e-09	
3800.000000	4.16561e-05	3800.000000	4.72806e-05	3800.000000	4.50428e-05	3800.000000	4.34795e-05	3800.000000	4.50425e-05	3800.000000	4.7279e-05	3800.000000	1.64382e-09	
4000.000000	4.24605e-05	4000.000000	4.79213e-05	4000.000000	4.51925e-05	4000.000000	4.36315e-05	4000.000000	4.51918e-05	4000.000000	4.79197e-05	4000.000000	1.56716e-09	
4200.000000	4.32929e-05	4200.000000	4.8579e-05	4200.000000	4.53457e-05	4200.000000	4.37868e-05	4200.000000	4.53449e-05	4200.000000	4.85775e-05	4200.000000	1.49754e-09	
4400.000000	4.41508e-05	4400.000000	4.92512e-05	4400.000000	4.55011e-05	4400.000000	4.39443e-05	4400.000000	4.54999e-05	4400.000000	4.92497e-05	4400.000000	1.43403e-09	
4600.000000	4.50323e-05	4600.000000	4.99358e-05	4600.000000	4.56576e-05	4600.000000	4.41029e-05	4600.000000	4.56564e-05	4600.000000	4.99344e-05	4600.000000	1.37585e-09	
4800.000000	4.59355e-05	4800.000000	5.06312e-05	4800.000000	4.58144e-05	4800.000000	4.42618e-05	4800.000000	4.58132e-05	4800.000000	5.06299e-05	4800.000000	1.32234e-09	
5000.000000	4.68591e-05	5000.000000	5.13359e-05	5000.000000	4.59709e-05	5000.000000	4.44204e-05	5000.000000	4.59699e-05	5000.000000	5.13347e-05	5000.000000	1.27297e-09	
5250.000000	4.80404e-05	5250.000000	5.22282e-05	5250.000000	4.61653e-05	5250.000000	4.46174e-05	5250.000000	4.61646e-05	5250.000000	5.2227e-05	5250.000000	1.21636e-09	
5500.000000	4.92496e-05	5500.000000	5.31313e-05	5500.000000	4.63579e-05	5500.000000	4.48126e-05	5500.000000	4.63575e-05	5500.000000	5.31301e-05	5500.000000	1.16472e-09	
6000.000000	5.17453e-05	6000.000000	5.49636e-05	6000.000000	4.67361e-05	6000.000000	4.51955e-05	6000.000000	4.6736e-05	6000.000000	5.49625e-05	6000.000000	1.07391e-09	
6500.000000	5.43358e-05	6500.000000	5.68231e-05	6500.000000	4.71032e-05	6500.000000	4.55665e-05	6500.000000	4.71028e-05	6500.000000	5.68221e-05	6500.000000	9.96609e-10	
7000.000000	5.70136e-05	7000.000000	5.87027e-05	7000.000000	4.7455e-05	7000.000000	4.59246e-05	7000.000000	4.74569e-05	7000.000000	5.87018e-05	7000.000000	9.29987e-10	
7500.000000	5.97731e-05	7500.000000	6.05975e-05	7500.000000	4.77977e-05	7500.000000	4.62695e-05	7500.000000	4.77978e-05	7500.000000	6.05966e-05	7500.000000	8.71954e-10	
8000.000000	6.26102e-05	8000.000000	6.25036e-05	8000.000000	4.81262e-05	8000.000000	4.66015e-05	8000.000000	4.81256e-05	8000.000000	6.25028e-05	8000.000000	8.20935e-10	
8500.000000	6.55215e-05	8500.000000	6.44184e-05	8500.000000	4.84411e-05	8500.000000	4.69208e-05	8500.000000	4.84408e-05	8500.000000	6.44176e-05	8500.000000	7.75719e-10	
9000.000000	6.85047e-05	9000.000000	6.63396e-05	9000.000000	4.87441e-05	9000.000000	4.72281e-05	9000.000000	4.87439e-05	9000.000000	6.63388e-05	9000.000000	7.35362e-10	
9500.000000	7.15577e-05	9500.000000	6.82656e-05	9500.000000	4.90352e-05	9500.000000	4.75239e-05	9500.000000	4.90354e-05	9500.000000	6.82649e-05	9500.000000	6.99112e-10	
10000.000000	7.46789e-05	10000.000000	7.01951e-05	10000.000000	4.9315e-05	10000.000000	4.78088e-05	10000.000000	4.9316e-05	10000.000000	7.01945e-05	10000.000000	6.66368e-10	
11000.000000	8.11213e-05	11000.000000	7.4061e-05	11000.000000	4.98449e-05	11000.000000	4.83486e-05	11000.000000	4.98467e-05	11000.000000	7.40604e-05	11000.000000	6.09524e-10	
12000.000000	8.78243e-05	12000.000000	7.79312e-05	12000.000000	5.03394e-05	12000.000000	4.88519e-05	12000.000000	5.03404e-05	12000.000000	7.79306e-05	12000.000000	5.61857e-10	
13000.000000	9.47829e-05	13000.000000	8.18019e-05	13000.000000	5.08007e-05	13000.000000	4.93229e-05	13000.000000	5.08013e-05	13000.000000	8.18014e-05	13000.000000	5.21291e-10	
14000.000000	0.000101994	14000.000000	8.56708e-05	14000.000000	5.12321e-05	14000.000000	4.9765e-05	14000.000000	5.12329e-05	14000.000000	8.56703e-05	14000.000000	4.86338e-10	
15000.000000	0.000109455	15000.000000	8.9536e-05	15000.000000	5.16368e-05	15000.000000	5.01815e-05	15000.000000	5.16382e-05	15000.000000	8.95356e-05	15000.000000	4.55899e-10	
16000.000000	0.000117164	16000.000000	9.33966e-05	16000.000000	5.20176e-05	16000.000000	5.05749e-05	16000.000000	5.202e-05 	16000.000000	9.33962e-05	16000.000000	4.29144e-10	
17000.000000	0.000125121	17000.000000	9.72517e-05	17000.000000	5.23774e-05	17000.000000	5.09475e-05	17000.000000	5.23805e-05	17000.000000	9.72513e-05	17000.000000	4.05438e-10	
18000.000000	0.000133325	18000.000000	0.000101101	18000.000000	5.27185e-05	18000.000000	5.13014e-05	18000.000000	5.27218e-05	18000.000000	0.000101101	18000.000000	3.84282e-10	
19000.000000	0.000141777	19000.000000	0.000104944	19000.000000	5.30428e-05	19000.000000	5.16382e-05	19000.000000	5.30454e-05	19000.000000	0.000104944	19000.000000	3.65284e-10	
20000.000000	0.000150476	20000.000000	0.000108781	20000.000000	5.33521e-05	20000.000000	5.19595e-05	20000.000000	5.3353e-05	20000.000000	0.00010878	20000.000000	3.48125e-10	
21000.000000	0.000159422	21000.000000	0.000112611	21000.000000	5.36469e-05	21000.000000	5.22666e-05	21000.000000	5.36461e-05	21000.000000	0.000112611	21000.000000	3.3255e-10	
22000.000000	0.000168617	22000.000000	0.000116435	22000.000000	5.39265e-05	22000.000000	5.25607e-05	22000.000000	5.39255e-05	22000.000000	0.000116435	22000.000000	3.18345e-10	
23000.000000	0.000178061	23000.000000	0.000120252	23000.000000	5.41921e-05	23000.000000	5.28429e-05	23000.000000	5.41927e-05	23000.000000	0.000120252	23000.000000	3.05337e-10	
24000.000000	0.000187754	24000.000000	0.000124063	24000.000000	5.44466e-05	24000.000000	5.31139e-05	24000.000000	5.44479e-05	24000.000000	0.000124063	24000.000000	2.9338e-10	
25000.000000	0.000197698	25000.000000	0.000127868	25000.000000	5.46919e-05	25000.000000	5.33747e-05	25000.000000	5.46929e-05	25000.000000	0.000127868	25000.000000	2.82348e-10	
26000.000000	0.000207893	26000.000000	0.000131667	26000.000000	5.49279e-05	26000.000000	5.3626e-05	26000.000000	5.49275e-05	26000.000000	0.000131666	26000.000000	2.72139e-10	
27000.000000	0.00021834	27000.000000	0.000135459	27000.000000	5.51543e-05	27000.000000	5.38684e-05	27000.000000	5.51533e-05	27000.000000	0.000135459	27000.000000	2.62662e-10	
28000.000000	0.000229041	28000.000000	0.000139246	28000.000000	5.53715e-05	28000.000000	5.41026e-05	28000.000000	5.53699e-05	28000.000000	0.000139246	28000.000000	2.53842e-10	
29000.000000	0.000239996	29000.000000	0.000143027	29000.000000	5.55798e-05	29000.000000	5.4329e-05	29000.000000	5.55788e-05	29000.000000	0.000143027	29000.000000	2.4561e-10	
30000.000000	0.000251206	30000.000000	0.000146802	30000.000000	5.57801e-05	30000.000000	5.45482e-05	30000.000000	5.57798e-05	30000.000000	0.000146802	30000.000000	2.3791e-10	
32000.000000	0.0002744 	32000.000000	0.000154336	32000.000000	5.61602e-05	32000.000000	5.49666e-05	32000.000000	5.6161e-05	32000.000000	0.000154335	32000.000000	2.2391e-10	
34000.000000	0.000298629	34000.000000	0.000161848	34000.000000	5.65165e-05	34000.000000	5.53609e-05	34000.000000	5.65164e-05	34000.000000	0.000161848	34000.000000	2.11508e-10	
36000.000000	0.000323906	36000.000000	0.00016934	36000.000000	5.68495e-05	36000.000000	5.57336e-05	36000.000000	5.68488e-05	36000.000000	0.00016934	36000.000000	2.00442e-10	
38000.000000	0.00035024	38000.000000	0.000176813	38000.000000	5.7161e-05	38000.000000	5.60871e-05	38000.000000	5.7161e-05	38000.000000	0.000176813	38000.000000	1.90506e-10	
40000.000000	0.000377643	40000.000000	0.000184267	40000.000000	5.74534e-05	40000.000000	5.64232e-05	40000.000000	5.74544e-05	40000.000000	0.000184267	40000.000000	1.81533e-10	
42000.000000	0.000406124	42000.000000	0.000191704	42000.000000	5.7729e-05	42000.000000	5.67434e-05	42000.000000	5.77307e-05	42000.000000	0.000191703	42000.000000	1.7339e-10	
44000.000000	0.000435696	44000.000000	0.000199123	44000.000000	5.79902e-05	44000.000000	5.70493e-05	44000.000000	5.79921e-05	44000.000000	0.000199123	44000.000000	1.65964e-10	
46000.000000	0.000466369	46000.000000	0.000206526	46000.000000	5.82388e-05	46000.000000	5.7342e-05	46000.000000	5.82386e-05	46000.000000	0.000206526	46000.000000	1.59165e-10	
48000.000000	0.000498156	48000.000000	0.000213914	48000.000000	5.84755e-05	48000.000000	5.76226e-05	48000.000000	5.84728e-05	48000.000000	0.000213913	48000.000000	1.52915e-10	
50000.000000	0.000531068	50000.000000	0.000221286	50000.000000	5.86996e-05	50000.000000	5.78922e-05	50000.000000	5.86946e-05	50000.000000	0.000221286	50000.000000	1.47151e-10	
