! 90Sr energy loss (dE/dX) in He
! apply ZOOM for details
Energy (MeV/u)1	0 - [He-base] F.Hubert et al, AD&ND Tables 46(1990)1	Energy (MeV/u)2	1 - [H -base] J.F.Ziegler et al,Pergamon Press,NY(low energy)	Energy (MeV/u)3	2 - ATIMA 1.2 LS-theory (recommended for high energy)	Energy (MeV/u)4	3 - ATIMA 1.2 without LS-correction	Energy (MeV/u)5	4 - ATIMA 1.4 H.Weick, improved mean charge formula for HI	Energy (MeV/u)6	5 - electrical component of [1] - J.F.Ziegler et al	Energy (MeV/u)7	6 - nuclear component of [1] - J.F.Ziegler et al	
0.001000	0.000187664	0.001000	0.000223856	0.001000	0.00019297	0.001000	0.00019297	0.001000	0.00019298	0.001000	5.71953e-05	0.001000	0.000166661	
0.002000	0.0001924 	0.002000	0.000226511	0.002000	0.000189542	0.002000	0.000189542	0.002000	0.00018955	0.002000	7.41731e-05	0.002000	0.000152337	
0.005000	0.000193157	0.005000	0.000221365	0.005000	0.000175601	0.005000	0.000175601	0.005000	0.000175607	0.005000	0.000104586	0.005000	0.000116779	
0.008000	0.000195734	0.008000	0.000220466	0.008000	0.000170126	0.008000	0.000170126	0.008000	0.00017013	0.008000	0.000124744	0.008000	9.57224e-05	
0.010000	0.000198413	0.010000	0.000221582	0.010000	0.000169136	0.010000	0.000169136	0.010000	0.000169139	0.010000	0.000135631	0.010000	8.59502e-05	
0.015000	0.000206571	0.015000	0.00022721	0.015000	0.000171186	0.015000	0.000171186	0.015000	0.000171188	0.015000	0.000157905	0.015000	6.93056e-05	
0.020000	0.000215404	0.020000	0.00023457	0.020000	0.000176318	0.020000	0.000176318	0.020000	0.00017632	0.020000	0.000175892	0.020000	5.86773e-05	
0.025000	0.000224221	0.025000	0.000242454	0.025000	0.000182736	0.025000	0.000182736	0.025000	0.000182737	0.025000	0.000191244	0.025000	5.12098e-05	
0.030000	0.00023279	0.030000	0.000250407	0.030000	0.00018971	0.030000	0.00018971	0.030000	0.000189711	0.030000	0.000204777	0.030000	4.56304e-05	
0.035000	0.000241042	0.035000	0.000258242	0.035000	0.000196902	0.035000	0.000196902	0.035000	0.000196903	0.035000	0.000216963	0.035000	4.1279e-05	
0.040000	0.000248963	0.040000	0.00026588	0.040000	0.000204144	0.040000	0.000204144	0.040000	0.000204145	0.040000	0.000228104	0.040000	3.77759e-05	
0.045000	0.000258552	0.045000	0.000273291	0.045000	0.000211346	0.045000	0.000211346	0.045000	0.000211347	0.045000	0.000238405	0.045000	3.4886e-05	
0.050000	0.000267252	0.050000	0.000280468	0.050000	0.00021846	0.050000	0.00021846	0.050000	0.000218461	0.050000	0.000248013	0.050000	3.24554e-05	
0.055000	0.000281761	0.055000	0.000290359	0.055000	0.000228527	0.055000	0.000228527	0.055000	0.000228528	0.055000	0.000259981	0.055000	3.03786e-05	
0.060000	0.000295137	0.060000	0.000308526	0.060000	0.000247828	0.060000	0.000247828	0.060000	0.000247829	0.060000	0.000279945	0.060000	2.85806e-05	
0.070000	0.00031825	0.070000	0.000343457	0.070000	0.000286936	0.070000	0.000286936	0.070000	0.000286937	0.070000	0.000318077	0.070000	2.53802e-05	
0.080000	0.000343766	0.080000	0.000377397	0.080000	0.0003266 	0.080000	0.0003266 	0.080000	0.000326601	0.080000	0.000354341	0.080000	2.30559e-05	
0.090000	0.000366296	0.090000	0.000410086	0.090000	0.000365914	0.090000	0.000365914	0.090000	0.000365914	0.090000	0.000388927	0.090000	2.11592e-05	
0.100000	0.00038642	0.100000	0.000441417	0.100000	0.000404409	0.100000	0.000404409	0.100000	0.000404409	0.100000	0.000421838	0.100000	1.95788e-05	
0.120000	0.000412009	0.120000	0.000499699	0.120000	0.000477664	0.120000	0.000477664	0.120000	0.000477665	0.120000	0.000482611	0.120000	1.70878e-05	
0.140000	0.000433507	0.140000	0.000552111	0.140000	0.00054467	0.140000	0.00054467	0.140000	0.000544671	0.140000	0.000536905	0.140000	1.52062e-05	
0.160000	0.000463719	0.160000	0.00060437	0.160000	0.000604765	0.160000	0.000604765	0.160000	0.000604766	0.160000	0.00059064	0.160000	1.37295e-05	
0.180000	0.000493903	0.180000	0.000664056	0.180000	0.000657943	0.180000	0.000657943	0.180000	0.000657943	0.180000	0.000651519	0.180000	1.25366e-05	
0.200000	0.000523171	0.200000	0.000717462	0.200000	0.000704588	0.200000	0.000704588	0.200000	0.000704589	0.200000	0.000705912	0.200000	1.15506e-05	
0.250000	0.000575719	0.250000	0.000827843	0.250000	0.000796701	0.250000	0.000796701	0.250000	0.000796701	0.250000	0.000818149	0.250000	9.69411e-06	
0.300000	0.000623164	0.300000	0.000912616	0.300000	0.000862103	0.300000	0.000862103	0.300000	0.000862104	0.300000	0.000904228	0.300000	8.38727e-06	
0.350000	0.000667803	0.350000	0.000980707	0.350000	0.000909565	0.350000	0.000909565	0.350000	0.000909566	0.350000	0.000973294	0.350000	7.41292e-06	
0.400000	0.000709414	0.400000	0.00103998	0.400000	0.000945271	0.400000	0.000945271	0.400000	0.000945271	0.400000	0.00103333	0.400000	6.65595e-06	
0.450000	0.000745827	0.450000	0.00108765	0.450000	0.000973239	0.450000	0.000973239	0.450000	0.000973239	0.450000	0.0010816 	0.450000	6.04941e-06	
0.500000	0.000777606	0.500000	0.00112636	0.500000	0.000995991	0.500000	0.000995991	0.500000	0.000995992	0.500000	0.00112081	0.500000	5.55156e-06	
0.600000	0.000801816	0.600000	0.00118412	0.600000	0.00104746	0.600000	0.00104746	0.600000	0.00104746	0.600000	0.00117934	0.600000	4.78072e-06	
0.700000	0.000816261	0.700000	0.0012312 	0.700000	0.00109185	0.700000	0.00109185	0.700000	0.00109185	0.700000	0.00122699	0.700000	4.20967e-06	
0.800000	0.000853363	0.800000	0.00126941	0.800000	0.00112549	0.800000	0.00112549	0.800000	0.00112549	0.800000	0.00126564	0.800000	3.76829e-06	
0.900000	0.00088216	0.900000	0.00129599	0.900000	0.00115139	0.900000	0.00115139	0.900000	0.00115139	0.900000	0.00129257	0.900000	3.4161e-06	
1.000000	0.000904491	1.000000	0.00131412	1.000000	0.00117139	1.000000	0.00117139	1.000000	0.00117139	1.000000	0.00131099	1.000000	3.12803e-06	
1.250000	0.000933257	1.250000	0.00132859	1.250000	0.00120296	1.250000	0.00120296	1.250000	0.00120296	1.250000	0.001326  	1.250000	2.59315e-06	
1.500000	0.000940905	1.500000	0.00131827	1.500000	0.00121678	1.500000	0.00121678	1.500000	0.00121678	1.500000	0.00131605	1.500000	2.22272e-06	
1.750000	0.000940028	1.750000	0.00130121	1.750000	0.00121944	1.750000	0.00121944	1.750000	0.00121945	1.750000	0.00129926	1.750000	1.94996e-06	
2.000000	0.000933464	2.000000	0.0012801 	2.000000	0.0012149 	2.000000	0.0012149 	2.000000	0.0012149 	2.000000	0.00127836	2.000000	1.74014e-06	
2.250000	0.000924236	2.250000	0.00125584	2.250000	0.00120562	2.250000	0.00120562	2.250000	0.00120562	2.250000	0.00125426	2.250000	1.5734e-06	
2.500000	0.00125483	2.500000	0.00123147	2.500000	0.00119324	2.500000	0.00119324	2.500000	0.00119324	2.500000	0.00123003	2.500000	1.43747e-06	
3.000000	0.00120307	3.000000	0.00118374	3.000000	0.00116314	3.000000	0.00116314	3.000000	0.00116314	3.000000	0.00118251	3.000000	1.22878e-06	
3.500000	0.00115089	3.500000	0.00113801	3.500000	0.00112669	3.500000	0.00112669	3.500000	0.0011267 	3.500000	0.00113693	3.500000	1.07562e-06	
4.000000	0.00110093	4.000000	0.00109493	4.000000	0.00108783	4.000000	0.00108783	4.000000	0.00108783	4.000000	0.00109397	4.000000	9.58134e-07	
4.500000	0.00105413	4.500000	0.00105508	4.500000	0.00105143	4.500000	0.00105143	4.500000	0.00105143	4.500000	0.00105421	4.500000	8.64976e-07	
5.000000	0.00101071	5.000000	0.00101808	5.000000	0.00101733	5.000000	0.00101733	5.000000	0.00101733	5.000000	0.00101729	5.000000	7.89187e-07	
5.500000	0.000970577	5.500000	0.000983531	5.500000	0.000985366	5.500000	0.000985366	5.500000	0.000985367	5.500000	0.000982805	5.500000	7.26249e-07	
6.000000	0.000933506	6.000000	0.000950839	6.000000	0.000955378	6.000000	0.000955378	6.000000	0.000955378	6.000000	0.000950166	6.000000	6.73098e-07	
6.500000	0.000899242	6.500000	0.000920371	6.500000	0.000927199	6.500000	0.000927199	6.500000	0.000927199	6.500000	0.000919743	6.500000	6.2758e-07	
7.000000	0.000867525	7.000000	0.000891956	7.000000	0.000900679	7.000000	0.000900679	7.000000	0.00090068	7.000000	0.000891368	7.000000	5.88133e-07	
7.500000	0.000838109	7.500000	0.000865381	7.500000	0.000875682	7.500000	0.000875682	7.500000	0.000875682	7.500000	0.000864827	7.500000	5.53599e-07	
8.000000	0.000810769	8.000000	0.000840474	8.000000	0.000852081	8.000000	0.000852081	8.000000	0.000852082	8.000000	0.00083995	8.000000	5.23099e-07	
8.500000	0.000785301	8.500000	0.000816993	8.500000	0.000829764	8.500000	0.000829764	8.500000	0.000829764	8.500000	0.000816497	8.500000	4.95953e-07	
9.000000	0.000761526	9.000000	0.00079482	9.000000	0.000808628	9.000000	0.000808628	9.000000	0.000808628	9.000000	0.000794348	9.000000	4.71627e-07	
9.500000	0.000739283	9.500000	0.000773846	9.500000	0.000788581	9.500000	0.000788581	9.500000	0.000788581	9.500000	0.000773397	9.500000	4.49697e-07	
10.000000	0.00071843	10.000000	0.000722617	10.000000	0.000769539	10.000000	0.000769539	10.000000	0.00076954	10.000000	0.000722187	10.000000	4.29819e-07	
11.000000	0.000680402	11.000000	0.000696756	11.000000	0.000728714	11.000000	0.000735358	11.000000	0.00073894	11.000000	0.000696361	11.000000	3.95148e-07	
12.000000	0.000646595	12.000000	0.000672366	12.000000	0.00069234	12.000000	0.00070442	12.000000	0.000710442	12.000000	0.000672  	12.000000	3.65904e-07	
13.000000	0.000616335	13.000000	0.000649445	13.000000	0.000659763	13.000000	0.000676305	13.000000	0.000683934	13.000000	0.000649104	13.000000	3.40886e-07	
14.000000	0.000589083	14.000000	0.000627938	14.000000	0.000630434	14.000000	0.000650659	14.000000	0.000659281	14.000000	0.000627619	14.000000	3.19227e-07	
15.000000	0.000564404	15.000000	0.000607766	15.000000	0.000603896	15.000000	0.000627184	15.000000	0.000636344	15.000000	0.000607465	15.000000	3.00283e-07	
16.000000	0.000541943	16.000000	0.000588838	16.000000	0.000579798	16.000000	0.000605627	16.000000	0.000614992	16.000000	0.000588554	16.000000	2.83565e-07	
17.000000	0.000521408	17.000000	0.000571062	17.000000	0.000557843	17.000000	0.000585772	17.000000	0.000595099	17.000000	0.000570794	17.000000	2.68697e-07	
18.000000	0.000502555	18.000000	0.000554352	18.000000	0.000537767	18.000000	0.000567435	18.000000	0.000576516	18.000000	0.000554096	18.000000	2.55383e-07	
19.000000	0.000485181	19.000000	0.000538622	19.000000	0.000519359	19.000000	0.000550459	19.000000	0.000559172	19.000000	0.000538379	19.000000	2.43388e-07	
20.000000	0.000469115	20.000000	0.000523796	20.000000	0.000502444	20.000000	0.000534705	20.000000	0.000542972	20.000000	0.000523564	20.000000	2.32522e-07	
21.000000	0.00045421	21.000000	0.000509803	21.000000	0.000486863	21.000000	0.000520057	21.000000	0.000527774	21.000000	0.000509581	21.000000	2.2263e-07	
22.000000	0.000440342	22.000000	0.000496578	22.000000	0.000472467	22.000000	0.000506408	22.000000	0.00051356	22.000000	0.000496365	22.000000	2.13585e-07	
23.000000	0.000427403	23.000000	0.000484062	23.000000	0.000459136	23.000000	0.00049367	23.000000	0.000500213	23.000000	0.000483857	23.000000	2.05281e-07	
24.000000	0.000415302	24.000000	0.000472201	24.000000	0.000446767	24.000000	0.000481761	24.000000	0.000487691	24.000000	0.000472004	24.000000	1.97629e-07	
25.000000	0.000403956	25.000000	0.000460947	25.000000	0.000435273	25.000000	0.00047061	25.000000	0.000475921	25.000000	0.000460756	25.000000	1.90554e-07	
27.000000	0.00038326	27.000000	0.000440083	27.000000	0.000414611	27.000000	0.000450341	27.000000	0.000454432	27.000000	0.000439905	27.000000	1.77887e-07	
29.000000	0.000364846	29.000000	0.000421162	29.000000	0.000396672	29.000000	0.000432437	29.000000	0.000435366	29.000000	0.000420995	29.000000	1.66871e-07	
31.000000	0.000348349	31.000000	0.000403926	31.000000	0.000381264	31.000000	0.000415113	31.000000	0.000416595	31.000000	0.000403769	31.000000	1.57199e-07	
33.000000	0.000333476	33.000000	0.000388163	33.000000	0.00036746	33.000000	0.000398054	33.000000	0.000398116	33.000000	0.000388014	33.000000	1.48634e-07	
35.000000	0.000319994	35.000000	0.00037369	35.000000	0.000354708	35.000000	0.000382465	35.000000	0.000381484	35.000000	0.000373549	35.000000	1.40995e-07	
38.000000	0.000301969	38.000000	0.000354077	38.000000	0.000337353	38.000000	0.000361443	38.000000	0.000359408	38.000000	0.000353946	38.000000	1.30964e-07	
41.000000	0.000286142	41.000000	0.000336612	41.000000	0.000321783	41.000000	0.000342822	41.000000	0.000340148	41.000000	0.00033649	41.000000	1.22323e-07	
44.000000	0.000272125	44.000000	0.00032096	44.000000	0.000307758	44.000000	0.00032621	44.000000	0.000323178	44.000000	0.000320845	44.000000	1.14798e-07	
47.000000	0.000259618	47.000000	0.000306853	47.000000	0.000295037	47.000000	0.000311298	47.000000	0.000308099	47.000000	0.000306745	47.000000	1.08184e-07	
50.000000	0.000248384	50.000000	0.000294072	50.000000	0.000283451	50.000000	0.000297837	50.000000	0.000294604	50.000000	0.00029397	50.000000	1.02322e-07	
55.000000	0.00023199	55.000000	0.000275247	55.000000	0.000266315	55.000000	0.000278095	55.000000	0.000274932	55.000000	0.000275153	55.000000	9.39005e-08	
60.000000	0.000217952	60.000000	0.000258972	60.000000	0.000251371	60.000000	0.000261106	60.000000	0.000258133	60.000000	0.000258886	60.000000	8.68125e-08	
65.000000	0.000205784	65.000000	0.000244762	65.000000	0.000238279	65.000000	0.000246333	65.000000	0.000243605	65.000000	0.000244682	65.000000	8.07604e-08	
70.000000	0.000195129	70.000000	0.000232247	70.000000	0.000226694	70.000000	0.00023337	70.000000	0.000230909	70.000000	0.000232172	70.000000	7.55298e-08	
75.000000	0.000185715	75.000000	0.000221141	75.000000	0.000216354	75.000000	0.000221903	75.000000	0.000219838	75.000000	0.00022107	75.000000	7.0962e-08	
80.000000	0.000177332	80.000000	0.000211219	80.000000	0.000207082	80.000000	0.000211688	80.000000	0.000209986	80.000000	0.000211152	80.000000	6.69368e-08	
85.000000	0.000169816	85.000000	0.000202301	85.000000	0.000198743	85.000000	0.000202531	85.000000	0.000201151	85.000000	0.000202238	85.000000	6.33618e-08	
90.000000	0.000163037	90.000000	0.000194242	90.000000	0.000191157	90.000000	0.000194276	90.000000	0.000193185	90.000000	0.000194182	90.000000	6.01645e-08	
95.000000	0.000156888	95.000000	0.000186925	95.000000	0.000184269	95.000000	0.000186797	95.000000	0.000185977	95.000000	0.000186867	95.000000	5.72871e-08	
100.000000	0.000151283	100.000000	0.00018025	100.000000	0.000177966	100.000000	0.000179989	100.000000	0.000179417	100.000000	0.000180196	100.000000	5.46834e-08	
105.000000	0.000146152	105.000000	0.000174139	105.000000	0.000172196	105.000000	0.000173766	105.000000	0.000173414	105.000000	0.000174086	105.000000	5.23156e-08	
110.000000	0.000141435	110.000000	0.000168521	110.000000	0.000166858	110.000000	0.000168057	110.000000	0.000167916	110.000000	0.000168471	110.000000	5.01526e-08	
115.000000	0.000137084	115.000000	0.000163341	115.000000	0.000161945	115.000000	0.0001628 	115.000000	0.000162839	115.000000	0.000163292	115.000000	4.81684e-08	
120.000000	0.000133056	120.000000	0.000158548	120.000000	0.000157392	120.000000	0.000157945	120.000000	0.000158157	120.000000	0.000158502	120.000000	4.63417e-08	
125.000000	0.000129315	125.000000	0.000154101	125.000000	0.000153145	125.000000	0.000153446	125.000000	0.000153809	125.000000	0.000154057	125.000000	4.4654e-08	
130.000000	0.000125831	130.000000	0.000149965	130.000000	0.0001492 	130.000000	0.000149266	130.000000	0.000149775	130.000000	0.000149922	130.000000	4.30898e-08	
135.000000	0.000122579	135.000000	0.000146107	135.000000	0.000145522	135.000000	0.000145373	135.000000	0.000146007	135.000000	0.000146065	135.000000	4.1636e-08	
140.000000	0.000119534	140.000000	0.000142501	140.000000	0.000142077	140.000000	0.000141738	140.000000	0.000142499	140.000000	0.000142461	140.000000	4.0281e-08	
145.000000	0.000116678	145.000000	0.000139123	145.000000	0.000138841	145.000000	0.000138337	145.000000	0.000139204	145.000000	0.000139084	145.000000	3.9015e-08	
150.000000	0.000113992	150.000000	0.000135951	150.000000	0.000135795	150.000000	0.000135148	150.000000	0.000136119	150.000000	0.000135914	150.000000	3.78293e-08	
155.000000	0.00011016	155.000000	0.000132969	155.000000	0.000132931	155.000000	0.000132152	155.000000	0.000133215	155.000000	0.000132932	155.000000	3.67165e-08	
160.000000	0.00010794	160.000000	0.000130159	160.000000	0.000130235	160.000000	0.000129331	160.000000	0.00013048	160.000000	0.000130123	160.000000	3.567e-08 	
165.000000	0.000105841	165.000000	0.000127507	165.000000	0.00012769	165.000000	0.000126672	165.000000	0.000127903	165.000000	0.000127472	165.000000	3.46838e-08	
170.000000	0.000103856	170.000000	0.000125  	170.000000	0.00012528	170.000000	0.00012416	170.000000	0.00012546	170.000000	0.000124966	170.000000	3.3753e-08	
175.000000	0.000101975	175.000000	0.000122626	175.000000	0.000122993	175.000000	0.000121784	175.000000	0.000123153	175.000000	0.000122594	175.000000	3.28728e-08	
180.000000	0.000100189	180.000000	0.000120376	180.000000	0.000120818	180.000000	0.000119534	180.000000	0.000120966	180.000000	0.000120344	180.000000	3.20392e-08	
185.000000	9.84918e-05	185.000000	0.00011824	185.000000	0.000118756	185.000000	0.000117399	185.000000	0.000118886	185.000000	0.000118209	185.000000	3.12485e-08	
190.000000	9.68767e-05	190.000000	0.00011621	190.000000	0.000116802	190.000000	0.000115371	190.000000	0.000116912	190.000000	0.000116179	190.000000	3.04975e-08	
195.000000	9.53378e-05	195.000000	0.000114277	195.000000	0.000114941	195.000000	0.000113443	195.000000	0.000115034	195.000000	0.000114247	195.000000	2.97832e-08	
200.000000	9.38697e-05	200.000000	0.000112435	200.000000	0.000113162	200.000000	0.000111607	200.000000	0.000113242	200.000000	0.000112406	200.000000	2.9103e-08	
210.000000	9.11273e-05	210.000000	0.000109002	210.000000	0.000109847	210.000000	0.000108187	210.000000	0.000109908	210.000000	0.000108974	210.000000	2.78352e-08	
220.000000	8.86157e-05	220.000000	0.000105864	220.000000	0.00010681	220.000000	0.000105066	220.000000	0.000106856	220.000000	0.000105838	220.000000	2.66774e-08	
230.000000	8.63068e-05	230.000000	0.000102987	230.000000	0.000104023	230.000000	0.000102208	230.000000	0.000104061	230.000000	0.000102961	230.000000	2.56158e-08	
240.000000	8.41769e-05	240.000000	0.000100339	240.000000	0.000101462	240.000000	9.9581e-05	240.000000	0.000101486	240.000000	0.000100315	240.000000	2.46385e-08	
250.000000	8.22059e-05	250.000000	9.78947e-05	250.000000	9.90906e-05	250.000000	9.71588e-05	250.000000	9.91104e-05	250.000000	9.7871e-05	250.000000	2.3736e-08	
260.000000	8.03766e-05	260.000000	9.56314e-05	260.000000	9.68978e-05	260.000000	9.49187e-05	260.000000	9.6909e-05	260.000000	9.56085e-05	260.000000	2.28997e-08	
270.000000	7.86743e-05	270.000000	9.353e-05 	270.000000	9.48655e-05	270.000000	9.28414e-05	270.000000	9.48677e-05	270.000000	9.35079e-05	270.000000	2.21226e-08	
280.000000	7.70862e-05	280.000000	9.15741e-05	280.000000	9.29621e-05	280.000000	9.09101e-05	280.000000	9.29649e-05	280.000000	9.15527e-05	280.000000	2.13985e-08	
290.000000	7.56012e-05	290.000000	8.97493e-05	290.000000	9.11905e-05	290.000000	8.91102e-05	290.000000	9.1194e-05	290.000000	8.97286e-05	290.000000	2.07221e-08	
300.000000	7.42097e-05	300.000000	8.80432e-05	300.000000	8.95389e-05	300.000000	8.74292e-05	300.000000	8.95336e-05	300.000000	8.80231e-05	300.000000	2.00888e-08	
310.000000	7.29031e-05	310.000000	8.64447e-05	310.000000	8.79902e-05	310.000000	8.5856e-05	310.000000	8.79818e-05	310.000000	8.64252e-05	310.000000	1.94946e-08	
320.000000	7.1674e-05	320.000000	8.49442e-05	320.000000	8.65324e-05	320.000000	8.43807e-05	320.000000	8.65242e-05	320.000000	8.49252e-05	320.000000	1.89358e-08	
330.000000	7.05157e-05	330.000000	8.35332e-05	330.000000	8.51619e-05	330.000000	8.29949e-05	330.000000	8.51532e-05	330.000000	8.35148e-05	330.000000	1.84094e-08	
340.000000	6.94225e-05	340.000000	8.22041e-05	340.000000	8.38724e-05	340.000000	8.16908e-05	340.000000	8.38647e-05	340.000000	8.21862e-05	340.000000	1.79125e-08	
350.000000	6.8389e-05	350.000000	8.09502e-05	350.000000	8.26563e-05	350.000000	8.04618e-05	350.000000	8.26457e-05	350.000000	8.09327e-05	350.000000	1.74428e-08	
360.000000	6.74105e-05	360.000000	7.97654e-05	360.000000	8.15086e-05	360.000000	7.93017e-05	360.000000	8.14958e-05	360.000000	7.97484e-05	360.000000	1.69981e-08	
370.000000	6.6483e-05	370.000000	7.86444e-05	370.000000	8.04229e-05	370.000000	7.82051e-05	370.000000	8.04099e-05	370.000000	7.86278e-05	370.000000	1.65763e-08	
380.000000	6.56026e-05	380.000000	7.75824e-05	380.000000	7.93921e-05	380.000000	7.71671e-05	380.000000	7.9378e-05	380.000000	7.75662e-05	380.000000	1.61757e-08	
390.000000	6.47658e-05	390.000000	7.65749e-05	390.000000	7.84125e-05	390.000000	7.61834e-05	390.000000	7.8401e-05	390.000000	7.65591e-05	390.000000	1.57948e-08	
400.000000	6.39697e-05	400.000000	7.5618e-05	400.000000	7.74824e-05	400.000000	7.525e-05 	400.000000	7.7475e-05	400.000000	7.56026e-05	400.000000	1.54321e-08	
410.000000	6.32114e-05	410.000000	7.47082e-05	410.000000	7.66003e-05	410.000000	7.43634e-05	410.000000	7.65919e-05	410.000000	7.46931e-05	410.000000	1.50863e-08	
420.000000	6.24884e-05	420.000000	7.38422e-05	420.000000	7.57639e-05	420.000000	7.35202e-05	420.000000	7.57525e-05	420.000000	7.38275e-05	420.000000	1.47563e-08	
430.000000	6.17983e-05	430.000000	7.30171e-05	430.000000	7.4968e-05	430.000000	7.27175e-05	430.000000	7.49542e-05	430.000000	7.30027e-05	430.000000	1.44409e-08	
440.000000	6.11391e-05	440.000000	7.22302e-05	440.000000	7.42076e-05	440.000000	7.19526e-05	440.000000	7.41922e-05	440.000000	7.2216e-05	440.000000	1.41393e-08	
450.000000	6.05088e-05	450.000000	7.1479e-05	450.000000	7.34796e-05	450.000000	7.1223e-05	450.000000	7.34642e-05	450.000000	7.14651e-05	450.000000	1.38505e-08	
460.000000	5.99057e-05	460.000000	7.07612e-05	460.000000	7.27824e-05	460.000000	7.05266e-05	460.000000	7.27698e-05	460.000000	7.07477e-05	460.000000	1.35736e-08	
470.000000	5.9328e-05	470.000000	7.00749e-05	470.000000	7.21154e-05	470.000000	6.98611e-05	470.000000	7.2107e-05	470.000000	7.00616e-05	470.000000	1.33081e-08	
480.000000	5.87744e-05	480.000000	6.94181e-05	480.000000	7.14785e-05	480.000000	6.92248e-05	480.000000	7.14708e-05	480.000000	6.9405e-05	480.000000	1.30531e-08	
490.000000	5.82434e-05	490.000000	6.8789e-05	490.000000	7.08706e-05	490.000000	6.86159e-05	490.000000	7.08622e-05	490.000000	6.87762e-05	490.000000	1.28081e-08	
500.000000	5.77337e-05	500.000000	6.81861e-05	500.000000	7.02893e-05	500.000000	6.80327e-05	500.000000	7.02798e-05	500.000000	6.81735e-05	500.000000	1.25725e-08	
520.000000	5.67738e-05	520.000000	6.70529e-05	520.000000	6.91971e-05	520.000000	6.69378e-05	520.000000	6.91852e-05	520.000000	6.70407e-05	520.000000	1.21273e-08	
540.000000	5.58861e-05	540.000000	6.60077e-05	540.000000	6.81871e-05	540.000000	6.59294e-05	540.000000	6.81757e-05	540.000000	6.5996e-05	540.000000	1.17136e-08	
560.000000	5.50635e-05	560.000000	6.50416e-05	560.000000	6.7252e-05	560.000000	6.49984e-05	560.000000	6.72439e-05	560.000000	6.50302e-05	560.000000	1.13283e-08	
580.000000	5.42995e-05	580.000000	6.41464e-05	580.000000	6.63869e-05	580.000000	6.41369e-05	580.000000	6.63796e-05	580.000000	6.41355e-05	580.000000	1.09684e-08	
600.000000	5.35886e-05	600.000000	6.33154e-05	600.000000	6.55845e-05	600.000000	6.3338e-05	600.000000	6.55794e-05	600.000000	6.33048e-05	600.000000	1.06315e-08	
620.000000	5.2926e-05	620.000000	6.25425e-05	620.000000	6.48385e-05	620.000000	6.25957e-05	620.000000	6.48332e-05	620.000000	6.25322e-05	620.000000	1.03154e-08	
640.000000	5.23074e-05	640.000000	6.18224e-05	640.000000	6.41439e-05	640.000000	6.19047e-05	640.000000	6.41394e-05	640.000000	6.18124e-05	640.000000	1.00183e-08	
660.000000	5.17291e-05	660.000000	6.11504e-05	660.000000	6.34961e-05	660.000000	6.12604e-05	660.000000	6.3492e-05	660.000000	6.11407e-05	660.000000	9.73839e-09	
680.000000	5.11876e-05	680.000000	6.05225e-05	680.000000	6.28909e-05	680.000000	6.06586e-05	680.000000	6.28863e-05	680.000000	6.0513e-05	680.000000	9.47428e-09	
700.000000	5.06801e-05	700.000000	5.99349e-05	700.000000	6.23246e-05	700.000000	6.00958e-05	700.000000	6.23206e-05	700.000000	5.99256e-05	700.000000	9.22463e-09	
720.000000	5.02039e-05	720.000000	5.93843e-05	720.000000	6.17939e-05	720.000000	5.95686e-05	720.000000	6.17895e-05	720.000000	5.93753e-05	720.000000	8.98827e-09	
740.000000	4.97565e-05	740.000000	5.88679e-05	740.000000	6.12965e-05	740.000000	5.90742e-05	740.000000	6.12911e-05	740.000000	5.88591e-05	740.000000	8.76416e-09	
760.000000	4.93358e-05	760.000000	5.8383e-05	760.000000	6.08296e-05	760.000000	5.86099e-05	760.000000	6.08238e-05	760.000000	5.83744e-05	760.000000	8.55136e-09	
780.000000	4.894e-05 	780.000000	5.79272e-05	780.000000	6.03898e-05	780.000000	5.81735e-05	780.000000	6.03833e-05	780.000000	5.79189e-05	780.000000	8.34902e-09	
800.000000	4.85671e-05	800.000000	5.74985e-05	800.000000	5.99741e-05	800.000000	5.77628e-05	800.000000	5.99686e-05	800.000000	5.74903e-05	800.000000	8.15638e-09	
820.000000	4.82158e-05	820.000000	5.70948e-05	820.000000	5.95817e-05	820.000000	5.73759e-05	820.000000	5.95784e-05	820.000000	5.70868e-05	820.000000	7.97274e-09	
840.000000	4.78844e-05	840.000000	5.67145e-05	840.000000	5.92124e-05	840.000000	5.7011e-05	840.000000	5.921e-05 	840.000000	5.67067e-05	840.000000	7.7975e-09	
860.000000	4.75718e-05	860.000000	5.63559e-05	860.000000	5.88653e-05	860.000000	5.66667e-05	860.000000	5.88616e-05	860.000000	5.63483e-05	860.000000	7.63006e-09	
880.000000	4.72766e-05	880.000000	5.60177e-05	880.000000	5.85377e-05	880.000000	5.63415e-05	880.000000	5.8533e-05	880.000000	5.60102e-05	880.000000	7.46993e-09	
900.000000	4.69979e-05	900.000000	5.56984e-05	900.000000	5.82273e-05	900.000000	5.60341e-05	900.000000	5.82227e-05	900.000000	5.56911e-05	900.000000	7.31662e-09	
920.000000	4.67346e-05	920.000000	5.53969e-05	920.000000	5.79325e-05	920.000000	5.57433e-05	920.000000	5.79278e-05	920.000000	5.53897e-05	920.000000	7.1697e-09	
940.000000	4.64857e-05	940.000000	5.51121e-05	940.000000	5.76528e-05	940.000000	5.5468e-05	940.000000	5.76489e-05	940.000000	5.5105e-05	940.000000	7.02878e-09	
960.000000	4.62505e-05	960.000000	5.48429e-05	960.000000	5.73877e-05	960.000000	5.52072e-05	960.000000	5.73851e-05	960.000000	5.4836e-05	960.000000	6.8935e-09	
980.000000	4.60282e-05	980.000000	5.45884e-05	980.000000	5.71366e-05	980.000000	5.496e-05 	980.000000	5.71351e-05	980.000000	5.45816e-05	980.000000	6.7635e-09	
1000.000000	4.5818e-05	1000.000000	5.43477e-05	1000.000000	5.68985e-05	1000.000000	5.47256e-05	1000.000000	5.6897e-05	1000.000000	5.43411e-05	1000.000000	6.6385e-09	
1020.000000	4.56192e-05	1020.000000	5.41201e-05	1020.000000	5.66726e-05	1020.000000	5.45031e-05	1020.000000	5.66712e-05	1020.000000	5.41136e-05	1020.000000	6.5182e-09	
1040.000000	4.54313e-05	1040.000000	5.39049e-05	1040.000000	5.64579e-05	1040.000000	5.4292e-05	1040.000000	5.64572e-05	1040.000000	5.38985e-05	1040.000000	6.40234e-09	
1060.000000	4.52536e-05	1060.000000	5.37012e-05	1060.000000	5.62539e-05	1060.000000	5.40914e-05	1060.000000	5.62542e-05	1060.000000	5.36949e-05	1060.000000	6.29067e-09	
1080.000000	4.50857e-05	1080.000000	5.35086e-05	1080.000000	5.60601e-05	1080.000000	5.39008e-05	1080.000000	5.60601e-05	1080.000000	5.35024e-05	1080.000000	6.18297e-09	
1100.000000	4.4927e-05	1100.000000	5.33263e-05	1100.000000	5.58759e-05	1100.000000	5.37196e-05	1100.000000	5.58759e-05	1100.000000	5.33202e-05	1100.000000	6.07903e-09	
1120.000000	4.4777e-05	1120.000000	5.31539e-05	1120.000000	5.57008e-05	1120.000000	5.35474e-05	1120.000000	5.57009e-05	1120.000000	5.3148e-05	1120.000000	5.97866e-09	
1140.000000	4.46355e-05	1140.000000	5.29909e-05	1140.000000	5.55343e-05	1140.000000	5.33835e-05	1140.000000	5.55347e-05	1140.000000	5.2985e-05	1140.000000	5.88166e-09	
1160.000000	4.45018e-05	1160.000000	5.28368e-05	1160.000000	5.53759e-05	1160.000000	5.32275e-05	1160.000000	5.5376e-05	1160.000000	5.2831e-05	1160.000000	5.78787e-09	
1180.000000	4.43757e-05	1180.000000	5.26911e-05	1180.000000	5.5225e-05	1180.000000	5.30791e-05	1180.000000	5.52246e-05	1180.000000	5.26854e-05	1180.000000	5.69713e-09	
1200.000000	4.42569e-05	1200.000000	5.25534e-05	1200.000000	5.50812e-05	1200.000000	5.29378e-05	1200.000000	5.50807e-05	1200.000000	5.25478e-05	1200.000000	5.6093e-09	
1220.000000	4.41449e-05	1220.000000	5.24233e-05	1220.000000	5.4944e-05	1220.000000	5.28032e-05	1220.000000	5.49438e-05	1220.000000	5.24178e-05	1220.000000	5.52423e-09	
1240.000000	4.40395e-05	1240.000000	5.23006e-05	1240.000000	5.48131e-05	1240.000000	5.2675e-05	1240.000000	5.48135e-05	1240.000000	5.22951e-05	1240.000000	5.44179e-09	
1260.000000	4.39403e-05	1260.000000	5.21847e-05	1260.000000	5.46883e-05	1260.000000	5.25529e-05	1260.000000	5.46889e-05	1260.000000	5.21794e-05	1260.000000	5.36187e-09	
1280.000000	4.38472e-05	1280.000000	5.20755e-05	1280.000000	5.45693e-05	1280.000000	5.24366e-05	1280.000000	5.457e-05 	1280.000000	5.20702e-05	1280.000000	5.28434e-09	
1300.000000	4.37598e-05	1300.000000	5.19726e-05	1300.000000	5.44559e-05	1300.000000	5.23257e-05	1300.000000	5.44568e-05	1300.000000	5.19674e-05	1300.000000	5.2091e-09	
1320.000000	4.36779e-05	1320.000000	5.18757e-05	1320.000000	5.43479e-05	1320.000000	5.22201e-05	1320.000000	5.4349e-05	1320.000000	5.18706e-05	1320.000000	5.13605e-09	
1340.000000	4.36013e-05	1340.000000	5.17846e-05	1340.000000	5.42449e-05	1340.000000	5.21194e-05	1340.000000	5.42465e-05	1340.000000	5.17795e-05	1340.000000	5.0651e-09	
1360.000000	4.35297e-05	1360.000000	5.1699e-05	1360.000000	5.41469e-05	1360.000000	5.20234e-05	1360.000000	5.41484e-05	1360.000000	5.1694e-05	1360.000000	4.99615e-09	
1380.000000	4.34631e-05	1380.000000	5.16187e-05	1380.000000	5.40534e-05	1380.000000	5.19319e-05	1380.000000	5.40546e-05	1380.000000	5.16137e-05	1380.000000	4.92912e-09	
1400.000000	4.3401e-05	1400.000000	5.15434e-05	1400.000000	5.39643e-05	1400.000000	5.18448e-05	1400.000000	5.39653e-05	1400.000000	5.15385e-05	1400.000000	4.86392e-09	
1420.000000	4.33435e-05	1420.000000	5.1473e-05	1420.000000	5.38793e-05	1420.000000	5.17617e-05	1420.000000	5.38803e-05	1420.000000	5.14682e-05	1420.000000	4.80049e-09	
1440.000000	4.32903e-05	1440.000000	5.14072e-05	1440.000000	5.37983e-05	1440.000000	5.16825e-05	1440.000000	5.37993e-05	1440.000000	5.14025e-05	1440.000000	4.73876e-09	
1460.000000	4.32412e-05	1460.000000	5.13459e-05	1460.000000	5.3721e-05	1460.000000	5.1607e-05	1460.000000	5.37223e-05	1460.000000	5.13412e-05	1460.000000	4.67864e-09	
1480.000000	4.31961e-05	1480.000000	5.12888e-05	1480.000000	5.36473e-05	1480.000000	5.15351e-05	1480.000000	5.36484e-05	1480.000000	5.12842e-05	1480.000000	4.62009e-09	
1500.000000	4.31548e-05	1500.000000	5.12359e-05	1500.000000	5.35771e-05	1500.000000	5.14666e-05	1500.000000	5.35779e-05	1500.000000	5.12314e-05	1500.000000	4.56304e-09	
1520.000000	4.31173e-05	1520.000000	5.1187e-05	1520.000000	5.35102e-05	1520.000000	5.14014e-05	1520.000000	5.35108e-05	1520.000000	5.11824e-05	1520.000000	4.50743e-09	
1540.000000	4.30833e-05	1540.000000	5.11418e-05	1540.000000	5.34464e-05	1540.000000	5.13393e-05	1540.000000	5.3447e-05	1540.000000	5.11373e-05	1540.000000	4.4532e-09	
1560.000000	4.30528e-05	1560.000000	5.11003e-05	1560.000000	5.33857e-05	1560.000000	5.12801e-05	1560.000000	5.33863e-05	1560.000000	5.10959e-05	1560.000000	4.40031e-09	
1580.000000	4.30256e-05	1580.000000	5.10623e-05	1580.000000	5.33279e-05	1580.000000	5.12239e-05	1580.000000	5.33285e-05	1580.000000	5.10579e-05	1580.000000	4.34871e-09	
1600.000000	4.30016e-05	1600.000000	5.10277e-05	1600.000000	5.32729e-05	1600.000000	5.11703e-05	1600.000000	5.32733e-05	1600.000000	5.10234e-05	1600.000000	4.29835e-09	
1620.000000	4.29807e-05	1620.000000	5.09963e-05	1620.000000	5.32205e-05	1620.000000	5.11194e-05	1620.000000	5.32206e-05	1620.000000	5.09921e-05	1620.000000	4.24918e-09	
1640.000000	4.29628e-05	1640.000000	5.09681e-05	1640.000000	5.31708e-05	1640.000000	5.10709e-05	1640.000000	5.31705e-05	1640.000000	5.09639e-05	1640.000000	4.20116e-09	
1660.000000	4.29478e-05	1660.000000	5.0943e-05	1660.000000	5.31235e-05	1660.000000	5.10249e-05	1660.000000	5.31229e-05	1660.000000	5.09388e-05	1660.000000	4.15425e-09	
1680.000000	4.29356e-05	1680.000000	5.09207e-05	1680.000000	5.30785e-05	1680.000000	5.09812e-05	1680.000000	5.30778e-05	1680.000000	5.09166e-05	1680.000000	4.10842e-09	
1700.000000	4.29261e-05	1700.000000	5.09013e-05	1700.000000	5.30358e-05	1700.000000	5.09397e-05	1700.000000	5.3035e-05	1700.000000	5.08972e-05	1700.000000	4.06362e-09	
1750.000000	4.29138e-05	1750.000000	5.08645e-05	1750.000000	5.2938e-05	1750.000000	5.08451e-05	1750.000000	5.29369e-05	1750.000000	5.08605e-05	1750.000000	3.95594e-09	
1800.000000	4.29166e-05	1800.000000	5.08433e-05	1800.000000	5.2852e-05	1800.000000	5.07626e-05	1800.000000	5.28508e-05	1800.000000	5.08394e-05	1800.000000	3.85401e-09	
1850.000000	4.29335e-05	1850.000000	5.08365e-05	1850.000000	5.27767e-05	1850.000000	5.0691e-05	1850.000000	5.27762e-05	1850.000000	5.08328e-05	1850.000000	3.75737e-09	
1900.000000	4.29635e-05	1900.000000	5.0843e-05	1900.000000	5.27112e-05	1900.000000	5.06293e-05	1900.000000	5.27114e-05	1900.000000	5.08393e-05	1900.000000	3.66562e-09	
1950.000000	4.30057e-05	1950.000000	5.08617e-05	1950.000000	5.2655e-05	1950.000000	5.05766e-05	1950.000000	5.26556e-05	1950.000000	5.08581e-05	1950.000000	3.5784e-09	
2000.000000	4.30592e-05	2000.000000	5.08917e-05	2000.000000	5.26072e-05	2000.000000	5.05321e-05	2000.000000	5.26086e-05	2000.000000	5.08882e-05	2000.000000	3.49538e-09	
2100.000000	4.31974e-05	2100.000000	5.09825e-05	2100.000000	5.25348e-05	2100.000000	5.04649e-05	2100.000000	5.25361e-05	2100.000000	5.09792e-05	2100.000000	3.34074e-09	
2200.000000	4.33729e-05	2200.000000	5.11097e-05	2200.000000	5.24889e-05	2200.000000	5.04229e-05	2200.000000	5.24896e-05	2200.000000	5.11065e-05	2200.000000	3.19963e-09	
2300.000000	4.35815e-05	2300.000000	5.12684e-05	2300.000000	5.24646e-05	2300.000000	5.04019e-05	2300.000000	5.2464e-05	2300.000000	5.12653e-05	2300.000000	3.07034e-09	
2400.000000	4.38196e-05	2400.000000	5.14548e-05	2400.000000	5.24581e-05	2400.000000	5.03987e-05	2400.000000	5.2457e-05	2400.000000	5.14518e-05	2400.000000	2.95142e-09	
2500.000000	4.4084e-05	2500.000000	5.16655e-05	2500.000000	5.24666e-05	2500.000000	5.04105e-05	2500.000000	5.24649e-05	2500.000000	5.16627e-05	2500.000000	2.84166e-09	
2600.000000	4.43722e-05	2600.000000	5.18977e-05	2600.000000	5.24877e-05	2600.000000	5.04351e-05	2600.000000	5.24863e-05	2600.000000	5.18949e-05	2600.000000	2.74003e-09	
2700.000000	4.4682e-05	2700.000000	5.21489e-05	2700.000000	5.25198e-05	2700.000000	5.04706e-05	2700.000000	5.25184e-05	2700.000000	5.21462e-05	2700.000000	2.64565e-09	
2800.000000	4.50114e-05	2800.000000	5.24171e-05	2800.000000	5.25612e-05	2800.000000	5.05153e-05	2800.000000	5.25604e-05	2800.000000	5.24146e-05	2800.000000	2.55777e-09	
2900.000000	4.53587e-05	2900.000000	5.27005e-05	2900.000000	5.26107e-05	2900.000000	5.05679e-05	2900.000000	5.26099e-05	2900.000000	5.26981e-05	2900.000000	2.47572e-09	
3000.000000	4.57226e-05	3000.000000	5.29976e-05	3000.000000	5.26671e-05	3000.000000	5.06273e-05	3000.000000	5.26668e-05	3000.000000	5.29952e-05	3000.000000	2.39894e-09	
3200.000000	4.6495e-05	3200.000000	5.36275e-05	3200.000000	5.27967e-05	3200.000000	5.07625e-05	3200.000000	5.27971e-05	3200.000000	5.36252e-05	3200.000000	2.25925e-09	
3400.000000	4.73201e-05	3400.000000	5.42978e-05	3400.000000	5.29439e-05	3400.000000	5.09146e-05	3400.000000	5.29448e-05	3400.000000	5.42956e-05	3400.000000	2.13542e-09	
3600.000000	4.81912e-05	3600.000000	5.50015e-05	3600.000000	5.31039e-05	3600.000000	5.10789e-05	3600.000000	5.31053e-05	3600.000000	5.49995e-05	3600.000000	2.02485e-09	
3800.000000	4.9103e-05	3800.000000	5.57332e-05	3800.000000	5.32731e-05	3800.000000	5.1252e-05	3800.000000	5.32747e-05	3800.000000	5.57313e-05	3800.000000	1.92551e-09	
4000.000000	5.00513e-05	4000.000000	5.64885e-05	4000.000000	5.34488e-05	4000.000000	5.14311e-05	4000.000000	5.34504e-05	4000.000000	5.64866e-05	4000.000000	1.83575e-09	
4200.000000	5.10325e-05	4200.000000	5.72637e-05	4200.000000	5.36288e-05	4200.000000	5.16143e-05	4200.000000	5.36306e-05	4200.000000	5.7262e-05	4200.000000	1.75424e-09	
4400.000000	5.20439e-05	4400.000000	5.8056e-05	4400.000000	5.38114e-05	4400.000000	5.17999e-05	4400.000000	5.38132e-05	4400.000000	5.80544e-05	4400.000000	1.67987e-09	
4600.000000	5.30829e-05	4600.000000	5.88631e-05	4600.000000	5.39954e-05	4600.000000	5.19868e-05	4600.000000	5.39974e-05	4600.000000	5.88615e-05	4600.000000	1.61175e-09	
4800.000000	5.41476e-05	4800.000000	5.96828e-05	4800.000000	5.41799e-05	4800.000000	5.21741e-05	4800.000000	5.4182e-05	4800.000000	5.96812e-05	4800.000000	1.5491e-09	
5000.000000	5.52363e-05	5000.000000	6.05135e-05	5000.000000	5.43641e-05	5000.000000	5.23611e-05	5000.000000	5.43664e-05	5000.000000	6.0512e-05	5000.000000	1.49128e-09	
5250.000000	5.66288e-05	5250.000000	6.15653e-05	5250.000000	5.45932e-05	5250.000000	5.25934e-05	5250.000000	5.45956e-05	5250.000000	6.15639e-05	5250.000000	1.42499e-09	
5500.000000	5.80542e-05	5500.000000	6.26298e-05	5500.000000	5.48202e-05	5500.000000	5.28235e-05	5500.000000	5.48227e-05	5500.000000	6.26285e-05	5500.000000	1.36452e-09	
6000.000000	6.09961e-05	6000.000000	6.47897e-05	6000.000000	5.52657e-05	6000.000000	5.32748e-05	6000.000000	5.52682e-05	6000.000000	6.47885e-05	6000.000000	1.25818e-09	
6500.000000	6.40497e-05	6500.000000	6.69816e-05	6500.000000	5.56984e-05	6500.000000	5.37121e-05	6500.000000	5.57e-05  	6500.000000	6.69805e-05	6500.000000	1.16765e-09	
7000.000000	6.72063e-05	7000.000000	6.91973e-05	7000.000000	5.61164e-05	7000.000000	5.41342e-05	7000.000000	5.61167e-05	7000.000000	6.91962e-05	7000.000000	1.08963e-09	
7500.000000	7.04591e-05	7500.000000	7.14308e-05	7500.000000	5.65165e-05	7500.000000	5.45408e-05	7500.000000	5.65179e-05	7500.000000	7.14298e-05	7500.000000	1.02166e-09	
8000.000000	7.38033e-05	8000.000000	7.36777e-05	8000.000000	5.69025e-05	8000.000000	5.49321e-05	8000.000000	5.69037e-05	8000.000000	7.36768e-05	8000.000000	9.61907e-10	
8500.000000	7.72352e-05	8500.000000	7.59348e-05	8500.000000	5.72741e-05	8500.000000	5.53085e-05	8500.000000	5.72745e-05	8500.000000	7.59339e-05	8500.000000	9.08949e-10	
9000.000000	8.07517e-05	9000.000000	7.81995e-05	9000.000000	5.76308e-05	9000.000000	5.56707e-05	9000.000000	5.76311e-05	9000.000000	7.81986e-05	9000.000000	8.61679e-10	
9500.000000	8.43504e-05	9500.000000	8.04698e-05	9500.000000	5.7974e-05	9500.000000	5.60194e-05	9500.000000	5.7974e-05	9500.000000	8.0469e-05	9500.000000	8.1922e-10	
10000.000000	8.80297e-05	10000.000000	8.27443e-05	10000.000000	5.83044e-05	10000.000000	5.63553e-05	10000.000000	5.8304e-05	10000.000000	8.27435e-05	10000.000000	7.80866e-10	
11000.000000	9.56238e-05	11000.000000	8.73012e-05	11000.000000	5.89286e-05	11000.000000	5.69916e-05	11000.000000	5.8928e-05	11000.000000	8.73005e-05	11000.000000	7.14281e-10	
12000.000000	0.000103525	12000.000000	9.18633e-05	12000.000000	5.95081e-05	12000.000000	5.75848e-05	12000.000000	5.95084e-05	12000.000000	9.18627e-05	12000.000000	6.58443e-10	
13000.000000	0.000111728	13000.000000	9.64261e-05	13000.000000	6.00486e-05	13000.000000	5.814e-05 	13000.000000	6.005e-05 	13000.000000	9.64255e-05	13000.000000	6.10922e-10	
14000.000000	0.000120228	14000.000000	0.000100987	14000.000000	6.05552e-05	14000.000000	5.86612e-05	14000.000000	6.05569e-05	14000.000000	0.000100986	14000.000000	5.69975e-10	
15000.000000	0.000129022	15000.000000	0.000105543	15000.000000	6.10315e-05	15000.000000	5.91521e-05	15000.000000	6.10329e-05	15000.000000	0.000105542	15000.000000	5.34314e-10	
16000.000000	0.00013811	16000.000000	0.000110094	16000.000000	6.14795e-05	16000.000000	5.96158e-05	16000.000000	6.14809e-05	16000.000000	0.000110093	16000.000000	5.02969e-10	
17000.000000	0.00014749	17000.000000	0.000114638	17000.000000	6.1902e-05	17000.000000	6.00551e-05	17000.000000	6.19039e-05	17000.000000	0.000114637	17000.000000	4.75195e-10	
18000.000000	0.000157161	18000.000000	0.000119175	18000.000000	6.23017e-05	18000.000000	6.04722e-05	18000.000000	6.23042e-05	18000.000000	0.000119175	18000.000000	4.50409e-10	
19000.000000	0.000167123	19000.000000	0.000123705	19000.000000	6.26812e-05	19000.000000	6.08692e-05	19000.000000	6.26835e-05	19000.000000	0.000123705	19000.000000	4.2815e-10	
20000.000000	0.000177377	20000.000000	0.000128228	20000.000000	6.30425e-05	20000.000000	6.1248e-05	20000.000000	6.3044e-05	20000.000000	0.000128228	20000.000000	4.08045e-10	
21000.000000	0.000187923	21000.000000	0.000132743	21000.000000	6.33865e-05	21000.000000	6.161e-05 	21000.000000	6.33872e-05	21000.000000	0.000132743	21000.000000	3.89795e-10	
22000.000000	0.000198762	22000.000000	0.000137251	22000.000000	6.37126e-05	22000.000000	6.19567e-05	22000.000000	6.37142e-05	22000.000000	0.00013725	22000.000000	3.73152e-10	
23000.000000	0.000209894	23000.000000	0.00014175	23000.000000	6.40255e-05	23000.000000	6.22893e-05	23000.000000	6.40269e-05	23000.000000	0.00014175	23000.000000	3.5791e-10	
24000.000000	0.00022132	24000.000000	0.000146243	24000.000000	6.43254e-05	24000.000000	6.26088e-05	24000.000000	6.43255e-05	24000.000000	0.000146242	24000.000000	3.43899e-10	
25000.000000	0.000233041	25000.000000	0.000150728	25000.000000	6.46116e-05	25000.000000	6.29162e-05	25000.000000	6.46119e-05	25000.000000	0.000150727	25000.000000	3.30972e-10	
26000.000000	0.000245059	26000.000000	0.000155206	26000.000000	6.48856e-05	26000.000000	6.32124e-05	26000.000000	6.4886e-05	26000.000000	0.000155205	26000.000000	3.19009e-10	
27000.000000	0.000257374	27000.000000	0.000159676	27000.000000	6.51487e-05	27000.000000	6.34981e-05	27000.000000	6.51496e-05	27000.000000	0.000159676	27000.000000	3.07904e-10	
28000.000000	0.000269987	28000.000000	0.00016414	28000.000000	6.54016e-05	28000.000000	6.37741e-05	28000.000000	6.54025e-05	28000.000000	0.000164139	28000.000000	2.97568e-10	
29000.000000	0.000282901	29000.000000	0.000168597	29000.000000	6.56447e-05	29000.000000	6.40411e-05	29000.000000	6.56462e-05	29000.000000	0.000168596	29000.000000	2.87922e-10	
30000.000000	0.000296116	30000.000000	0.000173047	30000.000000	6.58788e-05	30000.000000	6.42994e-05	30000.000000	6.58805e-05	30000.000000	0.000173046	30000.000000	2.78899e-10	
32000.000000	0.000323455	32000.000000	0.000181927	32000.000000	6.63226e-05	32000.000000	6.47926e-05	32000.000000	6.63247e-05	32000.000000	0.000181927	32000.000000	2.62493e-10	
34000.000000	0.000352017	34000.000000	0.000190783	34000.000000	6.67373e-05	34000.000000	6.52574e-05	34000.000000	6.67384e-05	34000.000000	0.000190782	34000.000000	2.47958e-10	
36000.000000	0.000381813	36000.000000	0.000199614	36000.000000	6.7124e-05	36000.000000	6.56968e-05	36000.000000	6.71249e-05	36000.000000	0.000199614	36000.000000	2.34989e-10	
38000.000000	0.000412855	38000.000000	0.000208423	38000.000000	6.74852e-05	38000.000000	6.61135e-05	38000.000000	6.74875e-05	38000.000000	0.000208423	38000.000000	2.23345e-10	
40000.000000	0.000445156	40000.000000	0.00021721	40000.000000	6.78243e-05	40000.000000	6.65096e-05	40000.000000	6.7828e-05	40000.000000	0.000217209	40000.000000	2.12829e-10	
42000.000000	0.000478729	42000.000000	0.000225976	42000.000000	6.81444e-05	42000.000000	6.68871e-05	42000.000000	6.81483e-05	42000.000000	0.000225975	42000.000000	2.03285e-10	
44000.000000	0.000513588	44000.000000	0.000234721	44000.000000	6.8448e-05	44000.000000	6.72477e-05	44000.000000	6.84511e-05	44000.000000	0.000234721	44000.000000	1.94582e-10	
46000.000000	0.000549745	46000.000000	0.000243448	46000.000000	6.87375e-05	46000.000000	6.75927e-05	46000.000000	6.87364e-05	46000.000000	0.000243448	46000.000000	1.86613e-10	
48000.000000	0.000587214	48000.000000	0.000252156	48000.000000	6.90133e-05	48000.000000	6.79235e-05	48000.000000	6.90072e-05	48000.000000	0.000252156	48000.000000	1.79288e-10	
50000.000000	0.00062601	50000.000000	0.000260846	50000.000000	6.92742e-05	50000.000000	6.82412e-05	50000.000000	6.92633e-05	50000.000000	0.000260846	50000.000000	1.72531e-10	
