! 97Zr energy loss (dE/dX) in He
! apply ZOOM for details
Energy (MeV/u)1	0 - [He-base] F.Hubert et al, AD&ND Tables 46(1990)1	Energy (MeV/u)2	1 - [H -base] J.F.Ziegler et al,Pergamon Press,NY(low energy)	Energy (MeV/u)3	2 - ATIMA 1.2 LS-theory (recommended for high energy)	Energy (MeV/u)4	3 - ATIMA 1.2 without LS-correction	Energy (MeV/u)5	4 - ATIMA 1.4 H.Weick, improved mean charge formula for HI	Energy (MeV/u)6	5 - electrical component of [1] - J.F.Ziegler et al	Energy (MeV/u)7	6 - nuclear component of [1] - J.F.Ziegler et al	
0.001000	0.000195438	0.001000	0.000234756	0.001000	0.000201978	0.001000	0.000201978	0.001000	0.000201988	0.001000	5.95817e-05	0.001000	0.000175175	
0.002000	0.000200568	0.002000	0.000238592	0.002000	0.000199227	0.002000	0.000199227	0.002000	0.000199235	0.002000	7.72679e-05	0.002000	0.000161324	
0.005000	0.000200731	0.005000	0.00023389	0.005000	0.000184868	0.005000	0.000184868	0.005000	0.000184873	0.005000	0.00010895	0.005000	0.00012494	
0.008000	0.000202609	0.008000	0.000232847	0.008000	0.000178701	0.008000	0.000178701	0.008000	0.000178704	0.008000	0.000129949	0.008000	0.000102899	
0.010000	0.000204913	0.010000	0.000233874	0.010000	0.000177332	0.010000	0.000177332	0.010000	0.000177335	0.010000	0.00014129	0.010000	9.25836e-05	
0.015000	0.000212382	0.015000	0.000239398	0.015000	0.0001787 	0.015000	0.0001787 	0.015000	0.000178702	0.015000	0.000164493	0.015000	7.49054e-05	
0.020000	0.000220759	0.020000	0.000246783	0.020000	0.000183402	0.020000	0.000183402	0.020000	0.000183404	0.020000	0.000183231	0.020000	6.35516e-05	
0.025000	0.000229254	0.025000	0.000254769	0.025000	0.000189542	0.025000	0.000189542	0.025000	0.000189544	0.025000	0.000199223	0.025000	5.55455e-05	
0.030000	0.00023759	0.030000	0.000262869	0.030000	0.000196334	0.030000	0.000196334	0.030000	0.000196336	0.030000	0.000213321	0.030000	4.95486e-05	
0.035000	0.000245667	0.035000	0.000270878	0.035000	0.000203409	0.035000	0.000203409	0.035000	0.000203411	0.035000	0.000226016	0.035000	4.48627e-05	
0.040000	0.000253453	0.040000	0.000278706	0.040000	0.000210578	0.040000	0.000210578	0.040000	0.000210579	0.040000	0.000237621	0.040000	4.10848e-05	
0.045000	0.00026095	0.045000	0.000286316	0.045000	0.000217739	0.045000	0.000217739	0.045000	0.00021774	0.045000	0.000248352	0.045000	3.79645e-05	
0.050000	0.000269748	0.050000	0.000293698	0.050000	0.000224837	0.050000	0.000224837	0.050000	0.000224838	0.050000	0.000258361	0.050000	3.53374e-05	
0.055000	0.000284621	0.055000	0.000300853	0.055000	0.000231839	0.055000	0.000231839	0.055000	0.00023184	0.055000	0.000267762	0.055000	3.30908e-05	
0.060000	0.000298387	0.060000	0.000313495	0.060000	0.000244912	0.060000	0.000244912	0.060000	0.000244913	0.060000	0.000282351	0.060000	3.11445e-05	
0.070000	0.000322297	0.070000	0.000349471	0.070000	0.000284406	0.070000	0.000284406	0.070000	0.000284407	0.070000	0.0003218 	0.070000	2.76713e-05	
0.080000	0.000348694	0.080000	0.000384545	0.080000	0.00032472	0.080000	0.00032472	0.080000	0.000324721	0.080000	0.000359392	0.080000	2.51523e-05	
0.090000	0.000372103	0.090000	0.00041839	0.090000	0.000364863	0.090000	0.000364863	0.090000	0.000364864	0.090000	0.000395296	0.090000	2.30945e-05	
0.100000	0.000393086	0.100000	0.000450878	0.100000	0.000404325	0.100000	0.000404325	0.100000	0.000404326	0.100000	0.0004295 	0.100000	2.13783e-05	
0.120000	0.000420141	0.120000	0.000511416	0.120000	0.000479789	0.120000	0.000479789	0.120000	0.00047979	0.120000	0.000492745	0.120000	1.86708e-05	
0.140000	0.000442947	0.140000	0.000565951	0.140000	0.000549207	0.140000	0.000549207	0.140000	0.000549208	0.140000	0.000549327	0.140000	1.66236e-05	
0.160000	0.000468347	0.160000	0.000614879	0.160000	0.000611775	0.160000	0.000611775	0.160000	0.000611776	0.160000	0.000599864	0.160000	1.50156e-05	
0.180000	0.000501482	0.180000	0.000673531	0.180000	0.000667395	0.180000	0.000667395	0.180000	0.000667396	0.180000	0.000659815	0.180000	1.37156e-05	
0.200000	0.000533526	0.200000	0.000731332	0.200000	0.000716397	0.200000	0.000716397	0.200000	0.000716398	0.200000	0.000718691	0.200000	1.26407e-05	
0.250000	0.000591933	0.250000	0.000851553	0.250000	0.000813852	0.250000	0.000813852	0.250000	0.000813853	0.250000	0.000840938	0.250000	1.06152e-05	
0.300000	0.000644335	0.300000	0.000944485	0.300000	0.000883764	0.300000	0.000883764	0.300000	0.000883765	0.300000	0.000935297	0.300000	9.18818e-06	
0.350000	0.000691149	0.350000	0.00101748	0.350000	0.000935005	0.350000	0.000935005	0.350000	0.000935006	0.350000	0.00100935	0.350000	8.12359e-06	
0.400000	0.000738223	0.400000	0.00108288	0.400000	0.000973913	0.400000	0.000973913	0.400000	0.000973914	0.400000	0.00107559	0.400000	7.29612e-06	
0.450000	0.000779469	0.450000	0.00113781	0.450000	0.00100464	0.450000	0.00100464	0.450000	0.00100464	0.450000	0.00113118	0.450000	6.63282e-06	
0.500000	0.000815472	0.500000	0.00118263	0.500000	0.00102981	0.500000	0.00102981	0.500000	0.00102981	0.500000	0.00117654	0.500000	6.08819e-06	
0.600000	0.000845147	0.600000	0.00124989	0.600000	0.0010767 	0.600000	0.0010767 	0.600000	0.0010767 	0.600000	0.00124464	0.600000	5.2446e-06	
0.700000	0.00085883	0.700000	0.0012971 	0.700000	0.00112641	0.700000	0.00112641	0.700000	0.00112641	0.700000	0.00129248	0.700000	4.61938e-06	
0.800000	0.000898894	0.800000	0.00133874	0.800000	0.00116456	0.800000	0.00116456	0.800000	0.00116456	0.800000	0.0013346 	0.800000	4.13594e-06	
0.900000	0.000930183	0.900000	0.00136805	0.900000	0.00119432	0.900000	0.00119432	0.900000	0.00119432	0.900000	0.0013643 	0.900000	3.75008e-06	
1.000000	0.000954623	1.000000	0.00138839	1.000000	0.00121766	1.000000	0.00121766	1.000000	0.00121766	1.000000	0.00138495	1.000000	3.4344e-06	
1.250000	0.000990128	1.250000	0.00141134	1.250000	0.00125584	1.250000	0.00125584	1.250000	0.00125584	1.250000	0.00140849	1.250000	2.84804e-06	
1.500000	0.000997661	1.500000	0.00139897	1.500000	0.00127449	1.500000	0.00127449	1.500000	0.00127449	1.500000	0.00139652	1.500000	2.44181e-06	
1.750000	0.000996702	1.750000	0.00138046	1.750000	0.00128072	1.750000	0.00128072	1.750000	0.00128073	1.750000	0.00137832	1.750000	2.14258e-06	
2.000000	0.000990465	2.000000	0.00135875	2.000000	0.00127884	2.000000	0.00127884	2.000000	0.00127884	2.000000	0.00135684	2.000000	1.91236e-06	
2.250000	0.000981068	2.250000	0.00133351	2.250000	0.00127156	2.250000	0.00127156	2.250000	0.00127157	2.250000	0.00133178	2.250000	1.72935e-06	
2.500000	0.00134918	2.500000	0.00130747	2.500000	0.00126067	2.500000	0.00126067	2.500000	0.00126067	2.500000	0.00130589	2.500000	1.58014e-06	
3.000000	0.00129628	3.000000	0.0012574 	3.000000	0.00123246	3.000000	0.00123246	3.000000	0.00123246	3.000000	0.00125605	3.000000	1.35101e-06	
3.500000	0.00124218	3.500000	0.00121037	3.500000	0.0012    	3.500000	0.0012    	3.500000	0.0012    	3.500000	0.00120919	3.500000	1.18281e-06	
4.000000	0.00118996	4.000000	0.00116643	4.000000	0.00116046	4.000000	0.00116046	4.000000	0.00116046	4.000000	0.00116538	4.000000	1.05375e-06	
4.500000	0.00114077	4.500000	0.00112545	4.500000	0.00112314	4.500000	0.00112314	4.500000	0.00112314	4.500000	0.0011245 	4.500000	9.51409e-07	
5.000000	0.00109495	5.000000	0.00108721	5.000000	0.00108807	5.000000	0.00108807	5.000000	0.00108807	5.000000	0.00108635	5.000000	8.68134e-07	
5.500000	0.00105246	5.500000	0.0010515 	5.500000	0.0010551 	5.500000	0.0010551 	5.500000	0.0010551 	5.500000	0.00105071	5.500000	7.98971e-07	
6.000000	0.00101312	6.000000	0.00101808	6.000000	0.00102408	6.000000	0.00102408	6.000000	0.00102408	6.000000	0.00101734	6.000000	7.40556e-07	
6.500000	0.000976672	6.500000	0.000986394	6.500000	0.000994861	6.500000	0.000994861	6.500000	0.000994862	6.500000	0.000985703	6.500000	6.90524e-07	
7.000000	0.000942876	7.000000	0.000956847	7.000000	0.000967308	7.000000	0.000967308	7.000000	0.000967308	7.000000	0.0009562 	7.000000	6.47162e-07	
7.500000	0.000911483	7.500000	0.000929187	7.500000	0.000941285	7.500000	0.000941285	7.500000	0.000941286	7.500000	0.000928578	7.500000	6.09198e-07	
8.000000	0.000882263	8.000000	0.00090322	8.000000	0.000916673	8.000000	0.000916673	8.000000	0.000916673	8.000000	0.000902644	8.000000	5.75666e-07	
8.500000	0.000855011	8.500000	0.000878805	8.500000	0.000893361	8.500000	0.000893361	8.500000	0.000893362	8.500000	0.000878259	8.500000	5.45819e-07	
9.000000	0.000829542	9.000000	0.000855685	9.000000	0.000871249	9.000000	0.000871249	9.000000	0.00087125	9.000000	0.000855166	9.000000	5.19072e-07	
9.500000	0.000805689	9.500000	0.000833764	9.500000	0.000850247	9.500000	0.000850247	9.500000	0.000850248	9.500000	0.000833269	9.500000	4.94957e-07	
10.000000	0.000783306	10.000000	0.000779139	10.000000	0.000830272	10.000000	0.000830272	10.000000	0.000830272	10.000000	0.000778666	10.000000	4.73098e-07	
11.000000	0.000742438	11.000000	0.000752276	11.000000	0.000786937	11.000000	0.000794409	11.000000	0.00079873	11.000000	0.000751841	11.000000	4.34968e-07	
12.000000	0.000706051	12.000000	0.000726837	12.000000	0.000748264	12.000000	0.00076188	12.000000	0.000769198	12.000000	0.000726434	12.000000	4.02803e-07	
13.000000	0.00067344	13.000000	0.000702847	13.000000	0.000713568	13.000000	0.000732263	13.000000	0.000741604	13.000000	0.000702471	13.000000	3.75286e-07	
14.000000	0.000644037	14.000000	0.00068027	14.000000	0.000682285	14.000000	0.000705202	14.000000	0.000715844	14.000000	0.000679918	14.000000	3.5146e-07	
15.000000	0.000617383	15.000000	0.000659039	15.000000	0.000653955	15.000000	0.000680394	15.000000	0.000691796	15.000000	0.000658708	15.000000	3.30619e-07	
16.000000	0.000593102	16.000000	0.000639073	16.000000	0.000628206	16.000000	0.000657581	16.000000	0.000669344	16.000000	0.000638761	16.000000	3.12227e-07	
17.000000	0.000570884	17.000000	0.000620285	17.000000	0.000604721	17.000000	0.000636543	17.000000	0.000648369	17.000000	0.000619989	17.000000	2.95869e-07	
18.000000	0.00055047	18.000000	0.00060259	18.000000	0.000583227	18.000000	0.000617092	18.000000	0.000628729	18.000000	0.000602309	18.000000	2.8122e-07	
19.000000	0.000531644	19.000000	0.000585907	19.000000	0.000563505	19.000000	0.000599064	19.000000	0.000610357	19.000000	0.000585639	19.000000	2.68021e-07	
20.000000	0.000514224	20.000000	0.000570158	20.000000	0.000545377	20.000000	0.000582318	20.000000	0.000593164	20.000000	0.000569902	20.000000	2.56064e-07	
21.000000	0.000498053	21.000000	0.000555274	21.000000	0.00052866	21.000000	0.000566732	21.000000	0.000577002	21.000000	0.000555028	21.000000	2.45179e-07	
22.000000	0.000482998	22.000000	0.000541187	22.000000	0.000513186	22.000000	0.000552199	22.000000	0.000561863	22.000000	0.000540952	22.000000	2.35225e-07	
23.000000	0.000468945	23.000000	0.00052784	23.000000	0.000498842	23.000000	0.000538623	23.000000	0.000547623	23.000000	0.000527614	23.000000	2.26086e-07	
24.000000	0.000455794	24.000000	0.000515178	24.000000	0.000485555	24.000000	0.000525923	24.000000	0.000534244	24.000000	0.00051496	24.000000	2.17664e-07	
25.000000	0.000443459	25.000000	0.000503149	25.000000	0.000473227	25.000000	0.000514023	25.000000	0.000521651	25.000000	0.000502939	25.000000	2.09877e-07	
27.000000	0.000420944	27.000000	0.000480819	27.000000	0.000451031	27.000000	0.00049237	27.000000	0.000498615	27.000000	0.000480623	27.000000	1.95936e-07	
29.000000	0.000400895	29.000000	0.000460531	29.000000	0.000431721	29.000000	0.000473222	29.000000	0.00047813	29.000000	0.000460348	29.000000	1.83811e-07	
31.000000	0.000382919	31.000000	0.000442022	31.000000	0.000415238	31.000000	0.000454624	31.000000	0.000457728	31.000000	0.000441849	31.000000	1.73163e-07	
33.000000	0.000366704	33.000000	0.000425068	33.000000	0.000400552	33.000000	0.000436243	33.000000	0.000437474	33.000000	0.000424904	33.000000	1.63735e-07	
35.000000	0.000351995	35.000000	0.000409482	35.000000	0.000387001	35.000000	0.000419423	35.000000	0.000419249	35.000000	0.000409326	35.000000	1.55326e-07	
38.000000	0.000332317	38.000000	0.000388327	38.000000	0.000368484	38.000000	0.000396709	38.000000	0.000395062	38.000000	0.000388183	38.000000	1.44282e-07	
41.000000	0.000315026	41.000000	0.000369458	41.000000	0.000351814	41.000000	0.000376555	41.000000	0.000373969	41.000000	0.000369323	41.000000	1.34768e-07	
44.000000	0.000299702	44.000000	0.000352522	44.000000	0.000336767	44.000000	0.00035855	44.000000	0.000355379	44.000000	0.000352396	44.000000	1.26483e-07	
47.000000	0.00028602	47.000000	0.000337237	47.000000	0.000323131	47.000000	0.000342366	47.000000	0.000338859	47.000000	0.000337118	47.000000	1.192e-07 	
50.000000	0.000273723	50.000000	0.000323373	50.000000	0.000310682	50.000000	0.000327739	50.000000	0.000324074	50.000000	0.00032326	50.000000	1.12745e-07	
55.000000	0.000255769	55.000000	0.000302923	55.000000	0.000292196	55.000000	0.000306254	55.000000	0.000302563	55.000000	0.000302819	55.000000	1.03471e-07	
60.000000	0.000240381	60.000000	0.000285213	60.000000	0.000276088	60.000000	0.000287737	60.000000	0.000284174	60.000000	0.000285118	60.000000	9.56651e-08	
65.000000	0.000227037	65.000000	0.000269729	65.000000	0.000261908	65.000000	0.000271612	65.000000	0.00026825	65.000000	0.00026964	65.000000	8.89997e-08	
70.000000	0.000215344	70.000000	0.000256074	70.000000	0.000249342	70.000000	0.000257445	70.000000	0.000254332	70.000000	0.000255991	70.000000	8.32387e-08	
75.000000	0.000205007	75.000000	0.000243942	75.000000	0.00023814	75.000000	0.000244899	75.000000	0.000242255	75.000000	0.000243864	75.000000	7.82074e-08	
80.000000	0.000195799	80.000000	0.000233093	80.000000	0.000228089	80.000000	0.000233712	80.000000	0.000231498	80.000000	0.000233019	80.000000	7.37737e-08	
85.000000	0.00018754	85.000000	0.000223333	85.000000	0.000218981	85.000000	0.000223675	85.000000	0.000221843	85.000000	0.000223263	85.000000	6.98357e-08	
90.000000	0.000180087	90.000000	0.000214506	90.000000	0.00021074	90.000000	0.00021462	90.000000	0.000213133	90.000000	0.00021444	90.000000	6.63136e-08	
95.000000	0.000173325	95.000000	0.000206485	95.000000	0.000203225	95.000000	0.000206409	95.000000	0.000205245	95.000000	0.000206422	95.000000	6.31438e-08	
100.000000	0.000167159	100.000000	0.000199164	100.000000	0.000196365	100.000000	0.000198932	100.000000	0.000198061	100.000000	0.000199103	100.000000	6.02755e-08	
105.000000	0.000161513	105.000000	0.000192455	105.000000	0.000190038	105.000000	0.000192093	105.000000	0.000191484	105.000000	0.000192398	105.000000	5.76669e-08	
110.000000	0.000156321	110.000000	0.000186286	110.000000	0.000184215	110.000000	0.000185815	110.000000	0.000185458	110.000000	0.000186231	110.000000	5.52838e-08	
115.000000	0.00015153	115.000000	0.000180593	115.000000	0.000178846	115.000000	0.000180031	115.000000	0.000179893	115.000000	0.00018054	115.000000	5.30978e-08	
120.000000	0.000147094	120.000000	0.000175324	120.000000	0.000173867	120.000000	0.000174687	120.000000	0.00017476	120.000000	0.000175273	120.000000	5.10851e-08	
125.000000	0.000142974	125.000000	0.000170433	125.000000	0.00016923	125.000000	0.000169733	125.000000	0.00016999	125.000000	0.000170384	125.000000	4.92256e-08	
130.000000	0.000139136	130.000000	0.000165882	130.000000	0.000164904	130.000000	0.00016513	130.000000	0.000165564	130.000000	0.000165834	130.000000	4.75022e-08	
135.000000	0.000135551	135.000000	0.000161635	135.000000	0.000160857	135.000000	0.00016084	135.000000	0.000161429	135.000000	0.000161589	135.000000	4.59003e-08	
140.000000	0.000132195	140.000000	0.000157664	140.000000	0.000157069	140.000000	0.000156834	140.000000	0.000157575	140.000000	0.00015762	140.000000	4.44072e-08	
145.000000	0.000129047	145.000000	0.000153943	145.000000	0.000153523	145.000000	0.000153084	145.000000	0.000153952	145.000000	0.0001539 	145.000000	4.30122e-08	
150.000000	0.000126086	150.000000	0.000150449	150.000000	0.000150193	150.000000	0.000149567	150.000000	0.000150561	150.000000	0.000150407	150.000000	4.17058e-08	
155.000000	0.000121856	155.000000	0.000147161	155.000000	0.000147051	155.000000	0.000146262	155.000000	0.000147367	155.000000	0.000147121	155.000000	4.04795e-08	
160.000000	0.000119407	160.000000	0.000144063	160.000000	0.000144087	160.000000	0.00014315	160.000000	0.000144361	160.000000	0.000144024	160.000000	3.93263e-08	
165.000000	0.000117093	165.000000	0.000141138	165.000000	0.000141291	165.000000	0.000140215	165.000000	0.00014153	165.000000	0.0001411 	165.000000	3.82396e-08	
170.000000	0.000114904	170.000000	0.000138373	170.000000	0.000138641	170.000000	0.000137443	170.000000	0.000138844	170.000000	0.000138336	170.000000	3.72138e-08	
175.000000	0.000112828	175.000000	0.000135754	175.000000	0.000136127	175.000000	0.00013482	175.000000	0.000136306	175.000000	0.000135718	175.000000	3.62438e-08	
180.000000	0.000110858	180.000000	0.000133271	180.000000	0.000133745	180.000000	0.000132335	180.000000	0.0001339 	180.000000	0.000133236	180.000000	3.53252e-08	
185.000000	0.000108986	185.000000	0.000130913	185.000000	0.000131481	185.000000	0.000129978	185.000000	0.000131611	185.000000	0.000130879	185.000000	3.44538e-08	
190.000000	0.000107203	190.000000	0.000128671	190.000000	0.000129323	190.000000	0.000127738	190.000000	0.00012944	190.000000	0.000128638	190.000000	3.36262e-08	
195.000000	0.000105505	195.000000	0.000126537	195.000000	0.000127268	195.000000	0.000125608	195.000000	0.000127373	195.000000	0.000126505	195.000000	3.2839e-08	
200.000000	0.000103885	200.000000	0.000124504	200.000000	0.000125311	200.000000	0.000123579	200.000000	0.000125398	200.000000	0.000124472	200.000000	3.20893e-08	
210.000000	0.000100858	210.000000	0.000120711	210.000000	0.000121663	210.000000	0.0001198 	210.000000	0.000121725	210.000000	0.00012068	210.000000	3.0692e-08	
220.000000	9.80847e-05	220.000000	0.000117244	220.000000	0.000118318	220.000000	0.000116351	220.000000	0.000118361	220.000000	0.000117215	220.000000	2.9416e-08	
230.000000	9.55352e-05	230.000000	0.000114064	230.000000	0.000115248	230.000000	0.000113192	230.000000	0.00011528	230.000000	0.000114036	230.000000	2.82459e-08	
240.000000	9.3183e-05	240.000000	0.000111137	240.000000	0.000112426	240.000000	0.000110287	240.000000	0.000112443	240.000000	0.00011111	240.000000	2.71688e-08	
250.000000	9.1006e-05	250.000000	0.000108434	250.000000	0.000109814	250.000000	0.000107609	250.000000	0.000109825	250.000000	0.000108408	250.000000	2.6174e-08	
260.000000	8.89853e-05	260.000000	0.000105931	260.000000	0.000107391	260.000000	0.000105131	260.000000	0.000107398	260.000000	0.000105906	260.000000	2.52523e-08	
270.000000	8.71046e-05	270.000000	0.000103607	270.000000	0.000105144	270.000000	0.000102834	270.000000	0.000105147	270.000000	0.000103582	270.000000	2.43957e-08	
280.000000	8.53498e-05	280.000000	0.000101443	280.000000	0.000103052	280.000000	0.000100697	280.000000	0.000103048	280.000000	0.00010142	280.000000	2.35976e-08	
290.000000	8.37089e-05	290.000000	9.94242e-05	290.000000	0.000101103	290.000000	9.87061e-05	290.000000	0.000101094	290.000000	9.94014e-05	290.000000	2.2852e-08	
300.000000	8.2171e-05	300.000000	9.75364e-05	300.000000	9.92759e-05	300.000000	9.68462e-05	300.000000	9.92613e-05	300.000000	9.75142e-05	300.000000	2.21539e-08	
310.000000	8.0727e-05	310.000000	9.57674e-05	310.000000	9.75609e-05	310.000000	9.51053e-05	310.000000	9.75481e-05	310.000000	9.57459e-05	310.000000	2.14988e-08	
320.000000	7.93684e-05	320.000000	9.41068e-05	320.000000	9.59527e-05	320.000000	9.34728e-05	320.000000	9.59387e-05	320.000000	9.40859e-05	320.000000	2.08829e-08	
330.000000	7.80881e-05	330.000000	9.2545e-05	330.000000	9.4441e-05	330.000000	9.19391e-05	330.000000	9.44246e-05	330.000000	9.25247e-05	330.000000	2.03025e-08	
340.000000	7.68795e-05	340.000000	9.10738e-05	340.000000	9.30181e-05	340.000000	9.04959e-05	340.000000	9.30017e-05	340.000000	9.1054e-05	340.000000	1.97549e-08	
350.000000	7.57369e-05	350.000000	8.96856e-05	350.000000	9.16768e-05	350.000000	8.91355e-05	350.000000	9.16551e-05	350.000000	8.96664e-05	350.000000	1.92371e-08	
360.000000	7.46551e-05	360.000000	8.8374e-05	360.000000	9.0407e-05	360.000000	8.78514e-05	360.000000	9.03852e-05	360.000000	8.83553e-05	360.000000	1.87468e-08	
370.000000	7.36295e-05	370.000000	8.71329e-05	370.000000	8.92029e-05	370.000000	8.66375e-05	370.000000	8.9186e-05	370.000000	8.71146e-05	370.000000	1.82818e-08	
380.000000	7.2656e-05	380.000000	8.59569e-05	380.000000	8.80626e-05	380.000000	8.54885e-05	380.000000	8.80458e-05	380.000000	8.59391e-05	380.000000	1.78402e-08	
390.000000	7.17307e-05	390.000000	8.48413e-05	390.000000	8.69823e-05	390.000000	8.43996e-05	390.000000	8.69664e-05	390.000000	8.48239e-05	390.000000	1.74203e-08	
400.000000	7.08502e-05	400.000000	8.37818e-05	400.000000	8.59573e-05	400.000000	8.33662e-05	400.000000	8.59433e-05	400.000000	8.37648e-05	400.000000	1.70204e-08	
410.000000	7.00116e-05	410.000000	8.27743e-05	410.000000	8.49831e-05	410.000000	8.23846e-05	410.000000	8.49673e-05	410.000000	8.27576e-05	410.000000	1.66392e-08	
420.000000	6.92119e-05	420.000000	8.18152e-05	420.000000	8.40555e-05	420.000000	8.1451e-05	420.000000	8.40396e-05	420.000000	8.1799e-05	420.000000	1.62753e-08	
430.000000	6.84487e-05	430.000000	8.09014e-05	430.000000	8.31719e-05	430.000000	8.05623e-05	430.000000	8.31573e-05	430.000000	8.08855e-05	430.000000	1.59276e-08	
440.000000	6.77195e-05	440.000000	8.00299e-05	440.000000	8.23298e-05	440.000000	7.97154e-05	440.000000	8.2315e-05	440.000000	8.00143e-05	440.000000	1.55951e-08	
450.000000	6.70223e-05	450.000000	7.91979e-05	450.000000	8.15269e-05	450.000000	7.89076e-05	450.000000	8.15101e-05	450.000000	7.91826e-05	450.000000	1.52766e-08	
460.000000	6.63551e-05	460.000000	7.84029e-05	460.000000	8.07607e-05	460.000000	7.81364e-05	460.000000	8.07426e-05	460.000000	7.83879e-05	460.000000	1.49714e-08	
470.000000	6.57161e-05	470.000000	7.76427e-05	470.000000	8.0028e-05	470.000000	7.73996e-05	470.000000	8.001e-05 	470.000000	7.7628e-05	470.000000	1.46787e-08	
480.000000	6.51036e-05	480.000000	7.69152e-05	480.000000	7.93257e-05	480.000000	7.6695e-05	480.000000	7.93066e-05	480.000000	7.69008e-05	480.000000	1.43976e-08	
490.000000	6.45161e-05	490.000000	7.62184e-05	490.000000	7.86517e-05	490.000000	7.60207e-05	490.000000	7.86336e-05	490.000000	7.62043e-05	490.000000	1.41274e-08	
500.000000	6.39522e-05	500.000000	7.55505e-05	500.000000	7.80054e-05	500.000000	7.53749e-05	500.000000	7.79896e-05	500.000000	7.55367e-05	500.000000	1.38676e-08	
520.000000	6.28902e-05	520.000000	7.42952e-05	520.000000	7.67922e-05	520.000000	7.41623e-05	520.000000	7.67791e-05	520.000000	7.42818e-05	520.000000	1.33767e-08	
540.000000	6.1908e-05	540.000000	7.31375e-05	540.000000	7.56748e-05	540.000000	7.30456e-05	540.000000	7.56626e-05	540.000000	7.31245e-05	540.000000	1.29206e-08	
560.000000	6.09977e-05	560.000000	7.20671e-05	560.000000	7.46425e-05	560.000000	7.20145e-05	560.000000	7.4632e-05	560.000000	7.20546e-05	560.000000	1.24958e-08	
580.000000	6.01523e-05	580.000000	7.10755e-05	580.000000	7.36869e-05	580.000000	7.10604e-05	580.000000	7.36758e-05	580.000000	7.10634e-05	580.000000	1.20989e-08	
600.000000	5.93656e-05	600.000000	7.01548e-05	600.000000	7.28002e-05	600.000000	7.01756e-05	600.000000	7.27907e-05	600.000000	7.01431e-05	600.000000	1.17275e-08	
620.000000	5.86323e-05	620.000000	6.92985e-05	620.000000	7.19763e-05	620.000000	6.93534e-05	620.000000	7.1965e-05	620.000000	6.92872e-05	620.000000	1.13789e-08	
640.000000	5.79477e-05	640.000000	6.85007e-05	640.000000	7.12095e-05	640.000000	6.85881e-05	640.000000	7.11974e-05	640.000000	6.84897e-05	640.000000	1.10513e-08	
660.000000	5.73076e-05	660.000000	6.77563e-05	660.000000	7.04929e-05	660.000000	6.78744e-05	660.000000	7.04811e-05	660.000000	6.77455e-05	660.000000	1.07426e-08	
680.000000	5.67083e-05	680.000000	6.70605e-05	680.000000	6.98212e-05	680.000000	6.72079e-05	680.000000	6.98107e-05	680.000000	6.70501e-05	680.000000	1.04514e-08	
700.000000	5.61466e-05	700.000000	6.64095e-05	700.000000	6.91914e-05	700.000000	6.65845e-05	700.000000	6.91847e-05	700.000000	6.63993e-05	700.000000	1.01761e-08	
720.000000	5.56194e-05	720.000000	6.57995e-05	720.000000	6.86016e-05	720.000000	6.60006e-05	720.000000	6.85969e-05	720.000000	6.57896e-05	720.000000	9.91548e-09	
740.000000	5.51242e-05	740.000000	6.52273e-05	740.000000	6.80498e-05	740.000000	6.54529e-05	740.000000	6.80452e-05	740.000000	6.52177e-05	740.000000	9.66834e-09	
760.000000	5.46586e-05	760.000000	6.46901e-05	760.000000	6.75335e-05	760.000000	6.49387e-05	760.000000	6.7528e-05	760.000000	6.46806e-05	760.000000	9.43367e-09	
780.000000	5.42204e-05	780.000000	6.41851e-05	780.000000	6.70481e-05	780.000000	6.44552e-05	780.000000	6.70404e-05	780.000000	6.41759e-05	780.000000	9.21053e-09	
800.000000	5.38077e-05	800.000000	6.37101e-05	800.000000	6.65895e-05	800.000000	6.40003e-05	800.000000	6.65813e-05	800.000000	6.37011e-05	800.000000	8.99809e-09	
820.000000	5.34187e-05	820.000000	6.32628e-05	820.000000	6.61562e-05	820.000000	6.35717e-05	820.000000	6.61494e-05	820.000000	6.3254e-05	820.000000	8.79558e-09	
840.000000	5.30519e-05	840.000000	6.28414e-05	840.000000	6.57472e-05	840.000000	6.31676e-05	840.000000	6.57416e-05	840.000000	6.28328e-05	840.000000	8.60231e-09	
860.000000	5.27058e-05	860.000000	6.24441e-05	860.000000	6.53615e-05	860.000000	6.27862e-05	860.000000	6.53558e-05	860.000000	6.24357e-05	860.000000	8.41767e-09	
880.000000	5.2379e-05	880.000000	6.20694e-05	880.000000	6.49972e-05	880.000000	6.24259e-05	880.000000	6.49919e-05	880.000000	6.20611e-05	880.000000	8.24107e-09	
900.000000	5.20705e-05	900.000000	6.17156e-05	900.000000	6.46527e-05	900.000000	6.20854e-05	900.000000	6.46485e-05	900.000000	6.17075e-05	900.000000	8.07199e-09	
920.000000	5.17789e-05	920.000000	6.13815e-05	920.000000	6.43266e-05	920.000000	6.17632e-05	920.000000	6.43219e-05	920.000000	6.13736e-05	920.000000	7.90997e-09	
940.000000	5.15034e-05	940.000000	6.10659e-05	940.000000	6.40179e-05	940.000000	6.14582e-05	940.000000	6.40131e-05	940.000000	6.10582e-05	940.000000	7.75455e-09	
960.000000	5.1243e-05	960.000000	6.07676e-05	960.000000	6.37256e-05	960.000000	6.11693e-05	960.000000	6.37209e-05	960.000000	6.076e-05 	960.000000	7.60535e-09	
980.000000	5.09969e-05	980.000000	6.04857e-05	980.000000	6.34487e-05	980.000000	6.08955e-05	980.000000	6.34441e-05	980.000000	6.04782e-05	980.000000	7.46198e-09	
1000.000000	5.07641e-05	1000.000000	6.0219e-05	1000.000000	6.31858e-05	1000.000000	6.06358e-05	1000.000000	6.31803e-05	1000.000000	6.02117e-05	1000.000000	7.32412e-09	
1020.000000	5.0544e-05	1020.000000	5.99669e-05	1020.000000	6.29359e-05	1020.000000	6.03894e-05	1020.000000	6.29303e-05	1020.000000	5.99597e-05	1020.000000	7.19144e-09	
1040.000000	5.0336e-05	1040.000000	5.97283e-05	1040.000000	6.26978e-05	1040.000000	6.01555e-05	1040.000000	6.26932e-05	1040.000000	5.97213e-05	1040.000000	7.06366e-09	
1060.000000	5.01393e-05	1060.000000	5.95027e-05	1060.000000	6.24709e-05	1060.000000	5.99333e-05	1060.000000	6.24683e-05	1060.000000	5.94957e-05	1060.000000	6.9405e-09	
1080.000000	4.99533e-05	1080.000000	5.92892e-05	1080.000000	6.22552e-05	1080.000000	5.97222e-05	1080.000000	6.22533e-05	1080.000000	5.92824e-05	1080.000000	6.82172e-09	
1100.000000	4.97776e-05	1100.000000	5.90873e-05	1100.000000	6.20503e-05	1100.000000	5.95215e-05	1100.000000	6.20492e-05	1100.000000	5.90806e-05	1100.000000	6.70708e-09	
1120.000000	4.96116e-05	1120.000000	5.88963e-05	1120.000000	6.1856e-05	1120.000000	5.93307e-05	1120.000000	6.18554e-05	1120.000000	5.88897e-05	1120.000000	6.59637e-09	
1140.000000	4.94549e-05	1140.000000	5.87157e-05	1140.000000	6.16717e-05	1140.000000	5.91491e-05	1140.000000	6.16713e-05	1140.000000	5.87092e-05	1140.000000	6.48939e-09	
1160.000000	4.93069e-05	1160.000000	5.85449e-05	1160.000000	6.14965e-05	1160.000000	5.89764e-05	1160.000000	6.14955e-05	1160.000000	5.85385e-05	1160.000000	6.38594e-09	
1180.000000	4.91673e-05	1180.000000	5.83834e-05	1180.000000	6.13298e-05	1180.000000	5.88119e-05	1180.000000	6.13278e-05	1180.000000	5.83771e-05	1180.000000	6.28587e-09	
1200.000000	4.90357e-05	1200.000000	5.82309e-05	1200.000000	6.11707e-05	1200.000000	5.86554e-05	1200.000000	6.11683e-05	1200.000000	5.82247e-05	1200.000000	6.18899e-09	
1220.000000	4.89117e-05	1220.000000	5.80868e-05	1220.000000	6.10187e-05	1220.000000	5.85063e-05	1220.000000	6.10166e-05	1220.000000	5.80807e-05	1220.000000	6.09516e-09	
1240.000000	4.8795e-05	1240.000000	5.79507e-05	1240.000000	6.08735e-05	1240.000000	5.83643e-05	1240.000000	6.08724e-05	1240.000000	5.79447e-05	1240.000000	6.00423e-09	
1260.000000	4.86852e-05	1260.000000	5.78224e-05	1260.000000	6.07349e-05	1260.000000	5.8229e-05	1260.000000	6.07343e-05	1260.000000	5.78165e-05	1260.000000	5.91608e-09	
1280.000000	4.85821e-05	1280.000000	5.77014e-05	1280.000000	6.06028e-05	1280.000000	5.81001e-05	1280.000000	6.06025e-05	1280.000000	5.76955e-05	1280.000000	5.83057e-09	
1300.000000	4.84854e-05	1300.000000	5.75873e-05	1300.000000	6.0477e-05	1300.000000	5.79773e-05	1300.000000	6.04771e-05	1300.000000	5.75816e-05	1300.000000	5.74758e-09	
1320.000000	4.83947e-05	1320.000000	5.748e-05 	1320.000000	6.03573e-05	1320.000000	5.78603e-05	1320.000000	6.03577e-05	1320.000000	5.74743e-05	1320.000000	5.66701e-09	
1340.000000	4.83099e-05	1340.000000	5.7379e-05	1340.000000	6.02435e-05	1340.000000	5.77487e-05	1340.000000	6.02441e-05	1340.000000	5.73734e-05	1340.000000	5.58875e-09	
1360.000000	4.82307e-05	1360.000000	5.72842e-05	1360.000000	6.01352e-05	1360.000000	5.76424e-05	1360.000000	6.01355e-05	1360.000000	5.72786e-05	1360.000000	5.51269e-09	
1380.000000	4.81568e-05	1380.000000	5.71952e-05	1380.000000	6.0032e-05	1380.000000	5.75411e-05	1380.000000	6.00315e-05	1380.000000	5.71897e-05	1380.000000	5.43876e-09	
1400.000000	4.80882e-05	1400.000000	5.71118e-05	1400.000000	5.99336e-05	1400.000000	5.74445e-05	1400.000000	5.99325e-05	1400.000000	5.71064e-05	1400.000000	5.36685e-09	
1420.000000	4.80245e-05	1420.000000	5.70337e-05	1420.000000	5.98397e-05	1420.000000	5.73525e-05	1420.000000	5.98383e-05	1420.000000	5.70284e-05	1420.000000	5.29688e-09	
1440.000000	4.79655e-05	1440.000000	5.69609e-05	1440.000000	5.975e-05 	1440.000000	5.72647e-05	1440.000000	5.97486e-05	1440.000000	5.69556e-05	1440.000000	5.22878e-09	
1460.000000	4.79112e-05	1460.000000	5.68929e-05	1460.000000	5.96644e-05	1460.000000	5.71811e-05	1460.000000	5.96633e-05	1460.000000	5.68878e-05	1460.000000	5.16248e-09	
1480.000000	4.78613e-05	1480.000000	5.68297e-05	1480.000000	5.95825e-05	1480.000000	5.71015e-05	1480.000000	5.95814e-05	1480.000000	5.68246e-05	1480.000000	5.09789e-09	
1500.000000	4.78156e-05	1500.000000	5.67711e-05	1500.000000	5.95044e-05	1500.000000	5.70256e-05	1500.000000	5.95033e-05	1500.000000	5.6766e-05	1500.000000	5.03496e-09	
1520.000000	4.77741e-05	1520.000000	5.67168e-05	1520.000000	5.94299e-05	1520.000000	5.69534e-05	1520.000000	5.94289e-05	1520.000000	5.67119e-05	1520.000000	4.97361e-09	
1540.000000	4.77365e-05	1540.000000	5.66668e-05	1540.000000	5.93588e-05	1540.000000	5.68845e-05	1540.000000	5.93582e-05	1540.000000	5.66619e-05	1540.000000	4.9138e-09	
1560.000000	4.77027e-05	1560.000000	5.66208e-05	1560.000000	5.9291e-05	1560.000000	5.6819e-05	1560.000000	5.92909e-05	1560.000000	5.66159e-05	1560.000000	4.85546e-09	
1580.000000	4.76726e-05	1580.000000	5.65787e-05	1580.000000	5.92264e-05	1580.000000	5.67567e-05	1580.000000	5.9227e-05	1580.000000	5.65739e-05	1580.000000	4.79854e-09	
1600.000000	4.7646e-05	1600.000000	5.65403e-05	1600.000000	5.9165e-05	1600.000000	5.66973e-05	1600.000000	5.91658e-05	1600.000000	5.65356e-05	1600.000000	4.74299e-09	
1620.000000	4.76229e-05	1620.000000	5.65056e-05	1620.000000	5.91065e-05	1620.000000	5.66409e-05	1620.000000	5.91073e-05	1620.000000	5.65009e-05	1620.000000	4.68875e-09	
1640.000000	4.76031e-05	1640.000000	5.64744e-05	1640.000000	5.90509e-05	1640.000000	5.65873e-05	1640.000000	5.90518e-05	1640.000000	5.64697e-05	1640.000000	4.63578e-09	
1660.000000	4.75865e-05	1660.000000	5.64465e-05	1660.000000	5.89981e-05	1660.000000	5.65363e-05	1660.000000	5.89991e-05	1660.000000	5.64419e-05	1660.000000	4.58404e-09	
1680.000000	4.75731e-05	1680.000000	5.64218e-05	1680.000000	5.89478e-05	1680.000000	5.64879e-05	1680.000000	5.8949e-05	1680.000000	5.64173e-05	1680.000000	4.53348e-09	
1700.000000	4.75626e-05	1700.000000	5.64003e-05	1700.000000	5.89001e-05	1700.000000	5.64419e-05	1700.000000	5.89016e-05	1700.000000	5.63958e-05	1700.000000	4.48407e-09	
1750.000000	4.7549e-05	1750.000000	5.63595e-05	1750.000000	5.87911e-05	1750.000000	5.63371e-05	1750.000000	5.87928e-05	1750.000000	5.63552e-05	1750.000000	4.36528e-09	
1800.000000	4.75522e-05	1800.000000	5.63361e-05	1800.000000	5.86958e-05	1800.000000	5.62457e-05	1800.000000	5.86974e-05	1800.000000	5.63318e-05	1800.000000	4.25283e-09	
1850.000000	4.7571e-05	1850.000000	5.63285e-05	1850.000000	5.86127e-05	1850.000000	5.61664e-05	1850.000000	5.86147e-05	1850.000000	5.63244e-05	1850.000000	4.14623e-09	
1900.000000	4.76043e-05	1900.000000	5.63357e-05	1900.000000	5.85408e-05	1900.000000	5.6098e-05	1900.000000	5.85428e-05	1900.000000	5.63316e-05	1900.000000	4.04502e-09	
1950.000000	4.76511e-05	1950.000000	5.63564e-05	1950.000000	5.84791e-05	1950.000000	5.60396e-05	1950.000000	5.8481e-05	1950.000000	5.63525e-05	1950.000000	3.94881e-09	
2000.000000	4.77104e-05	2000.000000	5.63897e-05	2000.000000	5.84266e-05	2000.000000	5.59903e-05	2000.000000	5.84288e-05	2000.000000	5.63858e-05	2000.000000	3.85721e-09	
2100.000000	4.78636e-05	2100.000000	5.64903e-05	2100.000000	5.83463e-05	2100.000000	5.5916e-05	2100.000000	5.83483e-05	2100.000000	5.64866e-05	2100.000000	3.68662e-09	
2200.000000	4.80582e-05	2200.000000	5.66312e-05	2200.000000	5.82943e-05	2200.000000	5.58694e-05	2200.000000	5.82968e-05	2200.000000	5.66277e-05	2200.000000	3.53095e-09	
2300.000000	4.82894e-05	2300.000000	5.68071e-05	2300.000000	5.82664e-05	2300.000000	5.58462e-05	2300.000000	5.82682e-05	2300.000000	5.68037e-05	2300.000000	3.38832e-09	
2400.000000	4.85531e-05	2400.000000	5.70136e-05	2400.000000	5.82588e-05	2400.000000	5.58426e-05	2400.000000	5.82604e-05	2400.000000	5.70104e-05	2400.000000	3.25712e-09	
2500.000000	4.88462e-05	2500.000000	5.72471e-05	2500.000000	5.82684e-05	2500.000000	5.58558e-05	2500.000000	5.8269e-05	2500.000000	5.72439e-05	2500.000000	3.13603e-09	
2600.000000	4.91655e-05	2600.000000	5.75043e-05	2600.000000	5.82925e-05	2600.000000	5.58831e-05	2600.000000	5.82926e-05	2600.000000	5.75013e-05	2600.000000	3.02391e-09	
2700.000000	4.95088e-05	2700.000000	5.77827e-05	2700.000000	5.83286e-05	2700.000000	5.59224e-05	2700.000000	5.8328e-05	2700.000000	5.77798e-05	2700.000000	2.91978e-09	
2800.000000	4.98738e-05	2800.000000	5.80799e-05	2800.000000	5.83749e-05	2800.000000	5.59719e-05	2800.000000	5.83745e-05	2800.000000	5.80771e-05	2800.000000	2.82282e-09	
2900.000000	5.02588e-05	2900.000000	5.83939e-05	2900.000000	5.84299e-05	2900.000000	5.60302e-05	2900.000000	5.84292e-05	2900.000000	5.83912e-05	2900.000000	2.73229e-09	
3000.000000	5.0662e-05	3000.000000	5.87231e-05	3000.000000	5.84921e-05	3000.000000	5.6096e-05	3000.000000	5.84921e-05	3000.000000	5.87204e-05	3000.000000	2.64758e-09	
3200.000000	5.15179e-05	3200.000000	5.9421e-05	3200.000000	5.86351e-05	3200.000000	5.62458e-05	3200.000000	5.86362e-05	3200.000000	5.94185e-05	3200.000000	2.49346e-09	
3400.000000	5.24321e-05	3400.000000	6.01637e-05	3400.000000	5.87974e-05	3400.000000	5.64144e-05	3400.000000	5.87997e-05	3400.000000	6.01613e-05	3400.000000	2.35683e-09	
3600.000000	5.33973e-05	3600.000000	6.09435e-05	3600.000000	5.89743e-05	3600.000000	5.65965e-05	3600.000000	5.89774e-05	3600.000000	6.09412e-05	3600.000000	2.23484e-09	
3800.000000	5.44077e-05	3800.000000	6.17542e-05	3800.000000	5.91618e-05	3800.000000	5.67882e-05	3800.000000	5.91648e-05	3800.000000	6.17521e-05	3800.000000	2.12522e-09	
4000.000000	5.54584e-05	4000.000000	6.25911e-05	4000.000000	5.93567e-05	4000.000000	5.69867e-05	4000.000000	5.93593e-05	4000.000000	6.2589e-05	4000.000000	2.02618e-09	
4200.000000	5.65457e-05	4200.000000	6.34501e-05	4200.000000	5.95565e-05	4200.000000	5.71897e-05	4200.000000	5.95588e-05	4200.000000	6.34481e-05	4200.000000	1.93624e-09	
4400.000000	5.76662e-05	4400.000000	6.4328e-05	4400.000000	5.97592e-05	4400.000000	5.73954e-05	4400.000000	5.97608e-05	4400.000000	6.43262e-05	4400.000000	1.85418e-09	
4600.000000	5.88175e-05	4600.000000	6.52222e-05	4600.000000	5.99634e-05	4600.000000	5.76025e-05	4600.000000	5.99648e-05	4600.000000	6.52205e-05	4600.000000	1.77901e-09	
4800.000000	5.99973e-05	4800.000000	6.61305e-05	4800.000000	6.0168e-05	4800.000000	5.781e-05 	4800.000000	6.01691e-05	4800.000000	6.61288e-05	4800.000000	1.70987e-09	
5000.000000	6.12036e-05	5000.000000	6.7051e-05	5000.000000	6.03721e-05	5000.000000	5.80172e-05	5000.000000	6.03732e-05	5000.000000	6.70494e-05	5000.000000	1.64608e-09	
5250.000000	6.27466e-05	5250.000000	6.82164e-05	5250.000000	6.06257e-05	5250.000000	5.82746e-05	5250.000000	6.06269e-05	5250.000000	6.82148e-05	5250.000000	1.57293e-09	
5500.000000	6.43259e-05	5500.000000	6.93959e-05	5500.000000	6.08769e-05	5500.000000	5.85295e-05	5500.000000	6.08782e-05	5500.000000	6.93944e-05	5500.000000	1.50619e-09	
6000.000000	6.75857e-05	6000.000000	7.17892e-05	6000.000000	6.137e-05 	6000.000000	5.90296e-05	6000.000000	6.13714e-05	6000.000000	7.17878e-05	6000.000000	1.38884e-09	
6500.000000	7.09692e-05	6500.000000	7.42179e-05	6500.000000	6.18487e-05	6500.000000	5.95142e-05	6500.000000	6.18493e-05	6500.000000	7.42166e-05	6500.000000	1.28894e-09	
7000.000000	7.44667e-05	7000.000000	7.66729e-05	7000.000000	6.23074e-05	7000.000000	5.99819e-05	7000.000000	6.23104e-05	7000.000000	7.66717e-05	7000.000000	1.20284e-09	
7500.000000	7.8071e-05	7500.000000	7.91477e-05	7500.000000	6.27511e-05	7500.000000	6.04324e-05	7500.000000	6.27543e-05	7500.000000	7.91466e-05	7500.000000	1.12783e-09	
8000.000000	8.17766e-05	8000.000000	8.16374e-05	8000.000000	6.31786e-05	8000.000000	6.0866e-05	8000.000000	6.31812e-05	8000.000000	8.16363e-05	8000.000000	1.06188e-09	
8500.000000	8.55791e-05	8500.000000	8.41383e-05	8500.000000	6.35898e-05	8500.000000	6.12831e-05	8500.000000	6.35914e-05	8500.000000	8.41373e-05	8500.000000	1.00343e-09	
9000.000000	8.94755e-05	9000.000000	8.66476e-05	9000.000000	6.39853e-05	9000.000000	6.16844e-05	9000.000000	6.39858e-05	9000.000000	8.66467e-05	9000.000000	9.51263e-10	
9500.000000	9.34631e-05	9500.000000	8.91632e-05	9500.000000	6.43651e-05	9500.000000	6.20708e-05	9500.000000	6.43651e-05	9500.000000	8.91623e-05	9500.000000	9.04401e-10	
10000.000000	9.75398e-05	10000.000000	9.16834e-05	10000.000000	6.47297e-05	10000.000000	6.24429e-05	10000.000000	6.473e-05 	10000.000000	9.16826e-05	10000.000000	8.62069e-10	
11000.000000	0.000105954	11000.000000	9.67327e-05	11000.000000	6.54179e-05	11000.000000	6.31479e-05	11000.000000	6.542e-05 	11000.000000	9.67319e-05	11000.000000	7.88578e-10	
12000.000000	0.000114709	12000.000000	0.000101788	12000.000000	6.60579e-05	12000.000000	6.38053e-05	12000.000000	6.60616e-05	12000.000000	0.000101787	12000.000000	7.26946e-10	
13000.000000	0.000123798	13000.000000	0.000106843	13000.000000	6.66567e-05	13000.000000	6.44204e-05	13000.000000	6.66601e-05	13000.000000	0.000106843	13000.000000	6.74495e-10	
14000.000000	0.000133216	14000.000000	0.000111897	14000.000000	6.72194e-05	14000.000000	6.49979e-05	14000.000000	6.72201e-05	14000.000000	0.000111896	14000.000000	6.29297e-10	
15000.000000	0.000142961	15000.000000	0.000116945	15000.000000	6.77487e-05	15000.000000	6.55419e-05	15000.000000	6.77457e-05	15000.000000	0.000116944	15000.000000	5.89934e-10	
16000.000000	0.00015303	16000.000000	0.000121987	16000.000000	6.82454e-05	16000.000000	6.60557e-05	16000.000000	6.82403e-05	16000.000000	0.000121987	16000.000000	5.55334e-10	
17000.000000	0.000163423	17000.000000	0.000127023	17000.000000	6.87121e-05	17000.000000	6.65424e-05	17000.000000	6.87072e-05	17000.000000	0.000127022	17000.000000	5.24676e-10	
18000.000000	0.000174139	18000.000000	0.00013205	18000.000000	6.9152e-05	18000.000000	6.70046e-05	18000.000000	6.91488e-05	18000.000000	0.00013205	18000.000000	4.97315e-10	
19000.000000	0.000185178	19000.000000	0.00013707	19000.000000	6.95684e-05	19000.000000	6.74445e-05	19000.000000	6.9567e-05	19000.000000	0.000137069	19000.000000	4.72743e-10	
20000.000000	0.00019654	20000.000000	0.000142081	20000.000000	6.99638e-05	20000.000000	6.78642e-05	20000.000000	6.99645e-05	20000.000000	0.000142081	20000.000000	4.5055e-10	
21000.000000	0.000208225	21000.000000	0.000147084	21000.000000	7.0341e-05	21000.000000	6.82653e-05	21000.000000	7.03427e-05	21000.000000	0.000147083	21000.000000	4.30404e-10	
22000.000000	0.000220235	22000.000000	0.000152078	22000.000000	7.07021e-05	22000.000000	6.86494e-05	22000.000000	7.07029e-05	22000.000000	0.000152078	22000.000000	4.1203e-10	
23000.000000	0.000232569	23000.000000	0.000157064	23000.000000	7.10468e-05	23000.000000	6.90179e-05	23000.000000	7.10472e-05	23000.000000	0.000157064	23000.000000	3.95204e-10	
24000.000000	0.00024523	24000.000000	0.000162042	24000.000000	7.13757e-05	24000.000000	6.93719e-05	24000.000000	7.13758e-05	24000.000000	0.000162042	24000.000000	3.79736e-10	
25000.000000	0.000258217	25000.000000	0.000167011	25000.000000	7.16901e-05	25000.000000	6.97125e-05	25000.000000	7.16909e-05	25000.000000	0.000167011	25000.000000	3.65466e-10	
26000.000000	0.000271533	26000.000000	0.000171973	26000.000000	7.19914e-05	26000.000000	7.00407e-05	26000.000000	7.19923e-05	26000.000000	0.000171973	26000.000000	3.52259e-10	
27000.000000	0.000285179	27000.000000	0.000176926	27000.000000	7.22809e-05	27000.000000	7.03574e-05	27000.000000	7.22822e-05	27000.000000	0.000176926	27000.000000	3.4e-10   	
28000.000000	0.000299155	28000.000000	0.000181872	28000.000000	7.25591e-05	28000.000000	7.06632e-05	28000.000000	7.256e-05 	28000.000000	0.000181872	28000.000000	3.28588e-10	
29000.000000	0.000313464	29000.000000	0.000186811	29000.000000	7.28268e-05	29000.000000	7.09589e-05	29000.000000	7.28277e-05	29000.000000	0.00018681	29000.000000	3.17939e-10	
30000.000000	0.000328106	30000.000000	0.000191741	30000.000000	7.30846e-05	30000.000000	7.12452e-05	30000.000000	7.3085e-05	30000.000000	0.000191741	30000.000000	3.07977e-10	
32000.000000	0.000358399	32000.000000	0.000201581	32000.000000	7.35721e-05	32000.000000	7.17917e-05	32000.000000	7.35724e-05	32000.000000	0.000201581	32000.000000	2.89864e-10	
34000.000000	0.000390047	34000.000000	0.000211394	34000.000000	7.40257e-05	34000.000000	7.23067e-05	34000.000000	7.40259e-05	34000.000000	0.000211393	34000.000000	2.73817e-10	
36000.000000	0.000423061	36000.000000	0.000221179	36000.000000	7.44484e-05	36000.000000	7.27936e-05	36000.000000	7.44494e-05	36000.000000	0.000221179	36000.000000	2.59499e-10	
38000.000000	0.000457457	38000.000000	0.000230939	38000.000000	7.48438e-05	38000.000000	7.32552e-05	38000.000000	7.48463e-05	38000.000000	0.000230939	38000.000000	2.46643e-10	
40000.000000	0.000493247	40000.000000	0.000240676	40000.000000	7.52152e-05	40000.000000	7.36941e-05	40000.000000	7.52187e-05	40000.000000	0.000240675	40000.000000	2.35033e-10	
42000.000000	0.000530448	42000.000000	0.000250388	42000.000000	7.55652e-05	42000.000000	7.41124e-05	42000.000000	7.55687e-05	42000.000000	0.000250388	42000.000000	2.24495e-10	
44000.000000	0.000569072	44000.000000	0.000260079	44000.000000	7.58966e-05	44000.000000	7.45119e-05	44000.000000	7.58993e-05	44000.000000	0.000260079	44000.000000	2.14886e-10	
46000.000000	0.000609136	46000.000000	0.000269748	46000.000000	7.62119e-05	46000.000000	7.48942e-05	46000.000000	7.62106e-05	46000.000000	0.000269748	46000.000000	2.06087e-10	
48000.000000	0.000650653	48000.000000	0.000279397	48000.000000	7.65119e-05	48000.000000	7.52608e-05	48000.000000	7.65058e-05	48000.000000	0.000279397	48000.000000	1.97999e-10	
50000.000000	0.00069364	50000.000000	0.000289026	50000.000000	7.67953e-05	50000.000000	7.56128e-05	50000.000000	7.67849e-05	50000.000000	0.000289026	50000.000000	1.90539e-10	
