! 105Ru energy loss (dE/dX) in He
! apply ZOOM for details
Energy (MeV/u)1	0 - [He-base] F.Hubert et al, AD&ND Tables 46(1990)1	Energy (MeV/u)2	1 - [H -base] J.F.Ziegler et al,Pergamon Press,NY(low energy)	Energy (MeV/u)3	2 - ATIMA 1.2 LS-theory (recommended for high energy)	Energy (MeV/u)4	3 - ATIMA 1.2 without LS-correction	Energy (MeV/u)5	4 - ATIMA 1.4 H.Weick, improved mean charge formula for HI	Energy (MeV/u)6	5 - electrical component of [1] - J.F.Ziegler et al	Energy (MeV/u)7	6 - nuclear component of [1] - J.F.Ziegler et al	
0.001000	0.000210293	0.001000	0.000255402	0.001000	0.000216701	0.001000	0.000216701	0.001000	0.000216711	0.001000	6.40393e-05	0.001000	0.000191363	
0.002000	0.000216625	0.002000	0.000261786	0.002000	0.000214569	0.002000	0.000214569	0.002000	0.000214577	0.002000	8.30487e-05	0.002000	0.000178738	
0.005000	0.000216263	0.005000	0.000258269	0.005000	0.000197819	0.005000	0.000197819	0.005000	0.000197825	0.005000	0.000117101	0.005000	0.000141168	
0.008000	0.000217047	0.008000	0.000257011	0.008000	0.000188998	0.008000	0.000188998	0.008000	0.000189002	0.008000	0.000139671	0.008000	0.00011734	
0.010000	0.000218729	0.010000	0.000257862	0.010000	0.000186116	0.010000	0.000186116	0.010000	0.000186119	0.010000	0.000151861	0.010000	0.000106001	
0.015000	0.000225029	0.015000	0.000263127	0.015000	0.000184447	0.015000	0.000184447	0.015000	0.00018445	0.015000	0.000176799	0.015000	8.63277e-05	
0.020000	0.000232625	0.020000	0.000270485	0.020000	0.000186843	0.020000	0.000186843	0.020000	0.000186845	0.020000	0.00019694	0.020000	7.35455e-05	
0.025000	0.000240579	0.025000	0.000278596	0.025000	0.000191137	0.025000	0.000191137	0.025000	0.000191139	0.025000	0.000214128	0.025000	6.44671e-05	
0.030000	0.000248528	0.030000	0.000286913	0.030000	0.000196393	0.030000	0.000196393	0.030000	0.000196395	0.030000	0.000229281	0.030000	5.76329e-05	
0.035000	0.000256322	0.035000	0.000295198	0.035000	0.00020215	0.035000	0.00020215	0.035000	0.000202152	0.035000	0.000242925	0.035000	5.22725e-05	
0.040000	0.0002639 	0.040000	0.000303337	0.040000	0.000208164	0.040000	0.000208164	0.040000	0.000208165	0.040000	0.000255399	0.040000	4.79381e-05	
0.045000	0.000271242	0.045000	0.000311282	0.045000	0.000214295	0.045000	0.000214295	0.045000	0.000214296	0.045000	0.000266933	0.045000	4.43496e-05	
0.050000	0.000278345	0.050000	0.000319013	0.050000	0.00022046	0.050000	0.00022046	0.050000	0.000220461	0.050000	0.00027769	0.050000	4.13223e-05	
0.055000	0.000288722	0.055000	0.000326524	0.055000	0.00022661	0.055000	0.00022661	0.055000	0.000226611	0.055000	0.000287795	0.055000	3.8729e-05	
0.060000	0.000305736	0.060000	0.000333819	0.060000	0.000232714	0.060000	0.000232714	0.060000	0.000232715	0.060000	0.00029734	0.060000	3.6479e-05	
0.070000	0.000336379	0.070000	0.000362155	0.070000	0.000257278	0.070000	0.000257278	0.070000	0.000257279	0.070000	0.000329396	0.070000	3.27589e-05	
0.080000	0.000369135	0.080000	0.000406136	0.080000	0.000297004	0.080000	0.000297004	0.080000	0.000297005	0.080000	0.000376612	0.080000	2.95236e-05	
0.090000	0.000398921	0.090000	0.000449244	0.090000	0.000337521	0.090000	0.000337521	0.090000	0.000337522	0.090000	0.000422109	0.090000	2.71348e-05	
0.100000	0.000425934	0.100000	0.000490827	0.100000	0.000377882	0.100000	0.000377882	0.100000	0.000377883	0.100000	0.000465688	0.100000	2.51392e-05	
0.120000	0.00046294	0.120000	0.000568536	0.120000	0.000456343	0.120000	0.000456343	0.120000	0.000456344	0.120000	0.000546551	0.120000	2.19845e-05	
0.140000	0.000494018	0.140000	0.000638441	0.140000	0.000529849	0.140000	0.000529849	0.140000	0.00052985	0.140000	0.000618847	0.140000	1.95941e-05	
0.160000	0.000522353	0.160000	0.000700781	0.160000	0.000597144	0.160000	0.000597144	0.160000	0.000597145	0.160000	0.000683067	0.160000	1.77135e-05	
0.180000	0.000550441	0.180000	0.000756264	0.180000	0.000657807	0.180000	0.000657807	0.180000	0.000657807	0.180000	0.000740073	0.180000	1.61911e-05	
0.200000	0.000581355	0.200000	0.000809681	0.200000	0.000711943	0.200000	0.000711943	0.200000	0.000711943	0.200000	0.00079475	0.200000	1.4931e-05	
0.250000	0.00063693	0.250000	0.000925718	0.250000	0.000821796	0.250000	0.000821796	0.250000	0.000821797	0.250000	0.000913165	0.250000	1.25529e-05	
0.300000	0.000688059	0.300000	0.00101544	0.300000	0.000902787	0.300000	0.000902787	0.300000	0.000902788	0.300000	0.00100456	0.300000	1.08748e-05	
0.350000	0.000734589	0.350000	0.00108635	0.350000	0.000963623	0.350000	0.000963623	0.350000	0.000963623	0.350000	0.00107673	0.350000	9.62138e-06	
0.400000	0.000776509	0.400000	0.00114352	0.400000	0.0010108 	0.400000	0.0010108 	0.400000	0.0010108 	0.400000	0.00113487	0.400000	8.64616e-06	
0.450000	0.000826093	0.450000	0.001206  	0.450000	0.00104871	0.450000	0.00104871	0.450000	0.00104871	0.450000	0.00119814	0.450000	7.86381e-06	
0.500000	0.0008696 	0.500000	0.00126177	0.500000	0.00108017	0.500000	0.00108017	0.500000	0.00108017	0.500000	0.00125455	0.500000	7.221e-06 	
0.600000	0.000909914	0.600000	0.00134702	0.600000	0.00113041	0.600000	0.00113041	0.600000	0.00113041	0.600000	0.00134079	0.600000	6.22454e-06	
0.700000	0.000929794	0.700000	0.00140719	0.700000	0.00118818	0.700000	0.00118818	0.700000	0.00118818	0.700000	0.00140171	0.700000	5.48537e-06	
0.800000	0.000973341	0.800000	0.0014511 	0.800000	0.00123553	0.800000	0.00123553	0.800000	0.00123553	0.800000	0.00144618	0.800000	4.91342e-06	
0.900000	0.00101038	0.900000	0.00148744	0.900000	0.00127322	0.900000	0.00127322	0.900000	0.00127322	0.900000	0.00148298	0.900000	4.45665e-06	
1.000000	0.00103977	1.000000	0.00151362	1.000000	0.00130347	1.000000	0.00130347	1.000000	0.00130347	1.000000	0.00150953	1.000000	4.08277e-06	
1.250000	0.00108658	1.250000	0.00154939	1.250000	0.00135549	1.250000	0.00135549	1.250000	0.00135549	1.250000	0.00154601	1.250000	3.38785e-06	
1.500000	0.00110361	1.500000	0.00154959	1.500000	0.00138436	1.500000	0.00138436	1.500000	0.00138436	1.500000	0.00154669	1.500000	2.90602e-06	
1.750000	0.001103  	1.750000	0.00152901	1.750000	0.00139829	1.750000	0.00139829	1.750000	0.0013983 	1.750000	0.00152646	1.750000	2.55089e-06	
2.000000	0.0010971 	2.000000	0.00150588	2.000000	0.00140226	2.000000	0.00140226	2.000000	0.00140226	2.000000	0.0015036 	2.000000	2.27752e-06	
2.250000	0.00108957	2.250000	0.00148151	2.250000	0.00139946	2.250000	0.00139946	2.250000	0.00139946	2.250000	0.00147945	2.250000	2.06013e-06	
2.500000	0.0015407 	2.500000	0.00145555	2.500000	0.00139198	2.500000	0.00139198	2.500000	0.00139198	2.500000	0.00145367	2.500000	1.88283e-06	
3.000000	0.00148625	3.000000	0.00140346	3.000000	0.00136834	3.000000	0.00136834	3.000000	0.00136834	3.000000	0.00140185	3.000000	1.61044e-06	
3.500000	0.00142884	3.500000	0.00135457	3.500000	0.00133838	3.500000	0.00133838	3.500000	0.00133838	3.500000	0.00135316	3.500000	1.41038e-06	
4.000000	0.00137248	4.000000	0.0013088 	4.000000	0.00130546	4.000000	0.00130546	4.000000	0.00130546	4.000000	0.00130754	4.000000	1.25683e-06	
4.500000	0.0013188 	4.500000	0.00126622	4.500000	0.00126665	4.500000	0.00126665	4.500000	0.00126665	4.500000	0.00126509	4.500000	1.13502e-06	
5.000000	0.00126838	5.000000	0.00122623	5.000000	0.00122992	5.000000	0.00122992	5.000000	0.00122992	5.000000	0.00122519	5.000000	1.03587e-06	
5.500000	0.00122134	5.500000	0.00118865	5.500000	0.00119518	5.500000	0.00119518	5.500000	0.00119519	5.500000	0.0011877 	5.500000	9.53508e-07	
6.000000	0.00117755	6.000000	0.00115332	6.000000	0.00116233	6.000000	0.00116233	6.000000	0.00116233	6.000000	0.00115243	6.000000	8.8393e-07	
6.500000	0.00113683	6.500000	0.00112006	6.500000	0.00113125	6.500000	0.00113125	6.500000	0.00113125	6.500000	0.00111923	6.500000	8.24325e-07	
7.000000	0.00109893	7.000000	0.00108835	7.000000	0.00110182	7.000000	0.00110182	7.000000	0.00110182	7.000000	0.00108757	7.000000	7.72658e-07	
7.500000	0.00106361	7.500000	0.00105824	7.500000	0.00107391	7.500000	0.00107391	7.500000	0.00107391	7.500000	0.00105751	7.500000	7.27415e-07	
8.000000	0.00103065	8.000000	0.0010301 	8.000000	0.00104743	8.000000	0.00104743	8.000000	0.00104743	8.000000	0.00102941	8.000000	6.87449e-07	
8.500000	0.000999835	8.500000	0.00100367	8.500000	0.00102227	8.500000	0.00102227	8.500000	0.00102227	8.500000	0.00100302	8.500000	6.5187e-07	
9.000000	0.000970973	9.000000	0.000978746	9.000000	0.00099834	9.000000	0.00099834	9.000000	0.000998341	9.000000	0.000978127	9.000000	6.19982e-07	
9.500000	0.00094389	9.500000	0.000955108	9.500000	0.000975545	9.500000	0.000975545	9.500000	0.000975546	9.500000	0.000954517	9.500000	5.91229e-07	
10.000000	0.00091843	10.000000	0.000893793	10.000000	0.00095381	10.000000	0.00095381	10.000000	0.000953811	10.000000	0.000893228	10.000000	5.65163e-07	
11.000000	0.000871831	11.000000	0.000865199	11.000000	0.000905537	11.000000	0.000914784	11.000000	0.000920798	11.000000	0.000864679	11.000000	5.19688e-07	
12.000000	0.000830225	12.000000	0.00083788	12.000000	0.000862315	12.000000	0.000879241	12.000000	0.000889546	12.000000	0.000837399	12.000000	4.81321e-07	
13.000000	0.000792842	13.000000	0.000811936	13.000000	0.000823436	13.000000	0.000846764	13.000000	0.00086008	13.000000	0.000811487	13.000000	4.48491e-07	
14.000000	0.000759063	14.000000	0.000787377	14.000000	0.000788294	14.000000	0.000816996	14.000000	0.000832356	14.000000	0.000786956	14.000000	4.20063e-07	
15.000000	0.000728382	15.000000	0.000764165	15.000000	0.000756383	15.000000	0.000789627	15.000000	0.000806302	15.000000	0.000763769	15.000000	3.95192e-07	
16.000000	0.000700383	16.000000	0.000742239	16.000000	0.000727327	16.000000	0.000764394	16.000000	0.000781832	16.000000	0.000741865	16.000000	3.73241e-07	
17.000000	0.000674721	17.000000	0.000721525	17.000000	0.000700793	17.000000	0.000741069	17.000000	0.000758852	17.000000	0.000721172	17.000000	3.53716e-07	
18.000000	0.000651109	18.000000	0.000701948	18.000000	0.000676457	18.000000	0.000719457	18.000000	0.000737228	18.000000	0.000701612	18.000000	3.36228e-07	
19.000000	0.000629303	19.000000	0.00068343	19.000000	0.000654077	19.000000	0.000699386	19.000000	0.000716914	19.000000	0.00068311	19.000000	3.20471e-07	
20.000000	0.0006091 	20.000000	0.000665899	20.000000	0.000633466	20.000000	0.00068071	20.000000	0.00069783	20.000000	0.000665593	20.000000	3.06195e-07	
21.000000	0.000590324	21.000000	0.000649285	21.000000	0.00061445	21.000000	0.000663297	21.000000	0.000679822	21.000000	0.000648991	21.000000	2.93197e-07	
22.000000	0.000572825	22.000000	0.000633523	22.000000	0.000596866	22.000000	0.000647035	22.000000	0.000662898	22.000000	0.000633241	22.000000	2.81311e-07	
23.000000	0.000556474	23.000000	0.000618552	23.000000	0.000580568	23.000000	0.000631822	23.000000	0.00064693	23.000000	0.000618282	23.000000	2.70397e-07	
24.000000	0.000541158	24.000000	0.000604319	24.000000	0.000565428	24.000000	0.00061757	24.000000	0.000631883	24.000000	0.000604059	24.000000	2.60338e-07	
25.000000	0.000526779	25.000000	0.000590772	25.000000	0.000551339	25.000000	0.0006042 	25.000000	0.000617681	25.000000	0.000590521	25.000000	2.51037e-07	
27.000000	0.0005005 	27.000000	0.00056555	27.000000	0.000525977	27.000000	0.000579831	27.000000	0.000591606	27.000000	0.000565316	27.000000	2.34384e-07	
29.000000	0.000477064	29.000000	0.000542557	29.000000	0.00050393	29.000000	0.000558234	29.000000	0.000568313	29.000000	0.000542337	29.000000	2.19899e-07	
31.000000	0.000456022	31.000000	0.000521514	31.000000	0.000485332	31.000000	0.000537108	31.000000	0.000544565	31.000000	0.000521307	31.000000	2.07177e-07	
33.000000	0.000437016	33.000000	0.000502185	33.000000	0.000468958	33.000000	0.000516079	33.000000	0.000520574	33.000000	0.000501989	33.000000	1.95912e-07	
35.000000	0.000419756	35.000000	0.00048437	35.000000	0.000453801	35.000000	0.000496789	35.000000	0.000498977	35.000000	0.000484184	35.000000	1.85863e-07	
38.000000	0.000396635	38.000000	0.000460119	38.000000	0.000432998	38.000000	0.000470665	38.000000	0.000470312	38.000000	0.000459947	38.000000	1.72664e-07	
41.000000	0.00037629	41.000000	0.00043842	41.000000	0.000414245	41.000000	0.000447415	41.000000	0.000445308	41.000000	0.000438258	41.000000	1.61293e-07	
44.000000	0.000358236	44.000000	0.000418888	44.000000	0.000397224	44.000000	0.000426585	44.000000	0.000423283	44.000000	0.000418737	44.000000	1.51389e-07	
47.000000	0.000342097	47.000000	0.000401215	47.000000	0.000381718	47.000000	0.000407814	47.000000	0.000403706	47.000000	0.000401072	47.000000	1.42682e-07	
50.000000	0.000327578	50.000000	0.000385146	50.000000	0.00036756	50.000000	0.000390808	50.000000	0.000386188	50.000000	0.000385011	50.000000	1.34964e-07	
55.000000	0.00030635	55.000000	0.000361377	55.000000	0.000346431	55.000000	0.000365761	55.000000	0.000360677	55.000000	0.000361253	55.000000	1.23875e-07	
60.000000	0.000288133	60.000000	0.000340729	60.000000	0.000327932	60.000000	0.000344106	60.000000	0.000338894	60.000000	0.000340615	60.000000	1.14541e-07	
65.000000	0.000272313	65.000000	0.000322625	65.000000	0.000311604	65.000000	0.000325197	65.000000	0.000320065	65.000000	0.000322518	65.000000	1.06569e-07	
70.000000	0.000258437	70.000000	0.000306621	70.000000	0.000297125	70.000000	0.000308542	70.000000	0.000303612	70.000000	0.000306521	70.000000	9.9678e-08	
75.000000	0.000246158	75.000000	0.00029237	75.000000	0.000284144	75.000000	0.000293762	75.000000	0.000289492	75.000000	0.000292277	75.000000	9.36596e-08	
80.000000	0.00023521	80.000000	0.000279601	80.000000	0.000272446	80.000000	0.000280557	80.000000	0.000276872	80.000000	0.000279512	80.000000	8.83555e-08	
85.000000	0.000225382	85.000000	0.000268092	85.000000	0.000261857	85.000000	0.000268689	85.000000	0.000265531	85.000000	0.000268009	85.000000	8.36441e-08	
90.000000	0.000216506	90.000000	0.000257667	90.000000	0.000252226	90.000000	0.000257965	90.000000	0.000255289	90.000000	0.000257588	90.000000	7.94299e-08	
95.000000	0.000208448	95.000000	0.000248179	95.000000	0.000243455	95.000000	0.000248228	95.000000	0.000246008	95.000000	0.000248104	95.000000	7.56372e-08	
100.000000	0.000201096	100.000000	0.000239508	100.000000	0.000235408	100.000000	0.000239349	100.000000	0.000237546	100.000000	0.000239436	100.000000	7.22048e-08	
105.000000	0.000194359	105.000000	0.000231552	105.000000	0.000228  	105.000000	0.000231218	105.000000	0.000229789	105.000000	0.000231483	105.000000	6.90831e-08	
110.000000	0.000188161	110.000000	0.000224227	110.000000	0.000221153	110.000000	0.000223746	110.000000	0.000222678	110.000000	0.000224161	110.000000	6.62311e-08	
115.000000	0.000182439	115.000000	0.000217461	115.000000	0.000214826	115.000000	0.000216857	115.000000	0.0002161 	115.000000	0.000217397	115.000000	6.36148e-08	
120.000000	0.000177138	120.000000	0.000211192	120.000000	0.000208951	120.000000	0.000210485	120.000000	0.000210031	120.000000	0.000211131	120.000000	6.12059e-08	
125.000000	0.000172212	125.000000	0.000205368	125.000000	0.000203483	125.000000	0.000204573	125.000000	0.000204386	125.000000	0.000205309	125.000000	5.89801e-08	
130.000000	0.000167622	130.000000	0.000199943	130.000000	0.000198388	130.000000	0.000199076	130.000000	0.000199146	130.000000	0.000199886	130.000000	5.69172e-08	
135.000000	0.000163334	135.000000	0.000194878	135.000000	0.000193599	135.000000	0.00019395	135.000000	0.000194245	135.000000	0.000194823	135.000000	5.49997e-08	
140.000000	0.000159317	140.000000	0.000190137	140.000000	0.000189123	140.000000	0.000189159	140.000000	0.000189678	140.000000	0.000190084	140.000000	5.32124e-08	
145.000000	0.000155547	145.000000	0.000185692	145.000000	0.000184935	145.000000	0.000184672	145.000000	0.000185383	145.000000	0.000185641	145.000000	5.15424e-08	
150.000000	0.000152001	150.000000	0.000181515	150.000000	0.000180984	150.000000	0.000180462	150.000000	0.000181362	150.000000	0.000181465	150.000000	4.99783e-08	
155.000000	0.000146923	155.000000	0.000177584	155.000000	0.000177254	155.000000	0.000176503	155.000000	0.000177571	155.000000	0.000177535	155.000000	4.85102e-08	
160.000000	0.000143989	160.000000	0.000173876	160.000000	0.000173734	160.000000	0.000172773	160.000000	0.000173999	160.000000	0.000173829	160.000000	4.71295e-08	
165.000000	0.000141217	165.000000	0.000170374	165.000000	0.000170411	165.000000	0.000169255	165.000000	0.000170633	165.000000	0.000170328	165.000000	4.58284e-08	
170.000000	0.000138593	170.000000	0.000167061	170.000000	0.00016726	170.000000	0.00016593	170.000000	0.000167436	170.000000	0.000167017	170.000000	4.46001e-08	
175.000000	0.000136104	175.000000	0.000163923	175.000000	0.000164269	175.000000	0.000162783	175.000000	0.000164417	175.000000	0.000163879	175.000000	4.34387e-08	
180.000000	0.000133742	180.000000	0.000160945	180.000000	0.000161434	180.000000	0.0001598 	180.000000	0.000161553	180.000000	0.000160903	180.000000	4.23387e-08	
185.000000	0.000131496	185.000000	0.000158117	185.000000	0.000158738	185.000000	0.00015697	185.000000	0.000158826	185.000000	0.000158076	185.000000	4.12953e-08	
190.000000	0.000129358	190.000000	0.000155427	190.000000	0.000156166	190.000000	0.00015428	190.000000	0.000156239	190.000000	0.000155386	190.000000	4.03042e-08	
195.000000	0.00012732	195.000000	0.000152865	195.000000	0.000153716	195.000000	0.00015172	195.000000	0.000153776	195.000000	0.000152826	195.000000	3.93615e-08	
200.000000	0.000125376	200.000000	0.000150423	200.000000	0.000151383	200.000000	0.000149283	200.000000	0.000151421	200.000000	0.000150384	200.000000	3.84638e-08	
210.000000	0.000121742	210.000000	0.000145865	210.000000	0.00014703	210.000000	0.000144739	210.000000	0.000147043	210.000000	0.000145828	210.000000	3.67904e-08	
220.000000	0.000118412	220.000000	0.000141698	220.000000	0.000143037	220.000000	0.00014059	220.000000	0.000143029	220.000000	0.000141662	220.000000	3.52622e-08	
230.000000	0.000115349	230.000000	0.000137873	230.000000	0.00013937	230.000000	0.000136788	230.000000	0.000139352	230.000000	0.000137839	230.000000	3.38608e-08	
240.000000	0.000112523	240.000000	0.00013435	240.000000	0.000135997	240.000000	0.000133292	240.000000	0.000135961	240.000000	0.000134318	240.000000	3.25707e-08	
250.000000	0.000109906	250.000000	0.000131096	250.000000	0.000132873	250.000000	0.000130067	250.000000	0.000132831	250.000000	0.000131065	250.000000	3.13792e-08	
260.000000	0.000107477	260.000000	0.000128081	260.000000	0.000129974	260.000000	0.000127083	260.000000	0.000129927	260.000000	0.000128051	260.000000	3.0275e-08	
270.000000	0.000105215	270.000000	0.000125281	270.000000	0.000127285	270.000000	0.000124314	270.000000	0.000127234	270.000000	0.000125251	270.000000	2.9249e-08	
280.000000	0.000103105	280.000000	0.000122673	280.000000	0.000124781	280.000000	0.000121739	280.000000	0.00012472	280.000000	0.000122644	280.000000	2.82929e-08	
290.000000	0.000101131	290.000000	0.000120239	290.000000	0.000122436	290.000000	0.000119339	290.000000	0.00012238	290.000000	0.000120211	290.000000	2.73997e-08	
300.000000	9.92802e-05	300.000000	0.000117962	300.000000	0.000120242	300.000000	0.000117096	300.000000	0.000120183	300.000000	0.000117935	300.000000	2.65634e-08	
310.000000	9.75422e-05	310.000000	0.000115828	310.000000	0.000118189	310.000000	0.000114997	310.000000	0.00011813	310.000000	0.000115802	310.000000	2.57786e-08	
320.000000	9.59069e-05	320.000000	0.000113825	320.000000	0.000116261	320.000000	0.000113028	320.000000	0.000116201	320.000000	0.000113799	320.000000	2.50406e-08	
330.000000	9.43656e-05	330.000000	0.00011194	330.000000	0.000114444	330.000000	0.000111177	330.000000	0.000114385	330.000000	0.000111915	330.000000	2.43453e-08	
340.000000	9.29104e-05	340.000000	0.000110164	340.000000	0.000112732	340.000000	0.000109436	340.000000	0.000112679	340.000000	0.00011014	340.000000	2.36891e-08	
350.000000	9.15344e-05	350.000000	0.000108488	350.000000	0.000111121	350.000000	0.000107795	350.000000	0.000111063	350.000000	0.000108465	350.000000	2.30687e-08	
360.000000	9.02315e-05	360.000000	0.000106904	360.000000	0.000109597	360.000000	0.000106245	360.000000	0.000109539	360.000000	0.000106882	360.000000	2.24812e-08	
370.000000	8.89961e-05	370.000000	0.000105406	370.000000	0.000108152	370.000000	0.00010478	370.000000	0.000108099	370.000000	0.000105384	370.000000	2.19241e-08	
380.000000	8.78233e-05	380.000000	0.000103985	380.000000	0.000106785	380.000000	0.000103393	380.000000	0.000106729	380.000000	0.000103964	380.000000	2.13949e-08	
390.000000	8.67084e-05	390.000000	0.000102638	390.000000	0.000105487	390.000000	0.000102078	390.000000	0.000105433	390.000000	0.000102617	390.000000	2.08917e-08	
400.000000	8.56475e-05	400.000000	0.000101358	400.000000	0.00010425	400.000000	0.00010083	400.000000	0.000104203	400.000000	0.000101337	400.000000	2.04126e-08	
410.000000	8.46369e-05	410.000000	0.000100141	410.000000	0.000103075	410.000000	9.9645e-05	410.000000	0.00010303	410.000000	0.000100121	410.000000	1.99557e-08	
420.000000	8.36731e-05	420.000000	9.89817e-05	420.000000	0.000101961	420.000000	9.85177e-05	420.000000	0.000101915	420.000000	9.89622e-05	420.000000	1.95197e-08	
430.000000	8.27531e-05	430.000000	9.78775e-05	430.000000	0.000100901	430.000000	9.74444e-05	430.000000	0.000100854	430.000000	9.78584e-05	430.000000	1.9103e-08	
440.000000	8.18741e-05	440.000000	9.68242e-05	440.000000	9.98868e-05	440.000000	9.64216e-05	440.000000	9.9841e-05	440.000000	9.68055e-05	440.000000	1.87045e-08	
450.000000	8.10336e-05	450.000000	9.58186e-05	450.000000	9.89169e-05	450.000000	9.54459e-05	450.000000	9.88727e-05	450.000000	9.58003e-05	450.000000	1.83228e-08	
460.000000	8.02292e-05	460.000000	9.48577e-05	460.000000	9.79906e-05	460.000000	9.45144e-05	460.000000	9.79493e-05	460.000000	9.48397e-05	460.000000	1.79571e-08	
470.000000	7.94587e-05	470.000000	9.39388e-05	470.000000	9.7106e-05	470.000000	9.36243e-05	470.000000	9.7068e-05	470.000000	9.39212e-05	470.000000	1.76062e-08	
480.000000	7.87201e-05	480.000000	9.30593e-05	480.000000	9.62605e-05	480.000000	9.27732e-05	480.000000	9.62212e-05	480.000000	9.3042e-05	480.000000	1.72693e-08	
490.000000	7.80117e-05	490.000000	9.22169e-05	490.000000	9.54512e-05	490.000000	9.19585e-05	490.000000	9.54109e-05	490.000000	9.21999e-05	490.000000	1.69455e-08	
500.000000	7.73316e-05	500.000000	9.14095e-05	500.000000	9.46744e-05	500.000000	9.11783e-05	500.000000	9.46357e-05	500.000000	9.13928e-05	500.000000	1.66341e-08	
520.000000	7.60506e-05	520.000000	8.98916e-05	520.000000	9.32094e-05	520.000000	8.97132e-05	520.000000	9.31786e-05	520.000000	8.98756e-05	520.000000	1.60457e-08	
540.000000	7.48659e-05	540.000000	8.84917e-05	540.000000	9.18634e-05	540.000000	8.83639e-05	540.000000	9.18341e-05	540.000000	8.84762e-05	540.000000	1.54991e-08	
560.000000	7.37677e-05	560.000000	8.71974e-05	560.000000	9.06225e-05	560.000000	8.71179e-05	560.000000	9.0593e-05	560.000000	8.71824e-05	560.000000	1.49898e-08	
580.000000	7.27476e-05	580.000000	8.59981e-05	580.000000	8.94679e-05	580.000000	8.59648e-05	580.000000	8.94409e-05	580.000000	8.59836e-05	580.000000	1.45141e-08	
600.000000	7.17984e-05	600.000000	8.48846e-05	600.000000	8.8396e-05	600.000000	8.48955e-05	600.000000	8.83747e-05	600.000000	8.48705e-05	600.000000	1.40688e-08	
620.000000	7.09135e-05	620.000000	8.38489e-05	620.000000	8.74005e-05	620.000000	8.39018e-05	620.000000	8.73793e-05	620.000000	8.38353e-05	620.000000	1.3651e-08	
640.000000	7.00873e-05	640.000000	8.28839e-05	640.000000	8.64733e-05	640.000000	8.29767e-05	640.000000	8.64541e-05	640.000000	8.28707e-05	640.000000	1.32582e-08	
660.000000	6.93147e-05	660.000000	8.19834e-05	660.000000	8.5608e-05	660.000000	8.21141e-05	660.000000	8.55905e-05	660.000000	8.19705e-05	660.000000	1.28882e-08	
680.000000	6.85914e-05	680.000000	8.11418e-05	680.000000	8.47996e-05	680.000000	8.13084e-05	680.000000	8.47819e-05	680.000000	8.11293e-05	680.000000	1.25391e-08	
700.000000	6.79133e-05	700.000000	8.03543e-05	700.000000	8.40437e-05	700.000000	8.05548e-05	700.000000	8.40271e-05	700.000000	8.03421e-05	700.000000	1.2209e-08	
720.000000	6.72769e-05	720.000000	7.96163e-05	720.000000	8.33358e-05	720.000000	7.98489e-05	720.000000	8.33181e-05	720.000000	7.96045e-05	720.000000	1.18965e-08	
740.000000	6.66791e-05	740.000000	7.89242e-05	740.000000	8.26699e-05	740.000000	7.91868e-05	740.000000	8.26526e-05	740.000000	7.89126e-05	740.000000	1.16002e-08	
760.000000	6.61169e-05	760.000000	7.82742e-05	760.000000	8.20418e-05	760.000000	7.85651e-05	760.000000	8.20288e-05	760.000000	7.82629e-05	760.000000	1.13189e-08	
780.000000	6.55878e-05	780.000000	7.76633e-05	780.000000	8.14512e-05	780.000000	7.79807e-05	780.000000	8.14404e-05	780.000000	7.76522e-05	780.000000	1.10513e-08	
800.000000	6.50895e-05	800.000000	7.70886e-05	800.000000	8.08975e-05	800.000000	7.74306e-05	800.000000	8.08863e-05	800.000000	7.70778e-05	800.000000	1.07966e-08	
820.000000	6.46198e-05	820.000000	7.65475e-05	820.000000	8.03771e-05	820.000000	7.69124e-05	820.000000	8.03651e-05	820.000000	7.65369e-05	820.000000	1.05538e-08	
840.000000	6.41769e-05	840.000000	7.60377e-05	840.000000	7.98854e-05	840.000000	7.64238e-05	840.000000	7.98729e-05	840.000000	7.60273e-05	840.000000	1.03221e-08	
860.000000	6.37589e-05	860.000000	7.5557e-05	860.000000	7.94195e-05	860.000000	7.59627e-05	860.000000	7.94072e-05	860.000000	7.55469e-05	860.000000	1.01007e-08	
880.000000	6.33644e-05	880.000000	7.51036e-05	880.000000	7.89783e-05	880.000000	7.55271e-05	880.000000	7.89679e-05	880.000000	7.50937e-05	880.000000	9.8889e-09	
900.000000	6.29917e-05	900.000000	7.46755e-05	900.000000	7.8561e-05	900.000000	7.51153e-05	900.000000	7.85534e-05	900.000000	7.46659e-05	900.000000	9.68616e-09	
920.000000	6.26396e-05	920.000000	7.42714e-05	920.000000	7.81665e-05	920.000000	7.47258e-05	920.000000	7.81589e-05	920.000000	7.42619e-05	920.000000	9.49187e-09	
940.000000	6.23069e-05	940.000000	7.38895e-05	940.000000	7.77931e-05	940.000000	7.43571e-05	940.000000	7.77859e-05	940.000000	7.38802e-05	940.000000	9.3055e-09	
960.000000	6.19924e-05	960.000000	7.35286e-05	960.000000	7.74394e-05	960.000000	7.40077e-05	960.000000	7.7433e-05	960.000000	7.35195e-05	960.000000	9.12658e-09	
980.000000	6.16951e-05	980.000000	7.31875e-05	980.000000	7.71039e-05	980.000000	7.36766e-05	980.000000	7.70988e-05	980.000000	7.31785e-05	980.000000	8.95466e-09	
1000.000000	6.1414e-05	1000.000000	7.28648e-05	1000.000000	7.67856e-05	1000.000000	7.33626e-05	1000.000000	7.678e-05 	1000.000000	7.28561e-05	1000.000000	8.78933e-09	
1020.000000	6.11482e-05	1020.000000	7.25597e-05	1020.000000	7.64835e-05	1020.000000	7.30647e-05	1020.000000	7.64778e-05	1020.000000	7.25511e-05	1020.000000	8.63022e-09	
1040.000000	6.08969e-05	1040.000000	7.22711e-05	1040.000000	7.61965e-05	1040.000000	7.27818e-05	1040.000000	7.61913e-05	1040.000000	7.22626e-05	1040.000000	8.47697e-09	
1060.000000	6.06593e-05	1060.000000	7.19981e-05	1060.000000	7.59238e-05	1060.000000	7.25131e-05	1060.000000	7.59197e-05	1060.000000	7.19898e-05	1060.000000	8.32928e-09	
1080.000000	6.04347e-05	1080.000000	7.17398e-05	1080.000000	7.56647e-05	1080.000000	7.22578e-05	1080.000000	7.56597e-05	1080.000000	7.17316e-05	1080.000000	8.18682e-09	
1100.000000	6.02225e-05	1100.000000	7.14955e-05	1100.000000	7.54183e-05	1100.000000	7.20151e-05	1100.000000	7.5413e-05	1100.000000	7.14875e-05	1100.000000	8.04934e-09	
1120.000000	6.0022e-05	1120.000000	7.12644e-05	1120.000000	7.51842e-05	1120.000000	7.17844e-05	1120.000000	7.51787e-05	1120.000000	7.12565e-05	1120.000000	7.91656e-09	
1140.000000	5.98326e-05	1140.000000	7.10458e-05	1140.000000	7.49614e-05	1140.000000	7.15648e-05	1140.000000	7.49562e-05	1140.000000	7.10381e-05	1140.000000	7.78825e-09	
1160.000000	5.96539e-05	1160.000000	7.08392e-05	1160.000000	7.47493e-05	1160.000000	7.13559e-05	1160.000000	7.47438e-05	1160.000000	7.08315e-05	1160.000000	7.66419e-09	
1180.000000	5.94853e-05	1180.000000	7.06438e-05	1180.000000	7.45471e-05	1180.000000	7.11571e-05	1180.000000	7.4541e-05	1180.000000	7.06363e-05	1180.000000	7.54416e-09	
1200.000000	5.93263e-05	1200.000000	7.04593e-05	1200.000000	7.43543e-05	1200.000000	7.09678e-05	1200.000000	7.43481e-05	1200.000000	7.04518e-05	1200.000000	7.42796e-09	
1220.000000	5.91766e-05	1220.000000	7.02849e-05	1220.000000	7.41703e-05	1220.000000	7.07875e-05	1220.000000	7.41648e-05	1220.000000	7.02776e-05	1220.000000	7.31542e-09	
1240.000000	5.90356e-05	1240.000000	7.01203e-05	1240.000000	7.39946e-05	1240.000000	7.06158e-05	1240.000000	7.39905e-05	1240.000000	7.01131e-05	1240.000000	7.20637e-09	
1260.000000	5.8903e-05	1260.000000	6.9965e-05	1260.000000	7.38271e-05	1260.000000	7.04522e-05	1260.000000	7.38235e-05	1260.000000	6.99579e-05	1260.000000	7.10063e-09	
1280.000000	5.87785e-05	1280.000000	6.98186e-05	1280.000000	7.36674e-05	1280.000000	7.02963e-05	1280.000000	7.36641e-05	1280.000000	6.98116e-05	1280.000000	6.99807e-09	
1300.000000	5.86616e-05	1300.000000	6.96806e-05	1300.000000	7.35152e-05	1300.000000	7.01478e-05	1300.000000	7.35124e-05	1300.000000	6.96737e-05	1300.000000	6.89853e-09	
1320.000000	5.85521e-05	1320.000000	6.95507e-05	1320.000000	7.33704e-05	1320.000000	7.00063e-05	1320.000000	7.33681e-05	1320.000000	6.95439e-05	1320.000000	6.80189e-09	
1340.000000	5.84497e-05	1340.000000	6.94285e-05	1340.000000	7.32326e-05	1340.000000	6.98714e-05	1340.000000	7.32308e-05	1340.000000	6.94218e-05	1340.000000	6.70801e-09	
1360.000000	5.83541e-05	1360.000000	6.93138e-05	1360.000000	7.31013e-05	1360.000000	6.97428e-05	1360.000000	7.30994e-05	1360.000000	6.93071e-05	1360.000000	6.61679e-09	
1380.000000	5.82649e-05	1380.000000	6.92061e-05	1380.000000	7.29761e-05	1380.000000	6.96203e-05	1380.000000	7.29736e-05	1380.000000	6.91996e-05	1380.000000	6.5281e-09	
1400.000000	5.8182e-05	1400.000000	6.91052e-05	1400.000000	7.28568e-05	1400.000000	6.95035e-05	1400.000000	7.28539e-05	1400.000000	6.90987e-05	1400.000000	6.44185e-09	
1420.000000	5.81051e-05	1420.000000	6.90108e-05	1420.000000	7.27429e-05	1420.000000	6.93922e-05	1420.000000	7.274e-05 	1420.000000	6.90044e-05	1420.000000	6.35792e-09	
1440.000000	5.80339e-05	1440.000000	6.89226e-05	1440.000000	7.26342e-05	1440.000000	6.92861e-05	1440.000000	7.26315e-05	1440.000000	6.89163e-05	1440.000000	6.27623e-09	
1460.000000	5.79683e-05	1460.000000	6.88404e-05	1460.000000	7.25304e-05	1460.000000	6.9185e-05	1460.000000	7.25283e-05	1460.000000	6.88342e-05	1460.000000	6.1967e-09	
1480.000000	5.7908e-05	1480.000000	6.87639e-05	1480.000000	7.24312e-05	1480.000000	6.90887e-05	1480.000000	7.24293e-05	1480.000000	6.87578e-05	1480.000000	6.11922e-09	
1500.000000	5.78529e-05	1500.000000	6.8693e-05	1500.000000	7.23366e-05	1500.000000	6.89969e-05	1500.000000	7.23347e-05	1500.000000	6.86869e-05	1500.000000	6.04373e-09	
1520.000000	5.78028e-05	1520.000000	6.86273e-05	1520.000000	7.22463e-05	1520.000000	6.89095e-05	1520.000000	7.22448e-05	1520.000000	6.86213e-05	1520.000000	5.97014e-09	
1540.000000	5.77574e-05	1540.000000	6.85667e-05	1540.000000	7.21602e-05	1540.000000	6.88263e-05	1540.000000	7.21593e-05	1540.000000	6.85608e-05	1540.000000	5.89839e-09	
1560.000000	5.77166e-05	1560.000000	6.85111e-05	1560.000000	7.20782e-05	1560.000000	6.87471e-05	1560.000000	7.2078e-05	1560.000000	6.85053e-05	1560.000000	5.82841e-09	
1580.000000	5.76803e-05	1580.000000	6.84601e-05	1580.000000	7.2e-05   	1580.000000	6.86717e-05	1580.000000	7.20007e-05	1580.000000	6.84544e-05	1580.000000	5.76012e-09	
1600.000000	5.76483e-05	1600.000000	6.84137e-05	1600.000000	7.19256e-05	1600.000000	6.86e-05  	1600.000000	7.19267e-05	1600.000000	6.84081e-05	1600.000000	5.69348e-09	
1620.000000	5.76204e-05	1620.000000	6.83717e-05	1620.000000	7.18548e-05	1620.000000	6.85317e-05	1620.000000	7.1856e-05	1620.000000	6.83661e-05	1620.000000	5.62841e-09	
1640.000000	5.75966e-05	1640.000000	6.83339e-05	1640.000000	7.17875e-05	1640.000000	6.84669e-05	1640.000000	7.17888e-05	1640.000000	6.83284e-05	1640.000000	5.56487e-09	
1660.000000	5.75766e-05	1660.000000	6.83002e-05	1660.000000	7.17235e-05	1660.000000	6.84052e-05	1660.000000	7.17251e-05	1660.000000	6.82947e-05	1660.000000	5.5028e-09	
1680.000000	5.75604e-05	1680.000000	6.82704e-05	1680.000000	7.16627e-05	1680.000000	6.83467e-05	1680.000000	7.16646e-05	1680.000000	6.82649e-05	1680.000000	5.44215e-09	
1700.000000	5.75478e-05	1700.000000	6.82443e-05	1700.000000	7.1605e-05	1700.000000	6.82911e-05	1700.000000	7.16072e-05	1700.000000	6.82389e-05	1700.000000	5.38287e-09	
1750.000000	5.75316e-05	1750.000000	6.8195e-05	1750.000000	7.14734e-05	1750.000000	6.81644e-05	1750.000000	7.14756e-05	1750.000000	6.81897e-05	1750.000000	5.24036e-09	
1800.000000	5.75356e-05	1800.000000	6.81666e-05	1800.000000	7.13587e-05	1800.000000	6.80538e-05	1800.000000	7.13602e-05	1800.000000	6.81615e-05	1800.000000	5.10545e-09	
1850.000000	5.75586e-05	1850.000000	6.81575e-05	1850.000000	7.12591e-05	1850.000000	6.79579e-05	1850.000000	7.12602e-05	1850.000000	6.81525e-05	1850.000000	4.97756e-09	
1900.000000	5.7599e-05	1900.000000	6.81661e-05	1900.000000	7.11732e-05	1900.000000	6.78753e-05	1900.000000	7.11732e-05	1900.000000	6.81613e-05	1900.000000	4.85613e-09	
1950.000000	5.76557e-05	1950.000000	6.81912e-05	1950.000000	7.10994e-05	1950.000000	6.78047e-05	1950.000000	7.10983e-05	1950.000000	6.81865e-05	1950.000000	4.74069e-09	
2000.000000	5.77277e-05	2000.000000	6.82315e-05	2000.000000	7.10364e-05	2000.000000	6.77451e-05	2000.000000	7.10352e-05	2000.000000	6.82268e-05	2000.000000	4.6308e-09	
2100.000000	5.79133e-05	2100.000000	6.83532e-05	2100.000000	7.09389e-05	2100.000000	6.76552e-05	2100.000000	7.09377e-05	2100.000000	6.83488e-05	2100.000000	4.42612e-09	
2200.000000	5.81489e-05	2200.000000	6.85237e-05	2200.000000	7.08745e-05	2200.000000	6.7599e-05	2200.000000	7.08753e-05	2200.000000	6.85195e-05	2200.000000	4.23934e-09	
2300.000000	5.84288e-05	2300.000000	6.87365e-05	2300.000000	7.08388e-05	2300.000000	6.7571e-05	2300.000000	7.08405e-05	2300.000000	6.87325e-05	2300.000000	4.06819e-09	
2400.000000	5.87481e-05	2400.000000	6.89864e-05	2400.000000	7.0828e-05	2400.000000	6.75667e-05	2400.000000	7.08309e-05	2400.000000	6.89825e-05	2400.000000	3.91076e-09	
2500.000000	5.91028e-05	2500.000000	6.92689e-05	2500.000000	7.08385e-05	2500.000000	6.75827e-05	2500.000000	7.08411e-05	2500.000000	6.92652e-05	2500.000000	3.76546e-09	
2600.000000	5.94893e-05	2600.000000	6.95802e-05	2600.000000	7.0867e-05	2600.000000	6.76158e-05	2600.000000	7.08695e-05	2600.000000	6.95766e-05	2600.000000	3.63091e-09	
2700.000000	5.99048e-05	2700.000000	6.9917e-05	2700.000000	7.09103e-05	2700.000000	6.76634e-05	2700.000000	7.09121e-05	2700.000000	6.99135e-05	2700.000000	3.50595e-09	
2800.000000	6.03465e-05	2800.000000	7.02766e-05	2800.000000	7.09662e-05	2800.000000	6.77234e-05	2800.000000	7.09682e-05	2800.000000	7.02732e-05	2800.000000	3.38959e-09	
2900.000000	6.08124e-05	2900.000000	7.06566e-05	2900.000000	7.10326e-05	2900.000000	6.7794e-05	2900.000000	7.10342e-05	2900.000000	7.06533e-05	2900.000000	3.28095e-09	
3000.000000	6.13003e-05	3000.000000	7.10549e-05	3000.000000	7.11081e-05	3000.000000	6.78736e-05	3000.000000	7.11101e-05	3000.000000	7.10517e-05	3000.000000	3.17929e-09	
3200.000000	6.23361e-05	3200.000000	7.18994e-05	3200.000000	7.12812e-05	3200.000000	6.80549e-05	3200.000000	7.1284e-05	3200.000000	7.18964e-05	3200.000000	2.99432e-09	
3400.000000	6.34424e-05	3400.000000	7.27981e-05	3400.000000	7.14777e-05	3400.000000	6.82589e-05	3400.000000	7.14815e-05	3400.000000	7.27952e-05	3400.000000	2.83034e-09	
3600.000000	6.46104e-05	3600.000000	7.37416e-05	3600.000000	7.16914e-05	3600.000000	6.84793e-05	3600.000000	7.1696e-05	3600.000000	7.37389e-05	3600.000000	2.68391e-09	
3800.000000	6.58329e-05	3800.000000	7.47226e-05	3800.000000	7.19177e-05	3800.000000	6.87113e-05	3800.000000	7.19224e-05	3800.000000	7.472e-05 	3800.000000	2.55235e-09	
4000.000000	6.71044e-05	4000.000000	7.57352e-05	4000.000000	7.21529e-05	4000.000000	6.89515e-05	4000.000000	7.21573e-05	4000.000000	7.57327e-05	4000.000000	2.43347e-09	
4200.000000	6.842e-05 	4200.000000	7.67746e-05	4200.000000	7.23938e-05	4200.000000	6.91971e-05	4200.000000	7.23982e-05	4200.000000	7.67723e-05	4200.000000	2.3255e-09	
4400.000000	6.97759e-05	4400.000000	7.78369e-05	4400.000000	7.26382e-05	4400.000000	6.94461e-05	4400.000000	7.26422e-05	4400.000000	7.78347e-05	4400.000000	2.227e-09 	
4600.000000	7.1169e-05	4600.000000	7.89189e-05	4600.000000	7.28844e-05	4600.000000	6.96967e-05	4600.000000	7.28886e-05	4600.000000	7.89168e-05	4600.000000	2.13676e-09	
4800.000000	7.25965e-05	4800.000000	8.00179e-05	4800.000000	7.31312e-05	4800.000000	6.99478e-05	4800.000000	7.31353e-05	4800.000000	8.00159e-05	4800.000000	2.05377e-09	
5000.000000	7.40562e-05	5000.000000	8.11317e-05	5000.000000	7.33775e-05	5000.000000	7.01985e-05	5000.000000	7.33818e-05	5000.000000	8.11297e-05	5000.000000	1.97718e-09	
5250.000000	7.59232e-05	5250.000000	8.25418e-05	5250.000000	7.36837e-05	5250.000000	7.051e-05 	5250.000000	7.36882e-05	5250.000000	8.254e-05 	5250.000000	1.88936e-09	
5500.000000	7.78343e-05	5500.000000	8.3969e-05	5500.000000	7.3987e-05	5500.000000	7.08184e-05	5500.000000	7.39918e-05	5500.000000	8.39672e-05	5500.000000	1.80925e-09	
6000.000000	8.17786e-05	6000.000000	8.68649e-05	6000.000000	7.45826e-05	6000.000000	7.14235e-05	6000.000000	7.45872e-05	6000.000000	8.68632e-05	6000.000000	1.66836e-09	
6500.000000	8.58727e-05	6500.000000	8.98036e-05	6500.000000	7.51611e-05	6500.000000	7.20099e-05	6500.000000	7.51642e-05	6500.000000	8.98021e-05	6500.000000	1.54841e-09	
7000.000000	9.01047e-05	7000.000000	9.27742e-05	7000.000000	7.57155e-05	7000.000000	7.25758e-05	7000.000000	7.57209e-05	7000.000000	9.27728e-05	7000.000000	1.44502e-09	
7500.000000	9.44659e-05	7500.000000	9.57687e-05	7500.000000	7.62514e-05	7500.000000	7.3121e-05	7500.000000	7.62567e-05	7500.000000	9.57674e-05	7500.000000	1.35496e-09	
8000.000000	9.89496e-05	8000.000000	9.87812e-05	8000.000000	7.67667e-05	8000.000000	7.36456e-05	8000.000000	7.67719e-05	8000.000000	9.878e-05 	8000.000000	1.27577e-09	
8500.000000	0.000103551	8500.000000	0.000101807	8500.000000	7.72613e-05	8500.000000	7.41503e-05	8500.000000	7.72668e-05	8500.000000	0.000101806	8500.000000	1.20558e-09	
9000.000000	0.000108265	9000.000000	0.000104844	9000.000000	7.77365e-05	9000.000000	7.46359e-05	9000.000000	7.77425e-05	9000.000000	0.000104842	9000.000000	1.14293e-09	
9500.000000	0.00011309	9500.000000	0.000107887	9500.000000	7.8194e-05	9500.000000	7.51033e-05	9500.000000	7.82001e-05	9500.000000	0.000107886	9500.000000	1.08666e-09	
10000.000000	0.000118023	10000.000000	0.000110937	10000.000000	7.86347e-05	10000.000000	7.55537e-05	10000.000000	7.864e-05 	10000.000000	0.000110936	10000.000000	1.03582e-09	
11000.000000	0.000128205	11000.000000	0.000117047	11000.000000	7.94667e-05	11000.000000	7.64067e-05	11000.000000	7.94717e-05	11000.000000	0.000117046	11000.000000	9.47557e-10	
12000.000000	0.000138798	12000.000000	0.000123163	12000.000000	8.02383e-05	12000.000000	7.72021e-05	12000.000000	8.02447e-05	12000.000000	0.000123162	12000.000000	8.73534e-10	
13000.000000	0.000149796	13000.000000	0.00012928	13000.000000	8.09585e-05	13000.000000	7.79464e-05	13000.000000	8.09653e-05	13000.000000	0.00012928	13000.000000	8.10534e-10	
14000.000000	0.000161192	14000.000000	0.000135395	14000.000000	8.16348e-05	14000.000000	7.86451e-05	14000.000000	8.16393e-05	14000.000000	0.000135394	14000.000000	7.56245e-10	
15000.000000	0.000172983	15000.000000	0.000141503	15000.000000	8.22707e-05	15000.000000	7.93033e-05	15000.000000	8.22714e-05	15000.000000	0.000141503	15000.000000	7.08963e-10	
16000.000000	0.000185167	16000.000000	0.000147605	16000.000000	8.28672e-05	16000.000000	7.9925e-05	16000.000000	8.2866e-05	16000.000000	0.000147604	16000.000000	6.67401e-10	
17000.000000	0.000197742	17000.000000	0.000153697	17000.000000	8.34276e-05	17000.000000	8.05139e-05	17000.000000	8.34269e-05	17000.000000	0.000153697	17000.000000	6.30572e-10	
18000.000000	0.000210709	18000.000000	0.000159781	18000.000000	8.39559e-05	18000.000000	8.10731e-05	18000.000000	8.39571e-05	18000.000000	0.00015978	18000.000000	5.97704e-10	
19000.000000	0.000224066	19000.000000	0.000165854	19000.000000	8.44557e-05	19000.000000	8.16054e-05	19000.000000	8.44589e-05	19000.000000	0.000165854	19000.000000	5.68185e-10	
20000.000000	0.000237813	20000.000000	0.000171918	20000.000000	8.49306e-05	20000.000000	8.21132e-05	20000.000000	8.49355e-05	20000.000000	0.000171917	20000.000000	5.41523e-10	
21000.000000	0.000251952	21000.000000	0.000177971	21000.000000	8.53834e-05	21000.000000	8.25986e-05	21000.000000	8.53888e-05	21000.000000	0.000177971	21000.000000	5.17319e-10	
22000.000000	0.000266484	22000.000000	0.000184015	22000.000000	8.5816e-05	22000.000000	8.30634e-05	22000.000000	8.58202e-05	22000.000000	0.000184014	22000.000000	4.95245e-10	
23000.000000	0.000281409	23000.000000	0.000190048	23000.000000	8.62273e-05	23000.000000	8.35092e-05	23000.000000	8.62323e-05	23000.000000	0.000190047	23000.000000	4.7503e-10	
24000.000000	0.000296728	24000.000000	0.000196071	24000.000000	8.66203e-05	24000.000000	8.39375e-05	24000.000000	8.66252e-05	24000.000000	0.00019607	24000.000000	4.56445e-10	
25000.000000	0.000312443	25000.000000	0.000202084	25000.000000	8.69979e-05	25000.000000	8.43497e-05	25000.000000	8.70019e-05	25000.000000	0.000202083	25000.000000	4.393e-10 	
26000.000000	0.000328555	26000.000000	0.000208087	26000.000000	8.73591e-05	26000.000000	8.47468e-05	26000.000000	8.73619e-05	26000.000000	0.000208087	26000.000000	4.23431e-10	
27000.000000	0.000345066	27000.000000	0.000214081	27000.000000	8.7704e-05	27000.000000	8.51299e-05	27000.000000	8.77079e-05	27000.000000	0.000214081	27000.000000	4.08701e-10	
28000.000000	0.000361978	28000.000000	0.000220065	28000.000000	8.80349e-05	28000.000000	8.54999e-05	28000.000000	8.80393e-05	28000.000000	0.000220065	28000.000000	3.9499e-10	
29000.000000	0.000379291	29000.000000	0.000226041	29000.000000	8.83538e-05	29000.000000	8.58578e-05	29000.000000	8.83584e-05	29000.000000	0.00022604	29000.000000	3.82194e-10	
30000.000000	0.000397009	30000.000000	0.000232007	30000.000000	8.86614e-05	30000.000000	8.62042e-05	30000.000000	8.86649e-05	30000.000000	0.000232007	30000.000000	3.70224e-10	
32000.000000	0.000433663	32000.000000	0.000243913	32000.000000	8.92431e-05	32000.000000	8.68654e-05	32000.000000	8.92449e-05	32000.000000	0.000243913	32000.000000	3.48459e-10	
34000.000000	0.000471956	34000.000000	0.000255786	34000.000000	8.97827e-05	34000.000000	8.74885e-05	34000.000000	8.97839e-05	34000.000000	0.000255786	34000.000000	3.29176e-10	
36000.000000	0.000511904	36000.000000	0.000267627	36000.000000	9.02839e-05	36000.000000	8.80776e-05	36000.000000	9.02865e-05	36000.000000	0.000267626	36000.000000	3.11971e-10	
38000.000000	0.000553523	38000.000000	0.000279437	38000.000000	9.07513e-05	38000.000000	8.86362e-05	38000.000000	9.0757e-05	38000.000000	0.000279436	38000.000000	2.9652e-10	
40000.000000	0.000596829	40000.000000	0.000291217	40000.000000	9.11896e-05	40000.000000	8.91673e-05	40000.000000	9.11978e-05	40000.000000	0.000291217	40000.000000	2.82568e-10	
42000.000000	0.000641842	42000.000000	0.00030297	42000.000000	9.16027e-05	42000.000000	8.96734e-05	42000.000000	9.16118e-05	42000.000000	0.00030297	42000.000000	2.69904e-10	
44000.000000	0.000688577	44000.000000	0.000314696	44000.000000	9.1994e-05	44000.000000	9.01568e-05	44000.000000	9.20023e-05	44000.000000	0.000314695	44000.000000	2.58356e-10	
46000.000000	0.000737054	46000.000000	0.000326396	46000.000000	9.23668e-05	46000.000000	9.06194e-05	46000.000000	9.23696e-05	46000.000000	0.000326395	46000.000000	2.47782e-10	
48000.000000	0.00078729	48000.000000	0.000338071	48000.000000	9.27216e-05	48000.000000	9.10629e-05	48000.000000	9.27176e-05	48000.000000	0.00033807	48000.000000	2.38061e-10	
50000.000000	0.000839304	50000.000000	0.000349722	50000.000000	9.30567e-05	50000.000000	9.14888e-05	50000.000000	9.30463e-05	50000.000000	0.000349722	50000.000000	2.29095e-10	
