! 121Sn energy loss (dE/dX) in He
! apply ZOOM for details
Energy (MeV/u)1	0 - [He-base] F.Hubert et al, AD&ND Tables 46(1990)1	Energy (MeV/u)2	1 - [H -base] J.F.Ziegler et al,Pergamon Press,NY(low energy)	Energy (MeV/u)3	2 - ATIMA 1.2 LS-theory (recommended for high energy)	Energy (MeV/u)4	3 - ATIMA 1.2 without LS-correction	Energy (MeV/u)5	4 - ATIMA 1.4 H.Weick, improved mean charge formula for HI	Energy (MeV/u)6	5 - electrical component of [1] - J.F.Ziegler et al	Energy (MeV/u)7	6 - nuclear component of [1] - J.F.Ziegler et al	
0.001000	0.000230101	0.001000	0.000281009	0.001000	0.000243615	0.001000	0.000243615	0.001000	0.000243624	0.001000	6.60991e-05	0.001000	0.00021491	
0.002000	0.000237845	0.002000	0.000290184	0.002000	0.000245055	0.002000	0.000245055	0.002000	0.000245064	0.002000	8.572e-05 	0.002000	0.000204464	
0.005000	0.000235994	0.005000	0.000286651	0.005000	0.000229961	0.005000	0.000229961	0.005000	0.000229967	0.005000	0.000120867	0.005000	0.000165784	
0.008000	0.000234539	0.008000	0.000283716	0.008000	0.00022073	0.008000	0.00022073	0.008000	0.000220734	0.008000	0.000144163	0.008000	0.000139553	
0.010000	0.00023492	0.010000	0.000283513	0.010000	0.000217525	0.010000	0.000217525	0.010000	0.000217529	0.010000	0.000156746	0.010000	0.000126767	
0.015000	0.000238651	0.015000	0.000286676	0.015000	0.000215345	0.015000	0.000215345	0.015000	0.000215348	0.015000	0.000182486	0.015000	0.00010419	
0.020000	0.000244375	0.020000	0.000292551	0.020000	0.000217626	0.020000	0.000217626	0.020000	0.000217629	0.020000	0.000203274	0.020000	8.9277e-05	
0.025000	0.000250904	0.025000	0.000299591	0.025000	0.000222074	0.025000	0.000222074	0.025000	0.000222076	0.025000	0.000221016	0.025000	7.85757e-05	
0.030000	0.000257726	0.030000	0.000307117	0.030000	0.000227656	0.030000	0.000227656	0.030000	0.000227658	0.030000	0.000236655	0.030000	7.04616e-05	
0.035000	0.000264602	0.035000	0.000314802	0.035000	0.000233852	0.035000	0.000233852	0.035000	0.000233854	0.035000	0.000250739	0.035000	6.40632e-05	
0.040000	0.000271414	0.040000	0.000322481	0.040000	0.000240379	0.040000	0.000240379	0.040000	0.000240381	0.040000	0.000263614	0.040000	5.88675e-05	
0.045000	0.000278105	0.045000	0.00033007	0.045000	0.000247073	0.045000	0.000247073	0.045000	0.000247075	0.045000	0.000275518	0.045000	5.45513e-05	
0.050000	0.000284646	0.050000	0.000337522	0.050000	0.000253836	0.050000	0.000253836	0.050000	0.000253837	0.050000	0.000286622	0.050000	5.08997e-05	
0.055000	0.000291026	0.055000	0.000344816	0.055000	0.000260605	0.055000	0.000260605	0.055000	0.000260606	0.055000	0.000297051	0.055000	4.7764e-05	
0.060000	0.000297243	0.060000	0.000351942	0.060000	0.000267343	0.060000	0.000267343	0.060000	0.000267344	0.060000	0.000306904	0.060000	4.50377e-05	
0.070000	0.000318245	0.070000	0.000365686	0.070000	0.000280635	0.070000	0.000280635	0.070000	0.000280636	0.070000	0.000325168	0.070000	4.05185e-05	
0.080000	0.000354809	0.080000	0.000387288	0.080000	0.000300543	0.080000	0.000300543	0.080000	0.000300544	0.080000	0.000350375	0.080000	3.69133e-05	
0.090000	0.000388428	0.090000	0.000434823	0.090000	0.000342293	0.090000	0.000342293	0.090000	0.000342294	0.090000	0.000401178	0.090000	3.36441e-05	
0.100000	0.000419814	0.100000	0.000481783	0.100000	0.000384599	0.100000	0.000384599	0.100000	0.000384599	0.100000	0.000450576	0.100000	3.12067e-05	
0.120000	0.000465782	0.120000	0.000571249	0.120000	0.000467698	0.120000	0.000467698	0.120000	0.000467699	0.120000	0.000543907	0.120000	2.73424e-05	
0.140000	0.000505194	0.140000	0.00065336	0.140000	0.000546454	0.140000	0.000546454	0.140000	0.000546455	0.140000	0.000628955	0.140000	2.44051e-05	
0.160000	0.000541183	0.160000	0.000727687	0.160000	0.00061927	0.160000	0.00061927	0.160000	0.000619271	0.160000	0.000705598	0.160000	2.20887e-05	
0.180000	0.000575582	0.180000	0.000794585	0.180000	0.000685494	0.180000	0.000685494	0.180000	0.000685495	0.180000	0.000774375	0.180000	2.02101e-05	
0.200000	0.000609328	0.200000	0.00085473	0.200000	0.000745084	0.200000	0.000745084	0.200000	0.000745085	0.200000	0.000836077	0.200000	1.86526e-05	
0.250000	0.000673374	0.250000	0.000983146	0.250000	0.000867613	0.250000	0.000867613	0.250000	0.000867614	0.250000	0.000967439	0.250000	1.57074e-05	
0.300000	0.000732885	0.300000	0.00108581	0.300000	0.000959632	0.300000	0.000959632	0.300000	0.000959633	0.300000	0.00107219	0.300000	1.36242e-05	
0.350000	0.00078711	0.350000	0.00116794	0.350000	0.00102996	0.350000	0.00102996	0.350000	0.00102996	0.350000	0.00115588	0.350000	1.20654e-05	
0.400000	0.000836041	0.400000	0.00123488	0.400000	0.00108538	0.400000	0.00108538	0.400000	0.00108539	0.400000	0.00122403	0.400000	1.08509e-05	
0.450000	0.000879924	0.450000	0.0012903 	0.450000	0.00113055	0.450000	0.00113055	0.450000	0.00113055	0.450000	0.00128042	0.450000	9.87558e-06	
0.500000	0.000927353	0.500000	0.00134371	0.500000	0.00116851	0.500000	0.00116851	0.500000	0.00116851	0.500000	0.00133464	0.500000	9.07342e-06	
0.600000	0.000988844	0.600000	0.001464  	0.600000	0.00123001	0.600000	0.00123001	0.600000	0.00123001	0.600000	0.00145617	0.600000	7.82854e-06	
0.700000	0.0010246 	0.700000	0.00155227	0.700000	0.00127882	0.700000	0.00127882	0.700000	0.00127882	0.700000	0.00154537	0.700000	6.90393e-06	
0.800000	0.00108299	0.800000	0.00161791	0.800000	0.00132531	0.800000	0.00132531	0.800000	0.00132531	0.800000	0.00161172	0.800000	6.18779e-06	
0.900000	0.00113002	0.900000	0.00166706	0.900000	0.00137527	0.900000	0.00137527	0.900000	0.00137527	0.900000	0.00166144	0.900000	5.6154e-06	
1.000000	0.00116304	1.000000	0.00169694	1.000000	0.00141631	1.000000	0.00141631	1.000000	0.00141631	1.000000	0.00169179	1.000000	5.14656e-06	
1.250000	0.00121476	1.250000	0.00173405	1.250000	0.00149022	1.250000	0.00149022	1.250000	0.00149022	1.250000	0.00172978	1.250000	4.27431e-06	
1.500000	0.00124285	1.500000	0.00174571	1.500000	0.00153563	1.500000	0.00153563	1.500000	0.00153563	1.500000	0.00174204	1.500000	3.66887e-06	
1.750000	0.00125094	1.750000	0.0017357 	1.750000	0.00156227	1.750000	0.00156227	1.750000	0.00156228	1.750000	0.00173248	1.750000	3.22225e-06	
2.000000	0.00124592	2.000000	0.00171104	2.000000	0.00157613	2.000000	0.00157613	2.000000	0.00157613	2.000000	0.00170817	2.000000	2.87821e-06	
2.250000	0.00123953	2.250000	0.00168588	2.250000	0.00158108	2.250000	0.00158108	2.250000	0.00158108	2.250000	0.00168328	2.250000	2.60447e-06	
2.500000	0.00183185	2.500000	0.00166062	2.500000	0.00157972	2.500000	0.00157972	2.500000	0.00157972	2.500000	0.00165824	2.500000	2.3811e-06	
3.000000	0.00177715	3.000000	0.00161115	3.000000	0.00156469	3.000000	0.00156469	3.000000	0.00156469	3.000000	0.00160911	3.000000	2.03772e-06	
3.500000	0.0017163 	3.500000	0.00156361	3.500000	0.00154   	3.500000	0.00154   	3.500000	0.00154   	3.500000	0.00156182	3.500000	1.78537e-06	
4.000000	0.00165487	4.000000	0.0015178 	4.000000	0.00151035	4.000000	0.00151035	4.000000	0.00151035	4.000000	0.00151621	4.000000	1.59157e-06	
4.500000	0.00159529	4.500000	0.00147405	4.500000	0.00147835	4.500000	0.00147835	4.500000	0.00147835	4.500000	0.00147261	4.500000	1.43776e-06	
5.000000	0.00153863	5.000000	0.00143245	5.000000	0.0014426 	5.000000	0.0014426 	5.000000	0.00144261	5.000000	0.00143113	5.000000	1.31252e-06	
5.500000	0.00148525	5.500000	0.00139296	5.500000	0.00140583	5.500000	0.00140583	5.500000	0.00140583	5.500000	0.00139175	5.500000	1.20845e-06	
6.000000	0.00143518	6.000000	0.00135551	6.000000	0.00137078	6.000000	0.00137078	6.000000	0.00137078	6.000000	0.00135439	6.000000	1.1205e-06	
6.500000	0.00138833	6.500000	0.00131984	6.500000	0.00133739	6.500000	0.00133739	6.500000	0.00133739	6.500000	0.00131879	6.500000	1.04514e-06	
7.000000	0.00134449	7.000000	0.00128599	7.000000	0.00130558	7.000000	0.00130558	7.000000	0.00130558	7.000000	0.00128501	7.000000	9.79806e-07	
7.500000	0.00130345	7.500000	0.00125391	7.500000	0.00127527	7.500000	0.00127527	7.500000	0.00127527	7.500000	0.00125298	7.500000	9.22579e-07	
8.000000	0.001265  	8.000000	0.00122345	8.000000	0.00124636	8.000000	0.00124636	8.000000	0.00124636	8.000000	0.00122258	8.000000	8.72016e-07	
8.500000	0.00122892	8.500000	0.00119419	8.500000	0.00121878	8.500000	0.00121878	8.500000	0.00121878	8.500000	0.00119336	8.500000	8.26996e-07	
9.000000	0.00119503	9.000000	0.00116646	9.000000	0.00119242	9.000000	0.00119242	9.000000	0.00119242	9.000000	0.00116568	9.000000	7.8664e-07	
9.500000	0.00116313	9.500000	0.00114016	9.500000	0.00116723	9.500000	0.00116723	9.500000	0.00116723	9.500000	0.00113941	9.500000	7.50245e-07	
10.000000	0.00113307	10.000000	0.00106878	10.000000	0.00114312	10.000000	0.00114312	10.000000	0.00114312	10.000000	0.00106806	10.000000	7.17246e-07	
11.000000	0.00107785	11.000000	0.00103811	11.000000	0.00108769	11.000000	0.00109985	11.000000	0.00110892	11.000000	0.00103745	11.000000	6.59665e-07	
12.000000	0.00102835	12.000000	0.00100851	12.000000	0.00103783	12.000000	0.00106021	12.000000	0.00107596	12.000000	0.0010079 	12.000000	6.11073e-07	
13.000000	0.000983717	13.000000	0.0009801 	13.000000	0.00099279	13.000000	0.00102381	13.000000	0.00104443	13.000000	0.00097953	13.000000	5.69484e-07	
14.000000	0.000943259	14.000000	0.000952969	14.000000	0.000951937	14.000000	0.000990292	14.000000	0.0010144 	14.000000	0.000952435	14.000000	5.33464e-07	
15.000000	0.000906409	15.000000	0.000927134	15.000000	0.000914735	15.000000	0.000959356	15.000000	0.000985885	15.000000	0.000926632	15.000000	5.01947e-07	
16.000000	0.000872696	16.000000	0.000902572	16.000000	0.000880747	16.000000	0.000930733	16.000000	0.000958864	16.000000	0.000902098	16.000000	4.74124e-07	
17.000000	0.000841725	17.000000	0.000879235	17.000000	0.000849614	17.000000	0.000904189	17.000000	0.000933289	17.000000	0.000878786	17.000000	4.49372e-07	
18.000000	0.000813169	18.000000	0.000857065	18.000000	0.000821035	18.000000	0.000879522	18.000000	0.000909046	18.000000	0.000856638	18.000000	4.27201e-07	
19.000000	0.000786748	19.000000	0.000835998	19.000000	0.000794721	19.000000	0.000856552	19.000000	0.000886127	19.000000	0.000835591	19.000000	4.0722e-07	
20.000000	0.000762224	20.000000	0.00081597	20.000000	0.0007704 	20.000000	0.000835126	20.000000	0.000864473	20.000000	0.000815581	20.000000	3.89116e-07	
21.000000	0.000739396	21.000000	0.000796916	21.000000	0.00074789	21.000000	0.000815104	21.000000	0.000843925	21.000000	0.000796543	21.000000	3.7263e-07	
22.000000	0.000718087	22.000000	0.000778774	22.000000	0.000727063	22.000000	0.000796365	22.000000	0.000824523	22.000000	0.000778417	22.000000	3.57553e-07	
23.000000	0.000698147	23.000000	0.000761488	23.000000	0.000707757	23.000000	0.000778802	23.000000	0.000806129	23.000000	0.000761144	23.000000	3.43708e-07	
24.000000	0.000679444	24.000000	0.000745002	24.000000	0.000689803	24.000000	0.000762319	24.000000	0.000788725	24.000000	0.000744671	24.000000	3.30947e-07	
25.000000	0.000661863	25.000000	0.000729264	25.000000	0.000673077	25.000000	0.00074683	25.000000	0.000772232	25.000000	0.000728945	25.000000	3.19146e-07	
27.000000	0.000629675	27.000000	0.00069985	27.000000	0.000642958	27.000000	0.000718536	27.000000	0.000741789	27.000000	0.000699552	27.000000	2.98013e-07	
29.000000	0.000600908	29.000000	0.000672904	29.000000	0.000616716	29.000000	0.000693396	29.000000	0.000714414	29.000000	0.000672625	29.000000	2.79629e-07	
31.000000	0.000575028	31.000000	0.000648136	31.000000	0.000595003	31.000000	0.000668554	31.000000	0.000685565	31.000000	0.000647873	31.000000	2.63481e-07	
33.000000	0.000551611	33.000000	0.000625295	33.000000	0.000576317	33.000000	0.00064358	33.000000	0.000655703	33.000000	0.000625046	33.000000	2.49179e-07	
35.000000	0.00053031	35.000000	0.000604167	35.000000	0.000558875	35.000000	0.000620596	35.000000	0.000628772	35.000000	0.000603931	35.000000	2.36419e-07	
38.000000	0.000501724	38.000000	0.000575289	38.000000	0.000534851	38.000000	0.00058935	38.000000	0.000592944	38.000000	0.000575069	38.000000	2.19659e-07	
41.000000	0.000476518	41.000000	0.000549332	41.000000	0.0005131 	41.000000	0.000561421	41.000000	0.000561619	41.000000	0.000549127	41.000000	2.05217e-07	
44.000000	0.00045411	44.000000	0.000525875	44.000000	0.000493236	44.000000	0.000536303	44.000000	0.000533965	44.000000	0.000525683	44.000000	1.92637e-07	
47.000000	0.000434047	47.000000	0.000504572	47.000000	0.000475066	47.000000	0.000513586	47.000000	0.00050935	47.000000	0.000504391	47.000000	1.81576e-07	
50.000000	0.000415969	50.000000	0.000485139	50.000000	0.000458343	50.000000	0.000492939	50.000000	0.000487298	50.000000	0.000484967	50.000000	1.7177e-07	
55.000000	0.000389492	55.000000	0.000456279	55.000000	0.000433356	55.000000	0.00046241	55.000000	0.000455157	55.000000	0.000456122	55.000000	1.57679e-07	
60.000000	0.000366724	60.000000	0.000431097	60.000000	0.000411313	60.000000	0.000435897	60.000000	0.000427701	60.000000	0.000430951	60.000000	1.45815e-07	
65.000000	0.000346918	65.000000	0.000408929	65.000000	0.000391795	65.000000	0.000412655	65.000000	0.000403931	65.000000	0.000408794	65.000000	1.35682e-07	
70.000000	0.000329516	70.000000	0.000389263	70.000000	0.000374358	70.000000	0.000392113	70.000000	0.000383157	70.000000	0.000389136	70.000000	1.26922e-07	
75.000000	0.000314096	75.000000	0.000371698	75.000000	0.000358652	75.000000	0.000373826	75.000000	0.000365753	75.000000	0.000371578	75.000000	1.1927e-07	
80.000000	0.00030033	80.000000	0.000355912	80.000000	0.000344511	80.000000	0.000357442	80.000000	0.000350227	80.000000	0.000355799	80.000000	1.12525e-07	
85.000000	0.000287957	85.000000	0.000341648	85.000000	0.000331623	85.000000	0.000342679	85.000000	0.00033627	85.000000	0.000341541	85.000000	1.06534e-07	
90.000000	0.000276771	90.000000	0.000328696	90.000000	0.000319903	90.000000	0.000329309	90.000000	0.000323655	90.000000	0.000328595	90.000000	1.01174e-07	
95.000000	0.000266605	95.000000	0.000316883	95.000000	0.000309163	95.000000	0.000317144	95.000000	0.000312212	95.000000	0.000316787	95.000000	9.63497e-08	
100.000000	0.000257322	100.000000	0.000306065	100.000000	0.000299285	100.000000	0.000306029	100.000000	0.000301756	100.000000	0.000305973	100.000000	9.19835e-08	
105.000000	0.000248808	105.000000	0.000296121	105.000000	0.000290199	105.000000	0.000295834	105.000000	0.000292156	105.000000	0.000296033	105.000000	8.80122e-08	
110.000000	0.00024097	110.000000	0.00028695	110.000000	0.000281788	110.000000	0.00028645	110.000000	0.00028335	110.000000	0.000286866	110.000000	8.43837e-08	
115.000000	0.000233728	115.000000	0.000278465	115.000000	0.000273978	115.000000	0.000277784	115.000000	0.000275196	115.000000	0.000278384	115.000000	8.10549e-08	
120.000000	0.000227014	120.000000	0.000270592	120.000000	0.000266702	120.000000	0.000269758	120.000000	0.000267661	120.000000	0.000270514	120.000000	7.79897e-08	
125.000000	0.000220771	125.000000	0.000263268	125.000000	0.00025992	125.000000	0.000262304	125.000000	0.000260645	125.000000	0.000263192	125.000000	7.51574e-08	
130.000000	0.000214951	130.000000	0.000256436	130.000000	0.000253593	130.000000	0.000255362	130.000000	0.000254129	130.000000	0.000256364	130.000000	7.25322e-08	
135.000000	0.000209509	135.000000	0.00025005	135.000000	0.000247657	135.000000	0.000248883	135.000000	0.00024803	135.000000	0.00024998	135.000000	7.00918e-08	
140.000000	0.000204411	140.000000	0.000244067	140.000000	0.000242093	140.000000	0.000242822	140.000000	0.000242344	140.000000	0.000244  	140.000000	6.78171e-08	
145.000000	0.000199622	145.000000	0.000238451	145.000000	0.000236864	145.000000	0.00023714	145.000000	0.000236986	145.000000	0.000238385	145.000000	6.56915e-08	
150.000000	0.000195116	150.000000	0.000233169	150.000000	0.00023193	150.000000	0.000231803	150.000000	0.000231969	150.000000	0.000233105	150.000000	6.37006e-08	
155.000000	0.000188638	155.000000	0.000228191	155.000000	0.000227281	155.000000	0.000226781	155.000000	0.000227235	155.000000	0.00022813	155.000000	6.18319e-08	
160.000000	0.000184909	160.000000	0.000223494	160.000000	0.000222891	160.000000	0.000222047	160.000000	0.000222772	160.000000	0.000223434	160.000000	6.00742e-08	
165.000000	0.000181384	165.000000	0.000219053	165.000000	0.000218728	165.000000	0.000217577	165.000000	0.000218566	165.000000	0.000218995	165.000000	5.84179e-08	
170.000000	0.000178045	170.000000	0.000214849	170.000000	0.000214775	170.000000	0.00021335	170.000000	0.000214567	170.000000	0.000214792	170.000000	5.68542e-08	
175.000000	0.000174879	175.000000	0.000210863	175.000000	0.000211021	175.000000	0.000209347	175.000000	0.000210788	175.000000	0.000210808	175.000000	5.53755e-08	
180.000000	0.000171871	180.000000	0.000207079	180.000000	0.000207458	180.000000	0.000205551	180.000000	0.000207203	180.000000	0.000207025	180.000000	5.3975e-08	
185.000000	0.000169011	185.000000	0.000203482	185.000000	0.000204074	185.000000	0.000201946	185.000000	0.000203785	185.000000	0.000203429	185.000000	5.26466e-08	
190.000000	0.000166288	190.000000	0.000200059	190.000000	0.000200852	190.000000	0.000198518	190.000000	0.000200543	190.000000	0.000200007	190.000000	5.13846e-08	
195.000000	0.000163691	195.000000	0.000196797	195.000000	0.000197778	195.000000	0.000195256	195.000000	0.000197453	195.000000	0.000196747	195.000000	5.01843e-08	
200.000000	0.000161213	200.000000	0.000193685	200.000000	0.000194838	200.000000	0.000192147	200.000000	0.000194498	200.000000	0.000193636	200.000000	4.9041e-08	
210.000000	0.000156579	210.000000	0.000187874	210.000000	0.000189335	210.000000	0.000186348	210.000000	0.000189002	210.000000	0.000187828	210.000000	4.69102e-08	
220.000000	0.000152331	220.000000	0.000182556	220.000000	0.000184304	220.000000	0.00018105	220.000000	0.000183954	220.000000	0.000182511	220.000000	4.49639e-08	
230.000000	0.000148422	230.000000	0.00017767	230.000000	0.000179676	230.000000	0.00017619	230.000000	0.000179327	230.000000	0.000177626	230.000000	4.3179e-08	
240.000000	0.000144813	240.000000	0.000173166	240.000000	0.000175395	240.000000	0.000171719	240.000000	0.000175054	240.000000	0.000173125	240.000000	4.15359e-08	
250.000000	0.00014147	250.000000	0.000169003	250.000000	0.000171434	250.000000	0.000167592	250.000000	0.000171108	250.000000	0.000168963	250.000000	4.00181e-08	
260.000000	0.000138365	260.000000	0.000165144	260.000000	0.000167764	260.000000	0.000163771	260.000000	0.000167443	260.000000	0.000165105	260.000000	3.86117e-08	
270.000000	0.000135474	270.000000	0.000161556	270.000000	0.000164354	270.000000	0.000160225	270.000000	0.000164042	270.000000	0.000161519	270.000000	3.73046e-08	
280.000000	0.000132775	280.000000	0.000158214	280.000000	0.000161178	280.000000	0.000156925	280.000000	0.000160864	280.000000	0.000158178	280.000000	3.60866e-08	
290.000000	0.00013025	290.000000	0.000155093	290.000000	0.000158205	290.000000	0.000153848	290.000000	0.000157907	290.000000	0.000155058	290.000000	3.49487e-08	
300.000000	0.000127882	300.000000	0.000152172	300.000000	0.000155411	300.000000	0.000150972	300.000000	0.000155125	300.000000	0.000152138	300.000000	3.38832e-08	
310.000000	0.000125657	310.000000	0.000149433	310.000000	0.000152791	310.000000	0.000148278	310.000000	0.000152528	310.000000	0.0001494 	310.000000	3.28832e-08	
320.000000	0.000123564	320.000000	0.00014686	320.000000	0.000150342	320.000000	0.000145751	320.000000	0.000150084	320.000000	0.000146828	320.000000	3.19429e-08	
330.000000	0.00012159	330.000000	0.000144439	330.000000	0.000148032	330.000000	0.000143376	330.000000	0.000147782	330.000000	0.000144408	330.000000	3.1057e-08	
340.000000	0.000119726	340.000000	0.000142158	340.000000	0.00014585	340.000000	0.00014114	340.000000	0.000145618	340.000000	0.000142127	340.000000	3.02208e-08	
350.000000	0.000117963	350.000000	0.000140004	350.000000	0.000143792	350.000000	0.000139032	350.000000	0.000143566	350.000000	0.000139974	350.000000	2.94302e-08	
360.000000	0.000116293	360.000000	0.000137967	360.000000	0.00014185	360.000000	0.000137041	360.000000	0.00014163	360.000000	0.000137939	360.000000	2.86816e-08	
370.000000	0.00011471	370.000000	0.00013604	370.000000	0.000140011	370.000000	0.000135159	370.000000	0.000139802	370.000000	0.000136012	370.000000	2.79715e-08	
380.000000	0.000113207	380.000000	0.000134213	380.000000	0.000138264	380.000000	0.000133376	380.000000	0.00013806	380.000000	0.000134186	380.000000	2.72972e-08	
390.000000	0.000111777	390.000000	0.000132479	390.000000	0.000136603	390.000000	0.000131687	390.000000	0.000136411	390.000000	0.000132452	390.000000	2.66559e-08	
400.000000	0.000110417	400.000000	0.000130832	400.000000	0.000135026	400.000000	0.000130083	400.000000	0.000134848	400.000000	0.000130806	400.000000	2.60452e-08	
410.000000	0.00010912	410.000000	0.000129265	410.000000	0.000133528	410.000000	0.000128559	410.000000	0.000133354	410.000000	0.000129239	410.000000	2.54629e-08	
420.000000	0.000107884	420.000000	0.000127773	420.000000	0.000132101	420.000000	0.000127109	420.000000	0.000131933	420.000000	0.000127748	420.000000	2.49071e-08	
430.000000	0.000106704	430.000000	0.000126351	430.000000	0.000130743	430.000000	0.000125729	430.000000	0.000130583	430.000000	0.000126327	430.000000	2.4376e-08	
440.000000	0.000105576	440.000000	0.000124994	440.000000	0.000129448	440.000000	0.000124413	440.000000	0.000129292	440.000000	0.000124971	440.000000	2.3868e-08	
450.000000	0.000104497	450.000000	0.000123699	450.000000	0.000128212	450.000000	0.000123158	450.000000	0.000128057	450.000000	0.000123676	450.000000	2.33815e-08	
460.000000	0.000103465	460.000000	0.000122461	460.000000	0.000127028	460.000000	0.000121959	460.000000	0.00012688	460.000000	0.000122438	460.000000	2.29153e-08	
470.000000	0.000102476	470.000000	0.000121277	470.000000	0.000125893	470.000000	0.000120814	470.000000	0.000125757	470.000000	0.000121255	470.000000	2.2468e-08	
480.000000	0.000101527	480.000000	0.000120144	480.000000	0.000124807	480.000000	0.000119718	480.000000	0.000124676	480.000000	0.000120122	480.000000	2.20385e-08	
490.000000	0.000100618	490.000000	0.000119058	490.000000	0.000123768	490.000000	0.00011867	490.000000	0.000123642	490.000000	0.000119037	490.000000	2.16257e-08	
500.000000	9.97446e-05	500.000000	0.000118018	500.000000	0.000122773	500.000000	0.000117666	500.000000	0.000122653	500.000000	0.000117996	500.000000	2.12288e-08	
520.000000	9.80994e-05	520.000000	0.000116061	520.000000	0.000120902	520.000000	0.00011578	520.000000	0.000120793	520.000000	0.000116041	520.000000	2.04787e-08	
540.000000	9.65775e-05	540.000000	0.000114256	540.000000	0.00011918	540.000000	0.000114042	540.000000	0.000119076	540.000000	0.000114236	540.000000	1.97817e-08	
560.000000	9.51666e-05	560.000000	0.000112587	560.000000	0.000117585	560.000000	0.000112438	560.000000	0.000117491	560.000000	0.000112568	560.000000	1.91323e-08	
580.000000	9.38559e-05	580.000000	0.00011104	580.000000	0.000116101	580.000000	0.000110953	580.000000	0.000116017	580.000000	0.000111022	580.000000	1.85258e-08	
600.000000	9.2636e-05	600.000000	0.000109604	600.000000	0.00011473	600.000000	0.000109576	600.000000	0.000114654	600.000000	0.000109586	600.000000	1.7958e-08	
620.000000	9.14986e-05	620.000000	0.000108268	620.000000	0.000113458	620.000000	0.000108296	620.000000	0.00011338	620.000000	0.000108251	620.000000	1.74252e-08	
640.000000	9.04365e-05	640.000000	0.000107023	640.000000	0.000112268	640.000000	0.000107104	640.000000	0.000112196	640.000000	0.000107006	640.000000	1.69244e-08	
660.000000	8.94432e-05	660.000000	0.000105861	660.000000	0.000111155	660.000000	0.000105993	660.000000	0.000111091	660.000000	0.000105845	660.000000	1.64525e-08	
680.000000	8.85131e-05	680.000000	0.000104775	680.000000	0.000110116	680.000000	0.000104955	680.000000	0.000110055	680.000000	0.000104759	680.000000	1.60072e-08	
700.000000	8.76412e-05	700.000000	0.000103759	700.000000	0.000109144	700.000000	0.000103984	700.000000	0.000109088	700.000000	0.000103743	700.000000	1.55863e-08	
720.000000	8.68227e-05	720.000000	0.000102807	720.000000	0.000108234	720.000000	0.000103074	720.000000	0.00010818	720.000000	0.000102791	720.000000	1.51878e-08	
740.000000	8.60538e-05	740.000000	0.000101913	740.000000	0.000107378	740.000000	0.000102221	740.000000	0.000107326	740.000000	0.000101898	740.000000	1.48099e-08	
760.000000	8.53307e-05	760.000000	0.000101074	760.000000	0.00010657	760.000000	0.000101419	760.000000	0.000106527	760.000000	0.00010106	760.000000	1.4451e-08	
780.000000	8.46501e-05	780.000000	0.000100286	780.000000	0.000105811	780.000000	0.000100666	780.000000	0.000105772	780.000000	0.000100272	780.000000	1.41098e-08	
800.000000	8.4009e-05	800.000000	9.9544e-05	800.000000	0.000105099	800.000000	9.99572e-05	800.000000	0.000105061	800.000000	9.95302e-05	800.000000	1.37849e-08	
820.000000	8.34047e-05	820.000000	9.88455e-05	820.000000	0.000104429	820.000000	9.92893e-05	820.000000	0.000104393	820.000000	9.88321e-05	820.000000	1.34752e-08	
840.000000	8.28348e-05	840.000000	9.81874e-05	840.000000	0.000103797	840.000000	9.86594e-05	840.000000	0.000103761	840.000000	9.81743e-05	840.000000	1.31796e-08	
860.000000	8.22971e-05	860.000000	9.75669e-05	860.000000	0.000103197	860.000000	9.8065e-05	860.000000	0.000103163	860.000000	9.75541e-05	860.000000	1.28971e-08	
880.000000	8.17893e-05	880.000000	9.69816e-05	880.000000	0.00010263	880.000000	9.75035e-05	880.000000	0.000102599	880.000000	9.69689e-05	880.000000	1.2627e-08	
900.000000	8.13098e-05	900.000000	9.6429e-05	900.000000	0.000102093	900.000000	9.69726e-05	900.000000	0.000102067	900.000000	9.64167e-05	900.000000	1.23684e-08	
920.000000	8.08567e-05	920.000000	9.59072e-05	920.000000	0.000101585	920.000000	9.64704e-05	920.000000	0.00010156	920.000000	9.58951e-05	920.000000	1.21205e-08	
940.000000	8.04285e-05	940.000000	9.54142e-05	940.000000	0.000101105	940.000000	9.5995e-05	940.000000	0.00010108	940.000000	9.54024e-05	940.000000	1.18828e-08	
960.000000	8.00238e-05	960.000000	9.49483e-05	960.000000	0.00010065	960.000000	9.55447e-05	960.000000	0.000100627	960.000000	9.49367e-05	960.000000	1.16545e-08	
980.000000	7.96411e-05	980.000000	9.45078e-05	980.000000	0.000100218	980.000000	9.51178e-05	980.000000	0.000100198	980.000000	9.44964e-05	980.000000	1.14352e-08	
1000.000000	7.92793e-05	1000.000000	9.40913e-05	1000.000000	9.98081e-05	1000.000000	9.4713e-05	1000.000000	9.97882e-05	1000.000000	9.40801e-05	1000.000000	1.12242e-08	
1020.000000	7.89372e-05	1020.000000	9.36974e-05	1020.000000	9.94193e-05	1020.000000	9.43288e-05	1020.000000	9.93994e-05	1020.000000	9.36864e-05	1020.000000	1.10212e-08	
1040.000000	7.86137e-05	1040.000000	9.33248e-05	1040.000000	9.90503e-05	1040.000000	9.39641e-05	1040.000000	9.9031e-05	1040.000000	9.33139e-05	1040.000000	1.08257e-08	
1060.000000	7.83079e-05	1060.000000	9.29723e-05	1060.000000	9.86997e-05	1060.000000	9.36176e-05	1060.000000	9.86817e-05	1060.000000	9.29616e-05	1060.000000	1.06373e-08	
1080.000000	7.80189e-05	1080.000000	9.26388e-05	1080.000000	9.83663e-05	1080.000000	9.32885e-05	1080.000000	9.83469e-05	1080.000000	9.26283e-05	1080.000000	1.04555e-08	
1100.000000	7.77457e-05	1100.000000	9.23233e-05	1100.000000	9.8049e-05	1100.000000	9.29755e-05	1100.000000	9.80293e-05	1100.000000	9.23131e-05	1100.000000	1.02801e-08	
1120.000000	7.74876e-05	1120.000000	9.2025e-05	1120.000000	9.77466e-05	1120.000000	9.2678e-05	1120.000000	9.77278e-05	1120.000000	9.20148e-05	1120.000000	1.01107e-08	
1140.000000	7.72439e-05	1140.000000	9.17428e-05	1140.000000	9.74583e-05	1140.000000	9.23949e-05	1140.000000	9.74416e-05	1140.000000	9.17328e-05	1140.000000	9.94696e-09	
1160.000000	7.70139e-05	1160.000000	9.14759e-05	1160.000000	9.71837e-05	1160.000000	9.21255e-05	1160.000000	9.71681e-05	1160.000000	9.14661e-05	1160.000000	9.78865e-09	
1180.000000	7.67969e-05	1180.000000	9.12237e-05	1180.000000	9.69222e-05	1180.000000	9.18691e-05	1180.000000	9.69068e-05	1180.000000	9.12141e-05	1180.000000	9.63548e-09	
1200.000000	7.65923e-05	1200.000000	9.09854e-05	1200.000000	9.66732e-05	1200.000000	9.1625e-05	1200.000000	9.66586e-05	1200.000000	9.09759e-05	1200.000000	9.48722e-09	
1220.000000	7.63995e-05	1220.000000	9.07602e-05	1220.000000	9.64363e-05	1220.000000	9.13925e-05	1220.000000	9.64226e-05	1220.000000	9.07509e-05	1220.000000	9.34361e-09	
1240.000000	7.62181e-05	1240.000000	9.05477e-05	1240.000000	9.62108e-05	1240.000000	9.11711e-05	1240.000000	9.61983e-05	1240.000000	9.05385e-05	1240.000000	9.20444e-09	
1260.000000	7.60475e-05	1260.000000	9.03472e-05	1260.000000	9.5996e-05	1260.000000	9.09602e-05	1260.000000	9.59832e-05	1260.000000	9.03381e-05	1260.000000	9.06951e-09	
1280.000000	7.58872e-05	1280.000000	9.01581e-05	1280.000000	9.57913e-05	1280.000000	9.07592e-05	1280.000000	9.57778e-05	1280.000000	9.01491e-05	1280.000000	8.93863e-09	
1300.000000	7.57368e-05	1300.000000	8.99799e-05	1300.000000	9.55961e-05	1300.000000	9.05677e-05	1300.000000	9.55825e-05	1300.000000	8.99711e-05	1300.000000	8.8116e-09	
1320.000000	7.55959e-05	1320.000000	8.98122e-05	1320.000000	9.541e-05 	1320.000000	9.03852e-05	1320.000000	9.53967e-05	1320.000000	8.98035e-05	1320.000000	8.68827e-09	
1340.000000	7.54641e-05	1340.000000	8.96544e-05	1340.000000	9.52323e-05	1340.000000	9.02112e-05	1340.000000	9.52199e-05	1340.000000	8.96459e-05	1340.000000	8.56847e-09	
1360.000000	7.53411e-05	1360.000000	8.95063e-05	1360.000000	9.50628e-05	1360.000000	9.00454e-05	1360.000000	9.50508e-05	1360.000000	8.94978e-05	1360.000000	8.45205e-09	
1380.000000	7.52263e-05	1380.000000	8.93672e-05	1380.000000	9.4901e-05	1380.000000	8.98874e-05	1380.000000	9.48886e-05	1380.000000	8.93589e-05	1380.000000	8.33886e-09	
1400.000000	7.51197e-05	1400.000000	8.92369e-05	1400.000000	9.47467e-05	1400.000000	8.97368e-05	1400.000000	9.47343e-05	1400.000000	8.92287e-05	1400.000000	8.22878e-09	
1420.000000	7.50207e-05	1420.000000	8.9115e-05	1420.000000	9.45994e-05	1420.000000	8.95933e-05	1420.000000	9.45876e-05	1420.000000	8.91069e-05	1420.000000	8.12167e-09	
1440.000000	7.49292e-05	1440.000000	8.90011e-05	1440.000000	9.44589e-05	1440.000000	8.94565e-05	1440.000000	9.4448e-05	1440.000000	8.89931e-05	1440.000000	8.01741e-09	
1460.000000	7.48449e-05	1460.000000	8.8895e-05	1460.000000	9.43249e-05	1460.000000	8.93262e-05	1460.000000	9.43152e-05	1460.000000	8.88871e-05	1460.000000	7.9159e-09	
1480.000000	7.47674e-05	1480.000000	8.87963e-05	1480.000000	9.41971e-05	1480.000000	8.9202e-05	1480.000000	9.41875e-05	1480.000000	8.87884e-05	1480.000000	7.81701e-09	
1500.000000	7.46966e-05	1500.000000	8.87046e-05	1500.000000	9.40752e-05	1500.000000	8.90837e-05	1500.000000	9.40656e-05	1500.000000	8.86969e-05	1500.000000	7.72066e-09	
1520.000000	7.46321e-05	1520.000000	8.86199e-05	1520.000000	9.3959e-05	1520.000000	8.8971e-05	1520.000000	9.39499e-05	1520.000000	8.86122e-05	1520.000000	7.62674e-09	
1540.000000	7.45738e-05	1540.000000	8.85417e-05	1540.000000	9.38483e-05	1540.000000	8.88637e-05	1540.000000	9.38399e-05	1540.000000	8.85341e-05	1540.000000	7.53516e-09	
1560.000000	7.45215e-05	1560.000000	8.84698e-05	1560.000000	9.37428e-05	1560.000000	8.87615e-05	1560.000000	9.37354e-05	1560.000000	8.84623e-05	1560.000000	7.44583e-09	
1580.000000	7.44748e-05	1580.000000	8.8404e-05	1580.000000	9.36423e-05	1580.000000	8.86643e-05	1580.000000	9.36362e-05	1580.000000	8.83967e-05	1580.000000	7.35867e-09	
1600.000000	7.44338e-05	1600.000000	8.83441e-05	1600.000000	9.35466e-05	1600.000000	8.85718e-05	1600.000000	9.3541e-05	1600.000000	8.83368e-05	1600.000000	7.27361e-09	
1620.000000	7.4398e-05	1620.000000	8.82898e-05	1620.000000	9.34556e-05	1620.000000	8.84838e-05	1620.000000	9.34499e-05	1620.000000	8.82826e-05	1620.000000	7.19056e-09	
1640.000000	7.43675e-05	1640.000000	8.8241e-05	1640.000000	9.3369e-05	1640.000000	8.84002e-05	1640.000000	9.33635e-05	1640.000000	8.82339e-05	1640.000000	7.10945e-09	
1660.000000	7.43419e-05	1660.000000	8.81975e-05	1660.000000	9.32866e-05	1660.000000	8.83207e-05	1660.000000	9.32814e-05	1660.000000	8.81904e-05	1660.000000	7.03022e-09	
1680.000000	7.43212e-05	1680.000000	8.8159e-05	1680.000000	9.32083e-05	1680.000000	8.82452e-05	1680.000000	9.32037e-05	1680.000000	8.8152e-05	1680.000000	6.9528e-09	
1700.000000	7.43052e-05	1700.000000	8.81253e-05	1700.000000	9.31339e-05	1700.000000	8.81736e-05	1700.000000	9.313e-05 	1700.000000	8.81185e-05	1700.000000	6.87712e-09	
1750.000000	7.42847e-05	1750.000000	8.80616e-05	1750.000000	9.29639e-05	1750.000000	8.80103e-05	1750.000000	9.29607e-05	1750.000000	8.80549e-05	1750.000000	6.69521e-09	
1800.000000	7.42904e-05	1800.000000	8.8025e-05	1800.000000	9.2815e-05	1800.000000	8.78678e-05	1800.000000	9.28121e-05	1800.000000	8.80184e-05	1800.000000	6.523e-09 	
1850.000000	7.43205e-05	1850.000000	8.80132e-05	1850.000000	9.26851e-05	1850.000000	8.77441e-05	1850.000000	9.26836e-05	1850.000000	8.80068e-05	1850.000000	6.35973e-09	
1900.000000	7.43731e-05	1900.000000	8.80244e-05	1900.000000	9.25725e-05	1900.000000	8.76376e-05	1900.000000	9.25716e-05	1900.000000	8.80182e-05	1900.000000	6.20472e-09	
1950.000000	7.44467e-05	1950.000000	8.80568e-05	1950.000000	9.24757e-05	1950.000000	8.75467e-05	1950.000000	9.24752e-05	1950.000000	8.80507e-05	1950.000000	6.05735e-09	
2000.000000	7.45399e-05	2000.000000	8.81088e-05	2000.000000	9.23933e-05	2000.000000	8.74699e-05	2000.000000	9.2394e-05	2000.000000	8.81028e-05	2000.000000	5.91705e-09	
2100.000000	7.47801e-05	2100.000000	8.8266e-05	2100.000000	9.22669e-05	2100.000000	8.73542e-05	2100.000000	9.22686e-05	2100.000000	8.82603e-05	2100.000000	5.65573e-09	
2200.000000	7.50849e-05	2200.000000	8.84861e-05	2200.000000	9.21848e-05	2200.000000	8.72818e-05	2200.000000	9.21884e-05	2200.000000	8.84807e-05	2200.000000	5.41725e-09	
2300.000000	7.54467e-05	2300.000000	8.8761e-05	2300.000000	9.21398e-05	2300.000000	8.72459e-05	2300.000000	9.21436e-05	2300.000000	8.87558e-05	2300.000000	5.19873e-09	
2400.000000	7.58595e-05	2400.000000	8.90837e-05	2400.000000	9.21262e-05	2400.000000	8.72407e-05	2400.000000	9.21314e-05	2400.000000	8.90787e-05	2400.000000	4.99771e-09	
2500.000000	7.63178e-05	2500.000000	8.94485e-05	2500.000000	9.21392e-05	2500.000000	8.72615e-05	2500.000000	9.21446e-05	2500.000000	8.94436e-05	2500.000000	4.81217e-09	
2600.000000	7.68172e-05	2600.000000	8.98504e-05	2600.000000	9.21748e-05	2600.000000	8.73043e-05	2600.000000	9.21813e-05	2600.000000	8.98458e-05	2600.000000	4.64036e-09	
2700.000000	7.73539e-05	2700.000000	9.02854e-05	2700.000000	9.22297e-05	2700.000000	8.73659e-05	2700.000000	9.22362e-05	2700.000000	9.02809e-05	2700.000000	4.48079e-09	
2800.000000	7.79246e-05	2800.000000	9.07497e-05	2800.000000	9.23011e-05	2800.000000	8.74436e-05	2800.000000	9.23085e-05	2800.000000	9.07454e-05	2800.000000	4.33219e-09	
2900.000000	7.85263e-05	2900.000000	9.12404e-05	2900.000000	9.23866e-05	2900.000000	8.75349e-05	2900.000000	9.23935e-05	2900.000000	9.12362e-05	2900.000000	4.19345e-09	
3000.000000	7.91566e-05	3000.000000	9.17548e-05	3000.000000	9.24843e-05	3000.000000	8.76378e-05	3000.000000	9.24914e-05	3000.000000	9.17507e-05	3000.000000	4.06361e-09	
3200.000000	8.04944e-05	3200.000000	9.28453e-05	3200.000000	9.27086e-05	3200.000000	8.78721e-05	3200.000000	9.27154e-05	3200.000000	9.28414e-05	3200.000000	3.82738e-09	
3400.000000	8.19232e-05	3400.000000	9.40057e-05	3400.000000	9.29627e-05	3400.000000	8.81357e-05	3400.000000	9.29698e-05	3400.000000	9.40021e-05	3400.000000	3.61793e-09	
3600.000000	8.34317e-05	3600.000000	9.52241e-05	3600.000000	9.32381e-05	3600.000000	8.84204e-05	3600.000000	9.32462e-05	3600.000000	9.52207e-05	3600.000000	3.4309e-09	
3800.000000	8.50105e-05	3800.000000	9.64909e-05	3800.000000	9.35287e-05	3800.000000	8.87201e-05	3800.000000	9.35377e-05	3800.000000	9.64877e-05	3800.000000	3.26285e-09	
4000.000000	8.66525e-05	4000.000000	9.77985e-05	4000.000000	9.383e-05 	4000.000000	8.90304e-05	4000.000000	9.38402e-05	4000.000000	9.77954e-05	4000.000000	3.11099e-09	
4200.000000	8.83515e-05	4200.000000	9.91407e-05	4200.000000	9.41386e-05	4200.000000	8.93476e-05	4200.000000	9.41506e-05	4200.000000	9.91377e-05	4200.000000	2.97307e-09	
4400.000000	9.01025e-05	4400.000000	0.000100512	4400.000000	9.44521e-05	4400.000000	8.96691e-05	4400.000000	9.44647e-05	4400.000000	0.00010051	4400.000000	2.84723e-09	
4600.000000	9.19015e-05	4600.000000	0.00010191	4600.000000	9.47684e-05	4600.000000	8.99928e-05	4600.000000	9.47819e-05	4600.000000	0.000101907	4600.000000	2.73194e-09	
4800.000000	9.3745e-05	4800.000000	0.000103329	4800.000000	9.50859e-05	4800.000000	9.03171e-05	4800.000000	9.50995e-05	4800.000000	0.000103326	4800.000000	2.62591e-09	
5000.000000	9.563e-05 	5000.000000	0.000104767	5000.000000	9.54032e-05	5000.000000	9.06408e-05	5000.000000	9.54169e-05	5000.000000	0.000104765	5000.000000	2.52806e-09	
5250.000000	9.80409e-05	5250.000000	0.000106588	5250.000000	9.57983e-05	5250.000000	9.10431e-05	5250.000000	9.58113e-05	5250.000000	0.000106586	5250.000000	2.41585e-09	
5500.000000	0.000100509	5500.000000	0.000108431	5500.000000	9.61903e-05	5500.000000	9.14415e-05	5500.000000	9.62019e-05	5500.000000	0.000108429	5500.000000	2.31348e-09	
6000.000000	0.000105602	6000.000000	0.000112171	6000.000000	9.6959e-05	6000.000000	9.22229e-05	6000.000000	9.6968e-05	6000.000000	0.000112168	6000.000000	2.13345e-09	
6500.000000	0.000110889	6500.000000	0.000115965	6500.000000	9.76969e-05	6500.000000	9.298e-05 	6500.000000	9.77101e-05	6500.000000	0.000115963	6500.000000	1.98017e-09	
7000.000000	0.000116354	7000.000000	0.000119801	7000.000000	9.84142e-05	7000.000000	9.37109e-05	7000.000000	9.84259e-05	7000.000000	0.0001198 	7000.000000	1.84805e-09	
7500.000000	0.000121986	7500.000000	0.000123668	7500.000000	9.91034e-05	7500.000000	9.44149e-05	7500.000000	9.91146e-05	7500.000000	0.000123667	7500.000000	1.73294e-09	
8000.000000	0.000127776	8000.000000	0.000127558	8000.000000	9.97635e-05	8000.000000	9.50923e-05	8000.000000	9.97764e-05	8000.000000	0.000127557	8000.000000	1.63173e-09	
8500.000000	0.000133717	8500.000000	0.000131466	8500.000000	0.000100398	8500.000000	9.57439e-05	8500.000000	0.000100412	8500.000000	0.000131464	8500.000000	1.54202e-09	
9000.000000	0.000139805	9000.000000	0.000135387	9000.000000	0.00010101	9000.000000	9.6371e-05	9000.000000	0.000101023	9000.000000	0.000135385	9000.000000	1.46194e-09	
9500.000000	0.000146036	9500.000000	0.000139318	9500.000000	0.000101597	9500.000000	9.69746e-05	9500.000000	0.00010161	9500.000000	0.000139316	9500.000000	1.39e-09  	
10000.000000	0.000152406	10000.000000	0.000143255	10000.000000	0.000102162	10000.000000	9.75561e-05	10000.000000	0.000102174	10000.000000	0.000143254	10000.000000	1.32501e-09	
11000.000000	0.000165554	11000.000000	0.000151145	11000.000000	0.000103229	11000.000000	9.86576e-05	11000.000000	0.00010324	11000.000000	0.000151144	11000.000000	1.21218e-09	
12000.000000	0.000179233	12000.000000	0.000159043	12000.000000	0.000104218	12000.000000	9.96847e-05	12000.000000	0.00010423	12000.000000	0.000159042	12000.000000	1.11755e-09	
13000.000000	0.000193434	13000.000000	0.000166943	13000.000000	0.000105139	13000.000000	0.000100646	13000.000000	0.000105152	13000.000000	0.000166942	13000.000000	1.037e-09 	
14000.000000	0.00020815	14000.000000	0.000174838	14000.000000	0.000105999	14000.000000	0.000101548	14000.000000	0.000106013	14000.000000	0.000174837	14000.000000	9.67584e-10	
15000.000000	0.000223377	15000.000000	0.000182727	15000.000000	0.000106804	15000.000000	0.000102398	15000.000000	0.00010682	15000.000000	0.000182726	15000.000000	9.07125e-10	
16000.000000	0.00023911	16000.000000	0.000190605	16000.000000	0.000107561	16000.000000	0.000103201	16000.000000	0.000107578	16000.000000	0.000190604	16000.000000	8.53979e-10	
17000.000000	0.000255349	17000.000000	0.000198473	17000.000000	0.000108273	17000.000000	0.000103961	17000.000000	0.000108292	17000.000000	0.000198472	17000.000000	8.06883e-10	
18000.000000	0.000272093	18000.000000	0.000206329	18000.000000	0.000108947	18000.000000	0.000104683	18000.000000	0.000108967	18000.000000	0.000206328	18000.000000	7.6485e-10	
19000.000000	0.000289341	19000.000000	0.000214172	19000.000000	0.000109586	19000.000000	0.00010537	19000.000000	0.000109605	19000.000000	0.000214171	19000.000000	7.27098e-10	
20000.000000	0.000307094	20000.000000	0.000222002	20000.000000	0.000110195	20000.000000	0.000106026	20000.000000	0.00011021	20000.000000	0.000222001	20000.000000	6.93e-10  	
21000.000000	0.000325352	21000.000000	0.000229818	21000.000000	0.000110774	21000.000000	0.000106653	21000.000000	0.000110785	21000.000000	0.000229818	21000.000000	6.62044e-10	
22000.000000	0.000344117	22000.000000	0.000237622	22000.000000	0.000111319	22000.000000	0.000107253	22000.000000	0.000111331	22000.000000	0.000237622	22000.000000	6.33811e-10	
23000.000000	0.000363389	23000.000000	0.000245413	23000.000000	0.000111838	23000.000000	0.000107829	23000.000000	0.000111852	23000.000000	0.000245412	23000.000000	6.07955e-10	
24000.000000	0.000383171	24000.000000	0.00025319	24000.000000	0.000112335	24000.000000	0.000108382	24000.000000	0.000112349	24000.000000	0.00025319	24000.000000	5.84184e-10	
25000.000000	0.000403464	25000.000000	0.000260955	25000.000000	0.00011281	25000.000000	0.000108914	25000.000000	0.000112824	25000.000000	0.000260955	25000.000000	5.62253e-10	
26000.000000	0.00042427	26000.000000	0.000268708	26000.000000	0.000113265	26000.000000	0.000109427	26000.000000	0.000113278	26000.000000	0.000268707	26000.000000	5.41955e-10	
27000.000000	0.000445592	27000.000000	0.000276448	27000.000000	0.000113701	27000.000000	0.000109921	27000.000000	0.000113713	27000.000000	0.000276447	27000.000000	5.23112e-10	
28000.000000	0.00046743	28000.000000	0.000284175	28000.000000	0.000114118	28000.000000	0.000110399	28000.000000	0.00011413	28000.000000	0.000284175	28000.000000	5.05573e-10	
29000.000000	0.000489787	29000.000000	0.000291891	29000.000000	0.000114518	29000.000000	0.000110861	29000.000000	0.000114531	29000.000000	0.000291891	29000.000000	4.89204e-10	
30000.000000	0.000512666	30000.000000	0.000299596	30000.000000	0.000114903	30000.000000	0.000111309	30000.000000	0.000114915	30000.000000	0.000299595	30000.000000	4.73891e-10	
32000.000000	0.000559999	32000.000000	0.000314971	32000.000000	0.000115629	32000.000000	0.000112162	32000.000000	0.000115642	32000.000000	0.00031497	32000.000000	4.46047e-10	
34000.000000	0.000609448	34000.000000	0.000330302	34000.000000	0.000116304	34000.000000	0.000112967	34000.000000	0.000116315	34000.000000	0.000330302	34000.000000	4.21378e-10	
36000.000000	0.000661033	36000.000000	0.000345592	36000.000000	0.00011693	36000.000000	0.000113728	36000.000000	0.000116942	36000.000000	0.000345592	36000.000000	3.99365e-10	
38000.000000	0.000714776	38000.000000	0.000360843	38000.000000	0.000117514	38000.000000	0.000114449	38000.000000	0.000117527	38000.000000	0.000360843	38000.000000	3.79598e-10	
40000.000000	0.000770699	40000.000000	0.000376056	40000.000000	0.000118061	40000.000000	0.000115135	40000.000000	0.000118075	40000.000000	0.000376055	40000.000000	3.61746e-10	
42000.000000	0.000828825	42000.000000	0.000391232	42000.000000	0.000118574	42000.000000	0.000115788	42000.000000	0.000118588	42000.000000	0.000391232	42000.000000	3.45542e-10	
44000.000000	0.000889175	44000.000000	0.000406374	44000.000000	0.000119058	44000.000000	0.000116412	44000.000000	0.000119071	44000.000000	0.000406373	44000.000000	3.30766e-10	
46000.000000	0.000951774	46000.000000	0.000421482	46000.000000	0.000119519	46000.000000	0.00011701	46000.000000	0.000119525	46000.000000	0.000421482	46000.000000	3.17235e-10	
48000.000000	0.00101665	48000.000000	0.000436558	48000.000000	0.000119956	48000.000000	0.000117582	48000.000000	0.000119954	48000.000000	0.000436558	48000.000000	3.04797e-10	
50000.000000	0.00108381	50000.000000	0.000451604	50000.000000	0.000120368	50000.000000	0.000118132	50000.000000	0.000120359	50000.000000	0.000451604	50000.000000	2.93324e-10	
