! 121Sb energy loss (dE/dX) in He
! apply ZOOM for details
Energy (MeV/u)1	0 - [He-base] F.Hubert et al, AD&ND Tables 46(1990)1	Energy (MeV/u)2	1 - [H -base] J.F.Ziegler et al,Pergamon Press,NY(low energy)	Energy (MeV/u)3	2 - ATIMA 1.2 LS-theory (recommended for high energy)	Energy (MeV/u)4	3 - ATIMA 1.2 without LS-correction	Energy (MeV/u)5	4 - ATIMA 1.4 H.Weick, improved mean charge formula for HI	Energy (MeV/u)6	5 - electrical component of [1] - J.F.Ziegler et al	Energy (MeV/u)7	6 - nuclear component of [1] - J.F.Ziegler et al	
0.001000	0.00023329	0.001000	0.000285418	0.001000	0.000247418	0.001000	0.000247418	0.001000	0.000247428	0.001000	6.68449e-05	0.001000	0.000218573	
0.002000	0.000241419	0.002000	0.00029524	0.002000	0.000249344	0.002000	0.000249344	0.002000	0.000249353	0.002000	8.66871e-05	0.002000	0.000208553	
0.005000	0.000239589	0.005000	0.000292044	0.005000	0.000234305	0.005000	0.000234305	0.005000	0.000234311	0.005000	0.000122231	0.005000	0.000169813	
0.008000	0.000237909	0.008000	0.000289028	0.008000	0.000224814	0.008000	0.000224814	0.008000	0.000224819	0.008000	0.00014579	0.008000	0.000143238	
0.010000	0.000238143	0.010000	0.000288747	0.010000	0.000221437	0.010000	0.000221437	0.010000	0.000221441	0.010000	0.000158514	0.010000	0.000130233	
0.015000	0.00024157	0.015000	0.000291746	0.015000	0.000218901	0.015000	0.000218901	0.015000	0.000218904	0.015000	0.000184545	0.015000	0.000107201	
0.020000	0.000247072	0.020000	0.000297512	0.020000	0.000220924	0.020000	0.000220924	0.020000	0.000220927	0.020000	0.000205567	0.020000	9.19441e-05	
0.025000	0.000253435	0.025000	0.000304487	0.025000	0.000225181	0.025000	0.000225181	0.025000	0.000225183	0.025000	0.000223509	0.025000	8.09776e-05	
0.030000	0.000260129	0.030000	0.000311978	0.030000	0.000230619	0.030000	0.000230619	0.030000	0.000230621	0.030000	0.000239325	0.030000	7.26524e-05	
0.035000	0.000266904	0.035000	0.000319649	0.035000	0.000236705	0.035000	0.000236705	0.035000	0.000236707	0.035000	0.000253568	0.035000	6.60817e-05	
0.040000	0.000273636	0.040000	0.00032733	0.040000	0.000243146	0.040000	0.000243146	0.040000	0.000243147	0.040000	0.000266588	0.040000	6.07422e-05	
0.045000	0.000280262	0.045000	0.000334931	0.045000	0.000249772	0.045000	0.000249772	0.045000	0.000249774	0.045000	0.000278627	0.045000	5.6304e-05	
0.050000	0.000286749	0.050000	0.000342403	0.050000	0.000256481	0.050000	0.000256481	0.050000	0.000256482	0.050000	0.000289856	0.050000	5.25474e-05	
0.055000	0.000293084	0.055000	0.000349723	0.055000	0.000263207	0.055000	0.000263207	0.055000	0.000263208	0.055000	0.000300403	0.055000	4.93203e-05	
0.060000	0.000299263	0.060000	0.00035688	0.060000	0.000269911	0.060000	0.000269911	0.060000	0.000269912	0.060000	0.000310366	0.060000	4.65135e-05	
0.070000	0.000315748	0.070000	0.000370695	0.070000	0.000283155	0.070000	0.000283155	0.070000	0.000283156	0.070000	0.000328836	0.070000	4.18589e-05	
0.080000	0.000352463	0.080000	0.000385026	0.080000	0.000297045	0.080000	0.000297045	0.080000	0.000297046	0.080000	0.000346882	0.080000	3.81438e-05	
0.090000	0.000386314	0.090000	0.000432738	0.090000	0.000338785	0.090000	0.000338785	0.090000	0.000338786	0.090000	0.000397967	0.090000	3.47705e-05	
0.100000	0.000418003	0.100000	0.000479981	0.100000	0.000381198	0.100000	0.000381198	0.100000	0.000381199	0.100000	0.000447723	0.100000	3.22579e-05	
0.120000	0.000464719	0.120000	0.000570207	0.120000	0.000464753	0.120000	0.000464753	0.120000	0.000464754	0.120000	0.000541935	0.120000	2.82724e-05	
0.140000	0.000504896	0.140000	0.000653241	0.140000	0.000544192	0.140000	0.000544192	0.140000	0.000544193	0.140000	0.000628  	0.140000	2.52414e-05	
0.160000	0.000541632	0.160000	0.000728572	0.160000	0.000617831	0.160000	0.000617831	0.160000	0.000617832	0.160000	0.000705722	0.160000	2.28502e-05	
0.180000	0.000576754	0.180000	0.000796503	0.180000	0.000684958	0.180000	0.000684958	0.180000	0.000684959	0.180000	0.000775593	0.180000	2.09102e-05	
0.200000	0.000611202	0.200000	0.000857679	0.200000	0.000745486	0.200000	0.000745486	0.200000	0.000745487	0.200000	0.000838377	0.200000	1.93014e-05	
0.250000	0.000676503	0.250000	0.000987964	0.250000	0.00087034	0.250000	0.00087034	0.250000	0.000870341	0.250000	0.000971705	0.250000	1.62582e-05	
0.300000	0.000737506	0.300000	0.00109293	0.300000	0.000964498	0.300000	0.000964498	0.300000	0.000964498	0.300000	0.00107882	0.300000	1.41048e-05	
0.350000	0.000793102	0.350000	0.00117711	0.350000	0.00103673	0.350000	0.00103673	0.350000	0.00103673	0.350000	0.00116462	0.350000	1.2493e-05	
0.400000	0.000843297	0.400000	0.00124587	0.400000	0.00109382	0.400000	0.00109382	0.400000	0.00109382	0.400000	0.00123464	0.400000	1.12369e-05	
0.450000	0.000888346	0.450000	0.00130291	0.450000	0.00114047	0.450000	0.00114047	0.450000	0.00114047	0.450000	0.00129269	0.450000	1.0228e-05	
0.500000	0.000932643	0.500000	0.00135084	0.500000	0.00117975	0.500000	0.00117975	0.500000	0.00117975	0.500000	0.00134144	0.500000	9.39808e-06	
0.600000	0.000998841	0.600000	0.00147833	0.600000	0.00124353	0.600000	0.00124353	0.600000	0.00124354	0.600000	0.00147022	0.600000	8.10989e-06	
0.700000	0.00103827	0.700000	0.00157292	0.700000	0.00129426	0.700000	0.00129426	0.700000	0.00129426	0.700000	0.00156577	0.700000	7.15291e-06	
0.800000	0.00110012	0.800000	0.00164378	0.800000	0.00133845	0.800000	0.00133845	0.800000	0.00133845	0.800000	0.00163736	0.800000	6.41159e-06	
0.900000	0.00115012	0.900000	0.00169726	0.900000	0.00139049	0.900000	0.00139049	0.900000	0.00139049	0.900000	0.00169144	0.900000	5.81899e-06	
1.000000	0.00118574	1.000000	0.00173131	1.000000	0.00143335	1.000000	0.00143335	1.000000	0.00143335	1.000000	0.00172598	1.000000	5.33353e-06	
1.250000	0.00123684	1.250000	0.00176619	1.250000	0.00151103	1.250000	0.00151103	1.250000	0.00151103	1.250000	0.00176176	1.250000	4.43023e-06	
1.500000	0.00126467	1.500000	0.00177662	1.500000	0.00155931	1.500000	0.00155931	1.500000	0.00155931	1.500000	0.00177282	1.500000	3.80312e-06	
1.750000	0.00127511	1.750000	0.0017695 	1.750000	0.00158818	1.750000	0.00158818	1.750000	0.00158818	1.750000	0.00176616	1.750000	3.34045e-06	
2.000000	0.00127067	2.000000	0.00174525	2.000000	0.0016038 	2.000000	0.0016038 	2.000000	0.0016038 	2.000000	0.00174226	2.000000	2.98401e-06	
2.250000	0.00126478	2.250000	0.00172037	2.250000	0.00161015	2.250000	0.00161015	2.250000	0.00161015	2.250000	0.00171767	2.250000	2.70037e-06	
2.500000	0.0018805 	2.500000	0.0016953 	2.500000	0.0016099 	2.500000	0.0016099 	2.500000	0.00160991	2.500000	0.00169283	2.500000	2.46891e-06	
3.000000	0.00182602	3.000000	0.00164586	3.000000	0.0015965 	3.000000	0.0015965 	3.000000	0.0015965 	3.000000	0.00164374	3.000000	2.11306e-06	
3.500000	0.0017648 	3.500000	0.0015984 	3.500000	0.00157285	3.500000	0.00157285	3.500000	0.00157285	3.500000	0.00159655	3.500000	1.85151e-06	
4.000000	0.00170266	4.000000	0.00155253	4.000000	0.00154386	4.000000	0.00154386	4.000000	0.00154386	4.000000	0.00155088	4.000000	1.65063e-06	
4.500000	0.00164222	4.500000	0.00150862	4.500000	0.00151223	4.500000	0.00151223	4.500000	0.00151223	4.500000	0.00150713	4.500000	1.49119e-06	
5.000000	0.00158461	5.000000	0.00146662	5.000000	0.00147795	5.000000	0.00147795	5.000000	0.00147795	5.000000	0.00146525	5.000000	1.36136e-06	
5.500000	0.00153024	5.500000	0.00142645	5.500000	0.0014409 	5.500000	0.0014409 	5.500000	0.0014409 	5.500000	0.0014252 	5.500000	1.25346e-06	
6.000000	0.00147919	6.000000	0.00138848	6.000000	0.00140555	6.000000	0.00140555	6.000000	0.00140555	6.000000	0.00138731	6.000000	1.16228e-06	
6.500000	0.00143135	6.500000	0.00135261	6.500000	0.00137183	6.500000	0.00137183	6.500000	0.00137183	6.500000	0.00135152	6.500000	1.08415e-06	
7.000000	0.00138656	7.000000	0.00131869	7.000000	0.00133968	7.000000	0.00133968	7.000000	0.00133968	7.000000	0.00131767	7.000000	1.0164e-06	
7.500000	0.0013446 	7.500000	0.00128643	7.500000	0.00130901	7.500000	0.00130901	7.500000	0.00130901	7.500000	0.00128547	7.500000	9.57058e-07	
8.000000	0.00130525	8.000000	0.00125572	8.000000	0.00127974	8.000000	0.00127974	8.000000	0.00127974	8.000000	0.00125482	8.000000	9.04626e-07	
8.500000	0.00126832	8.500000	0.00122626	8.500000	0.00125179	8.500000	0.00125179	8.500000	0.00125179	8.500000	0.0012254 	8.500000	8.57942e-07	
9.000000	0.00123359	9.000000	0.00119808	9.000000	0.00122507	9.000000	0.00122507	9.000000	0.00122507	9.000000	0.00119726	9.000000	8.16092e-07	
9.500000	0.0012009 	9.500000	0.00117134	9.500000	0.00119951	9.500000	0.00119951	9.500000	0.00119951	9.500000	0.00117056	9.500000	7.78349e-07	
10.000000	0.00117008	10.000000	0.00109825	10.000000	0.00117503	10.000000	0.00117503	10.000000	0.00117503	10.000000	0.00109751	10.000000	7.44127e-07	
11.000000	0.00111344	11.000000	0.00106723	11.000000	0.00111844	11.000000	0.00113111	11.000000	0.00114075	11.000000	0.00106655	11.000000	6.84411e-07	
12.000000	0.00106262	12.000000	0.00103731	12.000000	0.0010675 	12.000000	0.00109084	12.000000	0.0011076 	12.000000	0.00103668	12.000000	6.34014e-07	
13.000000	0.00101678	13.000000	0.00100855	13.000000	0.00102146	13.000000	0.00105382	13.000000	0.00107581	13.000000	0.00100796	13.000000	5.9088e-07	
14.000000	0.0009752 	14.000000	0.000981034	14.000000	0.000979666	14.000000	0.00101972	14.000000	0.00104547	14.000000	0.00098048	14.000000	5.53519e-07	
15.000000	0.000937313	15.000000	0.000954803	15.000000	0.000941587	15.000000	0.000988224	15.000000	0.00101662	15.000000	0.000954282	15.000000	5.20828e-07	
16.000000	0.000902637	16.000000	0.000929838	16.000000	0.000906782	16.000000	0.000959064	16.000000	0.000989226	16.000000	0.000929346	16.000000	4.91969e-07	
17.000000	0.000870771	17.000000	0.000906096	17.000000	0.000874883	17.000000	0.000932009	17.000000	0.000963267	17.000000	0.000905629	17.000000	4.66294e-07	
18.000000	0.000841378	18.000000	0.000883522	18.000000	0.000845584	18.000000	0.000906855	18.000000	0.000938631	18.000000	0.000883078	18.000000	4.43296e-07	
19.000000	0.000814175	19.000000	0.000862055	19.000000	0.000818602	19.000000	0.000883423	19.000000	0.000915316	19.000000	0.000861633	19.000000	4.22569e-07	
20.000000	0.000788919	20.000000	0.000841632	20.000000	0.000793681	20.000000	0.000861556	20.000000	0.000893267	20.000000	0.000841229	20.000000	4.03788e-07	
21.000000	0.000765401	21.000000	0.000822191	21.000000	0.00077062	21.000000	0.000841115	21.000000	0.000872324	21.000000	0.000821805	21.000000	3.86687e-07	
22.000000	0.000743444	22.000000	0.000803671	22.000000	0.000749255	22.000000	0.000821979	22.000000	0.000852534	22.000000	0.0008033 	22.000000	3.71046e-07	
23.000000	0.000722893	23.000000	0.000786014	23.000000	0.00072943	23.000000	0.000804038	23.000000	0.000833758	23.000000	0.000785657	23.000000	3.56683e-07	
24.000000	0.000703612	24.000000	0.000769165	24.000000	0.000711004	24.000000	0.000787195	24.000000	0.00081598	24.000000	0.000768822	24.000000	3.43444e-07	
25.000000	0.000685485	25.000000	0.000753075	25.000000	0.000693851	25.000000	0.000771364	25.000000	0.000799122	25.000000	0.000752744	25.000000	3.31201e-07	
27.000000	0.000652286	27.000000	0.000722982	27.000000	0.000662948	27.000000	0.000742436	27.000000	0.000767977	27.000000	0.000722673	27.000000	3.09277e-07	
29.000000	0.000622605	29.000000	0.000695393	29.000000	0.00063599	29.000000	0.000716721	29.000000	0.000739942	29.000000	0.000695103	29.000000	2.90203e-07	
31.000000	0.000595896	31.000000	0.000670016	31.000000	0.000613737	31.000000	0.000691272	31.000000	0.000710246	31.000000	0.000669743	31.000000	2.7345e-07	
33.000000	0.000571721	33.000000	0.000646599	33.000000	0.000594657	33.000000	0.000665647	33.000000	0.000679393	33.000000	0.000646341	33.000000	2.58611e-07	
35.000000	0.000549725	35.000000	0.000624925	35.000000	0.000576898	35.000000	0.000642052	35.000000	0.000651558	35.000000	0.00062468	35.000000	2.45372e-07	
38.000000	0.000520197	38.000000	0.000595282	38.000000	0.000552356	38.000000	0.000609955	38.000000	0.000614517	38.000000	0.000595054	38.000000	2.27982e-07	
41.000000	0.000494151	41.000000	0.000568619	41.000000	0.000530087	41.000000	0.000581247	41.000000	0.000582107	41.000000	0.000568406	41.000000	2.12997e-07	
44.000000	0.000470991	44.000000	0.000544508	44.000000	0.000509731	44.000000	0.000555412	44.000000	0.000553486	44.000000	0.000544308	44.000000	1.99943e-07	
47.000000	0.000450248	47.000000	0.000522598	47.000000	0.000491144	47.000000	0.000532033	47.000000	0.000527991	47.000000	0.00052241	47.000000	1.88466e-07	
50.000000	0.000431554	50.000000	0.0005026 	50.000000	0.000474059	50.000000	0.000510775	50.000000	0.00050514	50.000000	0.000502422	50.000000	1.7829e-07	
55.000000	0.000404166	55.000000	0.000472884	55.000000	0.000448418	55.000000	0.00047932	55.000000	0.000471826	55.000000	0.00047272	55.000000	1.63668e-07	
60.000000	0.000380607	60.000000	0.000446936	60.000000	0.000425825	60.000000	0.000451985	60.000000	0.00044335	60.000000	0.000446784	60.000000	1.51357e-07	
65.000000	0.000360106	65.000000	0.000424079	65.000000	0.000405731	65.000000	0.000428008	65.000000	0.000418691	65.000000	0.000423938	65.000000	1.40841e-07	
70.000000	0.00034209	70.000000	0.000403791	70.000000	0.000387817	70.000000	0.000406803	70.000000	0.00039714	70.000000	0.000403659	70.000000	1.3175e-07	
75.000000	0.000326123	75.000000	0.00038566	75.000000	0.000371697	75.000000	0.000387917	75.000000	0.000379162	75.000000	0.000385536	75.000000	1.23809e-07	
80.000000	0.000311863	80.000000	0.000369358	80.000000	0.000357118	80.000000	0.000370989	80.000000	0.000363102	80.000000	0.000369241	80.000000	1.16809e-07	
85.000000	0.000299045	85.000000	0.000354622	85.000000	0.000343868	85.000000	0.00035573	85.000000	0.000348667	85.000000	0.000354512	85.000000	1.10591e-07	
90.000000	0.000287455	90.000000	0.000341236	90.000000	0.000331771	90.000000	0.000341904	90.000000	0.000335624	90.000000	0.000341131	90.000000	1.05029e-07	
95.000000	0.00027692	95.000000	0.000329023	95.000000	0.000320721	95.000000	0.000329321	95.000000	0.000323798	95.000000	0.000328923	95.000000	1.00022e-07	
100.000000	0.000267299	100.000000	0.000317835	100.000000	0.000310552	100.000000	0.00031782	100.000000	0.000313004	100.000000	0.00031774	100.000000	9.54901e-08	
105.000000	0.000258474	105.000000	0.000307548	105.000000	0.000301162	105.000000	0.000307268	105.000000	0.00030309	105.000000	0.000307457	105.000000	9.13683e-08	
110.000000	0.000250347	110.000000	0.000298058	110.000000	0.000292463	110.000000	0.000297552	110.000000	0.000293987	110.000000	0.00029797	110.000000	8.76023e-08	
115.000000	0.000242838	115.000000	0.000289275	115.000000	0.000284405	115.000000	0.000288579	115.000000	0.000285559	115.000000	0.000289191	115.000000	8.41474e-08	
120.000000	0.000235876	120.000000	0.000281125	120.000000	0.000276911	120.000000	0.000280265	120.000000	0.000277778	120.000000	0.000281044	120.000000	8.09659e-08	
125.000000	0.000229402	125.000000	0.00027354	125.000000	0.000269909	125.000000	0.000272542	125.000000	0.000270533	125.000000	0.000273462	125.000000	7.80262e-08	
130.000000	0.000223365	130.000000	0.000266464	130.000000	0.000263358	130.000000	0.000265349	130.000000	0.000263797	130.000000	0.000266389	130.000000	7.53014e-08	
135.000000	0.00021772	135.000000	0.000259848	135.000000	0.000257233	135.000000	0.000258634	135.000000	0.00025749	135.000000	0.000259775	135.000000	7.27683e-08	
140.000000	0.000212431	140.000000	0.000253649	140.000000	0.000251482	140.000000	0.000252352	140.000000	0.000251611	140.000000	0.000253578	140.000000	7.04072e-08	
145.000000	0.000207463	145.000000	0.000247828	145.000000	0.000246061	145.000000	0.000246461	145.000000	0.000246071	145.000000	0.00024776	145.000000	6.82009e-08	
150.000000	0.000202787	150.000000	0.000242353	150.000000	0.000240947	150.000000	0.000240927	150.000000	0.000240884	150.000000	0.000242287	150.000000	6.61344e-08	
155.000000	0.000196062	155.000000	0.000237193	155.000000	0.000236146	155.000000	0.000235719	155.000000	0.000235988	155.000000	0.000237129	155.000000	6.41947e-08	
160.000000	0.000192193	160.000000	0.000232322	160.000000	0.000231609	160.000000	0.000230809	160.000000	0.000231373	160.000000	0.00023226	160.000000	6.23703e-08	
165.000000	0.000188535	165.000000	0.000227717	165.000000	0.000227292	165.000000	0.000226172	165.000000	0.000227022	165.000000	0.000227656	165.000000	6.0651e-08	
170.000000	0.00018507	170.000000	0.000223357	170.000000	0.0002232 	170.000000	0.000221787	170.000000	0.000222886	170.000000	0.000223298	170.000000	5.90279e-08	
175.000000	0.000181784	175.000000	0.000219222	175.000000	0.000219325	175.000000	0.000217634	175.000000	0.000218977	175.000000	0.000219165	175.000000	5.7493e-08	
180.000000	0.000178663	180.000000	0.000215297	180.000000	0.000215646	180.000000	0.000213695	180.000000	0.000215268	180.000000	0.000215241	180.000000	5.60392e-08	
185.000000	0.000175695	185.000000	0.000211565	185.000000	0.000212144	185.000000	0.000209954	185.000000	0.000211733	185.000000	0.00021151	185.000000	5.46602e-08	
190.000000	0.000172868	190.000000	0.000208013	190.000000	0.000208803	190.000000	0.000206397	190.000000	0.000208377	190.000000	0.00020796	190.000000	5.33503e-08	
195.000000	0.000170173	195.000000	0.000204628	195.000000	0.000205608	195.000000	0.000203011	195.000000	0.000205181	195.000000	0.000204576	195.000000	5.21043e-08	
200.000000	0.0001676 	200.000000	0.000201399	200.000000	0.000202555	200.000000	0.000199784	200.000000	0.000202122	200.000000	0.000201348	200.000000	5.09175e-08	
210.000000	0.000162789	210.000000	0.000195368	210.000000	0.000196879	210.000000	0.000193764	210.000000	0.000196429	210.000000	0.000195319	210.000000	4.87056e-08	
220.000000	0.000158379	220.000000	0.000189846	220.000000	0.000191649	220.000000	0.000188263	220.000000	0.000191204	220.000000	0.000189799	220.000000	4.66852e-08	
230.000000	0.00015432	230.000000	0.000184773	230.000000	0.000186854	230.000000	0.000183217	230.000000	0.000186415	230.000000	0.000184728	230.000000	4.48324e-08	
240.000000	0.000150573	240.000000	0.000180096	240.000000	0.000182431	240.000000	0.000178574	240.000000	0.000181992	240.000000	0.000180053	240.000000	4.31267e-08	
250.000000	0.000147101	250.000000	0.000175773	250.000000	0.000178319	250.000000	0.000174287	250.000000	0.000177906	250.000000	0.000175731	250.000000	4.15511e-08	
260.000000	0.000143877	260.000000	0.000171764	260.000000	0.000174513	260.000000	0.000170318	260.000000	0.000174111	260.000000	0.000171724	260.000000	4.0091e-08	
270.000000	0.000140875	270.000000	0.000168037	270.000000	0.000170985	270.000000	0.000166634	270.000000	0.000170589	270.000000	0.000167999	270.000000	3.87341e-08	
280.000000	0.000138071	280.000000	0.000164565	280.000000	0.000167683	280.000000	0.000163206	280.000000	0.000167297	280.000000	0.000164527	280.000000	3.74697e-08	
290.000000	0.000135448	290.000000	0.000161322	290.000000	0.00016459	290.000000	0.000160009	290.000000	0.000164233	290.000000	0.000161286	290.000000	3.62884e-08	
300.000000	0.000132989	300.000000	0.000158287	300.000000	0.000161695	300.000000	0.000157021	300.000000	0.000161351	300.000000	0.000158252	300.000000	3.51822e-08	
310.000000	0.000130678	310.000000	0.000155441	310.000000	0.000158983	310.000000	0.000154223	310.000000	0.000158657	310.000000	0.000155407	310.000000	3.41441e-08	
320.000000	0.000128503	320.000000	0.000152767	320.000000	0.000156435	320.000000	0.000151597	320.000000	0.000156121	320.000000	0.000152734	320.000000	3.31679e-08	
330.000000	0.000126452	330.000000	0.000150251	330.000000	0.000154041	330.000000	0.000149129	330.000000	0.000153736	330.000000	0.000150219	330.000000	3.22482e-08	
340.000000	0.000124516	340.000000	0.000147879	340.000000	0.000151781	340.000000	0.000146805	340.000000	0.000151493	340.000000	0.000147848	340.000000	3.13801e-08	
350.000000	0.000122684	350.000000	0.00014564	350.000000	0.000149643	350.000000	0.000144614	350.000000	0.000149367	350.000000	0.00014561	350.000000	3.05593e-08	
360.000000	0.000120949	360.000000	0.000143524	360.000000	0.00014762	360.000000	0.000142545	360.000000	0.00014736	360.000000	0.000143494	360.000000	2.97821e-08	
370.000000	0.000119304	370.000000	0.00014152	370.000000	0.000145708	370.000000	0.000140588	370.000000	0.000145464	370.000000	0.000141491	370.000000	2.9045e-08	
380.000000	0.000117742	380.000000	0.000139621	380.000000	0.000143896	380.000000	0.000138735	380.000000	0.000143658	380.000000	0.000139592	380.000000	2.83449e-08	
390.000000	0.000116257	390.000000	0.000137818	390.000000	0.000142177	390.000000	0.000136979	390.000000	0.000141948	390.000000	0.00013779	390.000000	2.7679e-08	
400.000000	0.000114843	400.000000	0.000136105	400.000000	0.000140545	400.000000	0.000135312	400.000000	0.000140327	400.000000	0.000136078	400.000000	2.7045e-08	
410.000000	0.000113496	410.000000	0.000134476	410.000000	0.000138993	410.000000	0.000133727	410.000000	0.000138778	410.000000	0.00013445	410.000000	2.64405e-08	
420.000000	0.000112211	420.000000	0.000132925	420.000000	0.000137511	420.000000	0.00013222	420.000000	0.000137304	420.000000	0.000132899	420.000000	2.58635e-08	
430.000000	0.000110985	430.000000	0.000131446	430.000000	0.000136096	430.000000	0.000130785	430.000000	0.000135904	430.000000	0.000131421	430.000000	2.53121e-08	
440.000000	0.000109813	440.000000	0.000130036	440.000000	0.000134748	440.000000	0.000129418	440.000000	0.000134565	440.000000	0.000130011	440.000000	2.47846e-08	
450.000000	0.000108692	450.000000	0.000128689	450.000000	0.000133462	450.000000	0.000128113	450.000000	0.000133284	450.000000	0.000128665	450.000000	2.42796e-08	
460.000000	0.000107619	460.000000	0.000127402	460.000000	0.000132234	460.000000	0.000126867	460.000000	0.000132062	460.000000	0.000127378	460.000000	2.37955e-08	
470.000000	0.000106591	470.000000	0.000126171	470.000000	0.000131059	470.000000	0.000125676	470.000000	0.000130897	470.000000	0.000126147	470.000000	2.33311e-08	
480.000000	0.000105605	480.000000	0.000124992	480.000000	0.000129934	480.000000	0.000124537	480.000000	0.000129775	480.000000	0.000124969	480.000000	2.28852e-08	
490.000000	0.00010466	490.000000	0.000123863	490.000000	0.000128855	490.000000	0.000123447	490.000000	0.000128702	490.000000	0.00012384	490.000000	2.24567e-08	
500.000000	0.000103752	500.000000	0.000122781	500.000000	0.00012782	500.000000	0.000122403	500.000000	0.000127675	500.000000	0.000122759	500.000000	2.20445e-08	
520.000000	0.000102042	520.000000	0.000120746	520.000000	0.000125879	520.000000	0.000120442	520.000000	0.000125744	520.000000	0.000120724	520.000000	2.12657e-08	
540.000000	0.00010046	540.000000	0.000118868	540.000000	0.000124087	540.000000	0.000118636	540.000000	0.000123961	540.000000	0.000118848	540.000000	2.05421e-08	
560.000000	9.89938e-05	560.000000	0.000117132	560.000000	0.000122428	560.000000	0.000116967	560.000000	0.000122315	560.000000	0.000117113	560.000000	1.98679e-08	
580.000000	9.76313e-05	580.000000	0.000115524	580.000000	0.000120892	580.000000	0.000115423	580.000000	0.000120786	580.000000	0.000115504	580.000000	1.92381e-08	
600.000000	9.63632e-05	600.000000	0.00011403	600.000000	0.000119468	600.000000	0.000113991	600.000000	0.000119371	600.000000	0.000114011	600.000000	1.86486e-08	
620.000000	9.51808e-05	620.000000	0.00011264	620.000000	0.000118142	620.000000	0.00011266	620.000000	0.000118048	620.000000	0.000112622	620.000000	1.80954e-08	
640.000000	9.40767e-05	640.000000	0.000111345	640.000000	0.000116902	640.000000	0.000111421	640.000000	0.000116819	640.000000	0.000111327	640.000000	1.75754e-08	
660.000000	9.30442e-05	660.000000	0.000110136	660.000000	0.000115745	660.000000	0.000110265	660.000000	0.000115671	660.000000	0.000110119	660.000000	1.70855e-08	
680.000000	9.20773e-05	680.000000	0.000109007	680.000000	0.000114665	680.000000	0.000109186	680.000000	0.000114596	680.000000	0.00010899	680.000000	1.66231e-08	
700.000000	9.11708e-05	700.000000	0.00010795	700.000000	0.000113656	700.000000	0.000108176	700.000000	0.000113592	700.000000	0.000107933	700.000000	1.61861e-08	
720.000000	9.03199e-05	720.000000	0.000106959	720.000000	0.00011271	720.000000	0.00010723	720.000000	0.000112648	720.000000	0.000106943	720.000000	1.57723e-08	
740.000000	8.95205e-05	740.000000	0.00010603	740.000000	0.000111822	740.000000	0.000106342	740.000000	0.000111762	740.000000	0.000106014	740.000000	1.53799e-08	
760.000000	8.87687e-05	760.000000	0.000105157	760.000000	0.000110987	760.000000	0.000105509	760.000000	0.000110931	760.000000	0.000105142	760.000000	1.50073e-08	
780.000000	8.80611e-05	780.000000	0.000104337	780.000000	0.0001102 	780.000000	0.000104726	780.000000	0.000110147	780.000000	0.000104322	780.000000	1.4653e-08	
800.000000	8.73946e-05	800.000000	0.000103565	800.000000	0.000109458	800.000000	0.000103988	800.000000	0.000109409	800.000000	0.000103551	800.000000	1.43156e-08	
820.000000	8.67663e-05	820.000000	0.000102838	820.000000	0.000108757	820.000000	0.000103294	820.000000	0.000108714	820.000000	0.000102824	820.000000	1.3994e-08	
840.000000	8.61738e-05	840.000000	0.000102154	840.000000	0.000108097	840.000000	0.000102639	840.000000	0.000108058	840.000000	0.00010214	840.000000	1.36871e-08	
860.000000	8.56147e-05	860.000000	0.000101508	860.000000	0.000107473	860.000000	0.000102021	860.000000	0.000107436	860.000000	0.000101495	860.000000	1.33938e-08	
880.000000	8.50868e-05	880.000000	0.000100899	880.000000	0.000106884	880.000000	0.000101437	880.000000	0.00010685	880.000000	0.000100886	880.000000	1.31133e-08	
900.000000	8.45882e-05	900.000000	0.000100324	900.000000	0.000106329	900.000000	0.000100884	900.000000	0.000106298	900.000000	0.000100312	900.000000	1.28448e-08	
920.000000	8.41171e-05	920.000000	9.97816e-05	920.000000	0.000105803	920.000000	0.000100362	920.000000	0.000105771	920.000000	9.9769e-05	920.000000	1.25874e-08	
940.000000	8.36719e-05	940.000000	9.92687e-05	940.000000	0.000105306	940.000000	9.98677e-05	940.000000	0.000105273	940.000000	9.92564e-05	940.000000	1.23405e-08	
960.000000	8.32511e-05	960.000000	9.8784e-05	960.000000	0.000104834	960.000000	9.93993e-05	960.000000	0.000104802	960.000000	9.87719e-05	960.000000	1.21035e-08	
980.000000	8.28532e-05	980.000000	9.83258e-05	980.000000	0.000104384	980.000000	9.89554e-05	980.000000	0.000104356	980.000000	9.83139e-05	980.000000	1.18758e-08	
1000.000000	8.2477e-05	1000.000000	9.78925e-05	1000.000000	0.000103957	1000.000000	9.85343e-05	1000.000000	0.00010393	1000.000000	9.78808e-05	1000.000000	1.16568e-08	
1020.000000	8.21213e-05	1020.000000	9.74826e-05	1020.000000	0.000103552	1020.000000	9.81347e-05	1020.000000	0.000103526	1020.000000	9.74712e-05	1020.000000	1.1446e-08	
1040.000000	8.1785e-05	1040.000000	9.7095e-05	1040.000000	0.000103167	1040.000000	9.77554e-05	1040.000000	0.000103143	1040.000000	9.70837e-05	1040.000000	1.12429e-08	
1060.000000	8.1467e-05	1060.000000	9.67282e-05	1060.000000	0.000102801	1060.000000	9.73951e-05	1060.000000	0.00010278	1060.000000	9.67172e-05	1060.000000	1.10473e-08	
1080.000000	8.11665e-05	1080.000000	9.63813e-05	1080.000000	0.000102454	1080.000000	9.70527e-05	1080.000000	0.000102432	1080.000000	9.63704e-05	1080.000000	1.08585e-08	
1100.000000	8.08824e-05	1100.000000	9.60531e-05	1100.000000	0.000102123	1100.000000	9.67273e-05	1100.000000	0.000102101	1100.000000	9.60424e-05	1100.000000	1.06764e-08	
1120.000000	8.06141e-05	1120.000000	9.57427e-05	1120.000000	0.000101809	1120.000000	9.64178e-05	1120.000000	0.000101788	1120.000000	9.57322e-05	1120.000000	1.05004e-08	
1140.000000	8.03607e-05	1140.000000	9.54491e-05	1140.000000	0.00010151	1140.000000	9.61233e-05	1140.000000	0.00010149	1140.000000	9.54387e-05	1140.000000	1.03304e-08	
1160.000000	8.01215e-05	1160.000000	9.51715e-05	1160.000000	0.000101225	1160.000000	9.58432e-05	1160.000000	0.000101206	1160.000000	9.51613e-05	1160.000000	1.0166e-08	
1180.000000	7.98959e-05	1180.000000	9.49091e-05	1180.000000	0.000100954	1180.000000	9.55765e-05	1180.000000	0.000100935	1180.000000	9.48991e-05	1180.000000	1.0007e-08	
1200.000000	7.96831e-05	1200.000000	9.46611e-05	1200.000000	0.000100695	1200.000000	9.53226e-05	1200.000000	0.000100676	1200.000000	9.46512e-05	1200.000000	9.85304e-09	
1220.000000	7.94827e-05	1220.000000	9.44269e-05	1220.000000	0.00010045	1220.000000	9.50808e-05	1220.000000	0.000100431	1220.000000	9.44172e-05	1220.000000	9.70392e-09	
1240.000000	7.92941e-05	1240.000000	9.42058e-05	1240.000000	0.000100215	1240.000000	9.48505e-05	1240.000000	0.000100198	1240.000000	9.41962e-05	1240.000000	9.5594e-09	
1260.000000	7.91167e-05	1260.000000	9.39971e-05	1260.000000	9.99921e-05	1260.000000	9.46311e-05	1260.000000	9.99744e-05	1260.000000	9.39877e-05	1260.000000	9.41929e-09	
1280.000000	7.895e-05 	1280.000000	9.38004e-05	1280.000000	9.97791e-05	1280.000000	9.44221e-05	1280.000000	9.97608e-05	1280.000000	9.37911e-05	1280.000000	9.28338e-09	
1300.000000	7.87937e-05	1300.000000	9.36151e-05	1300.000000	9.95759e-05	1300.000000	9.42229e-05	1300.000000	9.95577e-05	1300.000000	9.36059e-05	1300.000000	9.15147e-09	
1320.000000	7.86472e-05	1320.000000	9.34406e-05	1320.000000	9.9382e-05	1320.000000	9.40331e-05	1320.000000	9.93646e-05	1320.000000	9.34315e-05	1320.000000	9.0234e-09	
1340.000000	7.85102e-05	1340.000000	9.32765e-05	1340.000000	9.91968e-05	1340.000000	9.38522e-05	1340.000000	9.91808e-05	1340.000000	9.32676e-05	1340.000000	8.899e-09 	
1360.000000	7.83822e-05	1360.000000	9.31223e-05	1360.000000	9.902e-05 	1360.000000	9.36797e-05	1360.000000	9.9005e-05	1360.000000	9.31135e-05	1360.000000	8.7781e-09	
1380.000000	7.8263e-05	1380.000000	9.29776e-05	1380.000000	9.88514e-05	1380.000000	9.35154e-05	1380.000000	9.88364e-05	1380.000000	9.29689e-05	1380.000000	8.66057e-09	
1400.000000	7.81521e-05	1400.000000	9.2842e-05	1400.000000	9.86906e-05	1400.000000	9.33588e-05	1400.000000	9.8676e-05	1400.000000	9.28335e-05	1400.000000	8.54625e-09	
1420.000000	7.80492e-05	1420.000000	9.27152e-05	1420.000000	9.85372e-05	1420.000000	9.32095e-05	1420.000000	9.85234e-05	1420.000000	9.27068e-05	1420.000000	8.43503e-09	
1440.000000	7.79541e-05	1440.000000	9.25968e-05	1440.000000	9.83911e-05	1440.000000	9.30672e-05	1440.000000	9.83782e-05	1440.000000	9.25884e-05	1440.000000	8.32676e-09	
1460.000000	7.78664e-05	1460.000000	9.24863e-05	1460.000000	9.82519e-05	1460.000000	9.29316e-05	1460.000000	9.82402e-05	1460.000000	9.24781e-05	1460.000000	8.22135e-09	
1480.000000	7.77858e-05	1480.000000	9.23836e-05	1480.000000	9.81193e-05	1480.000000	9.28025e-05	1480.000000	9.81074e-05	1480.000000	9.23755e-05	1480.000000	8.11866e-09	
1500.000000	7.77122e-05	1500.000000	9.22883e-05	1500.000000	9.79929e-05	1500.000000	9.26794e-05	1500.000000	9.79806e-05	1500.000000	9.22803e-05	1500.000000	8.01861e-09	
1520.000000	7.76452e-05	1520.000000	9.22001e-05	1520.000000	9.78725e-05	1520.000000	9.25622e-05	1520.000000	9.78604e-05	1520.000000	9.21922e-05	1520.000000	7.92107e-09	
1540.000000	7.75846e-05	1540.000000	9.21187e-05	1540.000000	9.77577e-05	1540.000000	9.24506e-05	1540.000000	9.77461e-05	1540.000000	9.21109e-05	1540.000000	7.82597e-09	
1560.000000	7.75302e-05	1560.000000	9.2044e-05	1560.000000	9.76482e-05	1560.000000	9.23444e-05	1560.000000	9.76375e-05	1560.000000	9.20362e-05	1560.000000	7.73321e-09	
1580.000000	7.74818e-05	1580.000000	9.19755e-05	1580.000000	9.75439e-05	1580.000000	9.22433e-05	1580.000000	9.75344e-05	1580.000000	9.19679e-05	1580.000000	7.6427e-09	
1600.000000	7.74391e-05	1600.000000	9.19132e-05	1600.000000	9.74444e-05	1600.000000	9.2147e-05	1600.000000	9.74355e-05	1600.000000	9.19056e-05	1600.000000	7.55437e-09	
1620.000000	7.7402e-05	1620.000000	9.18567e-05	1620.000000	9.73496e-05	1620.000000	9.20556e-05	1620.000000	9.73408e-05	1620.000000	9.18493e-05	1620.000000	7.46812e-09	
1640.000000	7.73702e-05	1640.000000	9.18059e-05	1640.000000	9.72593e-05	1640.000000	9.19686e-05	1640.000000	9.7251e-05	1640.000000	9.17986e-05	1640.000000	7.3839e-09	
1660.000000	7.73437e-05	1660.000000	9.17606e-05	1660.000000	9.71732e-05	1660.000000	9.18859e-05	1660.000000	9.71657e-05	1660.000000	9.17533e-05	1660.000000	7.30162e-09	
1680.000000	7.73222e-05	1680.000000	9.17206e-05	1680.000000	9.70914e-05	1680.000000	9.18074e-05	1680.000000	9.70849e-05	1680.000000	9.17133e-05	1680.000000	7.22122e-09	
1700.000000	7.73056e-05	1700.000000	9.16856e-05	1700.000000	9.70136e-05	1700.000000	9.17329e-05	1700.000000	9.70084e-05	1700.000000	9.16784e-05	1700.000000	7.14263e-09	
1750.000000	7.72843e-05	1750.000000	9.16193e-05	1750.000000	9.6836e-05	1750.000000	9.1563e-05	1750.000000	9.68324e-05	1750.000000	9.16123e-05	1750.000000	6.95372e-09	
1800.000000	7.72904e-05	1800.000000	9.15811e-05	1800.000000	9.66809e-05	1800.000000	9.14148e-05	1800.000000	9.66779e-05	1800.000000	9.15744e-05	1800.000000	6.77489e-09	
1850.000000	7.73217e-05	1850.000000	9.15689e-05	1850.000000	9.65463e-05	1850.000000	9.12863e-05	1850.000000	9.65445e-05	1850.000000	9.15623e-05	1850.000000	6.60534e-09	
1900.000000	7.73765e-05	1900.000000	9.15806e-05	1900.000000	9.64301e-05	1900.000000	9.11755e-05	1900.000000	9.64281e-05	1900.000000	9.15741e-05	1900.000000	6.44436e-09	
1950.000000	7.74532e-05	1950.000000	9.16143e-05	1950.000000	9.63304e-05	1950.000000	9.10809e-05	1950.000000	9.63279e-05	1950.000000	9.1608e-05	1950.000000	6.29132e-09	
2000.000000	7.75502e-05	2000.000000	9.16683e-05	2000.000000	9.62456e-05	2000.000000	9.10011e-05	2000.000000	9.62436e-05	2000.000000	9.16622e-05	2000.000000	6.14562e-09	
2100.000000	7.78003e-05	2100.000000	9.18319e-05	2100.000000	9.61148e-05	2100.000000	9.08808e-05	2100.000000	9.61133e-05	2100.000000	9.1826e-05	2100.000000	5.87424e-09	
2200.000000	7.81175e-05	2200.000000	9.2061e-05	2200.000000	9.6029e-05	2200.000000	9.08056e-05	2200.000000	9.60301e-05	2200.000000	9.20553e-05	2200.000000	5.62659e-09	
2300.000000	7.8494e-05	2300.000000	9.23469e-05	2300.000000	9.59818e-05	2300.000000	9.07682e-05	2300.000000	9.59836e-05	2300.000000	9.23415e-05	2300.000000	5.39964e-09	
2400.000000	7.89235e-05	2400.000000	9.26827e-05	2400.000000	9.59677e-05	2400.000000	9.07629e-05	2400.000000	9.5971e-05	2400.000000	9.26775e-05	2400.000000	5.19089e-09	
2500.000000	7.94004e-05	2500.000000	9.30622e-05	2500.000000	9.59817e-05	2500.000000	9.07845e-05	2500.000000	9.59848e-05	2500.000000	9.30572e-05	2500.000000	4.9982e-09	
2600.000000	7.99201e-05	2600.000000	9.34804e-05	2600.000000	9.60194e-05	2600.000000	9.08292e-05	2600.000000	9.60231e-05	2600.000000	9.34755e-05	2600.000000	4.81977e-09	
2700.000000	8.04785e-05	2700.000000	9.39329e-05	2700.000000	9.60769e-05	2700.000000	9.08933e-05	2700.000000	9.60801e-05	2700.000000	9.39282e-05	2700.000000	4.65406e-09	
2800.000000	8.10723e-05	2800.000000	9.4416e-05	2800.000000	9.61512e-05	2800.000000	9.09741e-05	2800.000000	9.61555e-05	2800.000000	9.44115e-05	2800.000000	4.49973e-09	
2900.000000	8.16983e-05	2900.000000	9.49265e-05	2900.000000	9.62397e-05	2900.000000	9.10691e-05	2900.000000	9.62439e-05	2900.000000	9.49222e-05	2900.000000	4.35564e-09	
3000.000000	8.23541e-05	3000.000000	9.54617e-05	3000.000000	9.63402e-05	3000.000000	9.11762e-05	3000.000000	9.63458e-05	3000.000000	9.54574e-05	3000.000000	4.2208e-09	
3200.000000	8.3746e-05	3200.000000	9.65962e-05	3200.000000	9.65715e-05	3200.000000	9.14201e-05	3200.000000	9.65789e-05	3200.000000	9.65922e-05	3200.000000	3.97546e-09	
3400.000000	8.52326e-05	3400.000000	9.78035e-05	3400.000000	9.68347e-05	3400.000000	9.16943e-05	3400.000000	9.68435e-05	3400.000000	9.77998e-05	3400.000000	3.75793e-09	
3600.000000	8.6802e-05	3600.000000	9.90712e-05	3600.000000	9.71217e-05	3600.000000	9.19905e-05	3600.000000	9.7131e-05	3600.000000	9.90676e-05	3600.000000	3.56369e-09	
3800.000000	8.84447e-05	3800.000000	0.000100389	3800.000000	9.74262e-05	3800.000000	9.23024e-05	3800.000000	9.74343e-05	3800.000000	0.000100386	3800.000000	3.38915e-09	
4000.000000	9.01531e-05	4000.000000	0.00010175	4000.000000	9.77427e-05	4000.000000	9.26252e-05	4000.000000	9.77489e-05	4000.000000	0.000101746	4000.000000	3.23143e-09	
4200.000000	9.19207e-05	4200.000000	0.000103146	4200.000000	9.80667e-05	4200.000000	9.29553e-05	4200.000000	9.80718e-05	4200.000000	0.000103143	4200.000000	3.08819e-09	
4400.000000	9.37425e-05	4400.000000	0.000104573	4400.000000	9.83949e-05	4400.000000	9.32898e-05	4400.000000	9.83985e-05	4400.000000	0.00010457	4400.000000	2.9575e-09	
4600.000000	9.56142e-05	4600.000000	0.000106027	4600.000000	9.87249e-05	4600.000000	9.36266e-05	4600.000000	9.87284e-05	4600.000000	0.000106024	4600.000000	2.83776e-09	
4800.000000	9.75322e-05	4800.000000	0.000107503	4800.000000	9.9055e-05	4800.000000	9.3964e-05	4800.000000	9.90587e-05	4800.000000	0.000107501	4800.000000	2.72763e-09	
5000.000000	9.94933e-05	5000.000000	0.000109  	5000.000000	9.93839e-05	5000.000000	9.43008e-05	5000.000000	9.93888e-05	5000.000000	0.000108997	5000.000000	2.626e-09 	
5250.000000	0.000102002	5250.000000	0.000110894	5250.000000	9.97923e-05	5250.000000	9.47193e-05	5250.000000	9.97989e-05	5250.000000	0.000110892	5250.000000	2.50946e-09	
5500.000000	0.000104569	5500.000000	0.000112812	5500.000000	0.000100196	5500.000000	9.51338e-05	5500.000000	0.000100205	5500.000000	0.000112809	5500.000000	2.40314e-09	
6000.000000	0.000109868	6000.000000	0.000116702	6000.000000	0.000100988	6000.000000	9.59467e-05	6000.000000	0.000101002	6000.000000	0.0001167 	6000.000000	2.21615e-09	
6500.000000	0.000115369	6500.000000	0.00012065	6500.000000	0.00010176	6500.000000	9.67345e-05	6500.000000	0.000101774	6500.000000	0.000120648	6500.000000	2.05695e-09	
7000.000000	0.000121055	7000.000000	0.000124641	7000.000000	0.000102503	7000.000000	9.74949e-05	7000.000000	0.000102518	7000.000000	0.000124639	7000.000000	1.91971e-09	
7500.000000	0.000126914	7500.000000	0.000128664	7500.000000	0.000103218	7500.000000	9.82273e-05	7500.000000	0.000103234	7500.000000	0.000128663	7500.000000	1.80015e-09	
8000.000000	0.000132938	8000.000000	0.000132712	8000.000000	0.000103909	8000.000000	9.89321e-05	8000.000000	0.000103922	8000.000000	0.00013271	8000.000000	1.69503e-09	
8500.000000	0.000139119	8500.000000	0.000136777	8500.000000	0.00010457	8500.000000	9.96101e-05	8500.000000	0.000104583	8500.000000	0.000136776	8500.000000	1.60185e-09	
9000.000000	0.000145453	9000.000000	0.000140856	9000.000000	0.000105203	9000.000000	0.000100262	9000.000000	0.000105218	9000.000000	0.000140855	9000.000000	1.51867e-09	
9500.000000	0.000151936	9500.000000	0.000144946	9500.000000	0.000105811	9500.000000	0.00010089	9500.000000	0.000105828	9500.000000	0.000144945	9500.000000	1.44395e-09	
10000.000000	0.000158563	10000.000000	0.000149043	10000.000000	0.000106399	10000.000000	0.000101495	10000.000000	0.000106414	10000.000000	0.000149042	10000.000000	1.37645e-09	
11000.000000	0.000172242	11000.000000	0.000157251	11000.000000	0.000107509	11000.000000	0.000102641	11000.000000	0.000107522	11000.000000	0.00015725	11000.000000	1.25925e-09	
12000.000000	0.000186474	12000.000000	0.000165468	12000.000000	0.000108536	12000.000000	0.00010371	12000.000000	0.000108551	12000.000000	0.000165467	12000.000000	1.16095e-09	
13000.000000	0.000201249	13000.000000	0.000173687	13000.000000	0.000109492	13000.000000	0.00010471	13000.000000	0.000109509	13000.000000	0.000173686	13000.000000	1.07728e-09	
14000.000000	0.00021656	14000.000000	0.000181902	14000.000000	0.000110389	14000.000000	0.000105649	14000.000000	0.000110404	14000.000000	0.000181901	14000.000000	1.00518e-09	
15000.000000	0.000232401	15000.000000	0.000190109	15000.000000	0.000111232	15000.000000	0.000106533	15000.000000	0.000111242	15000.000000	0.000190108	15000.000000	9.42377e-10	
16000.000000	0.00024877	16000.000000	0.000198306	16000.000000	0.000112021	16000.000000	0.000107368	16000.000000	0.00011203	16000.000000	0.000198305	16000.000000	8.8717e-10	
17000.000000	0.000265665	17000.000000	0.000206491	17000.000000	0.000112762	17000.000000	0.000108159	17000.000000	0.000112772	17000.000000	0.00020649	17000.000000	8.38248e-10	
18000.000000	0.000283085	18000.000000	0.000214664	18000.000000	0.00011346	18000.000000	0.00010891	18000.000000	0.000113472	18000.000000	0.000214663	18000.000000	7.94586e-10	
19000.000000	0.00030103	19000.000000	0.000222824	19000.000000	0.00011412	19000.000000	0.000109625	19000.000000	0.000114134	19000.000000	0.000222823	19000.000000	7.5537e-10	
20000.000000	0.0003195 	20000.000000	0.00023097	20000.000000	0.000114747	20000.000000	0.000110308	20000.000000	0.000114762	20000.000000	0.00023097	20000.000000	7.19949e-10	
21000.000000	0.000338496	21000.000000	0.000239103	21000.000000	0.000115344	21000.000000	0.00011096	21000.000000	0.000115359	21000.000000	0.000239102	21000.000000	6.87793e-10	
22000.000000	0.000358019	22000.000000	0.000247222	22000.000000	0.000115911	22000.000000	0.000111584	22000.000000	0.000115926	22000.000000	0.000247221	22000.000000	6.58465e-10	
23000.000000	0.00037807	23000.000000	0.000255327	23000.000000	0.000116451	23000.000000	0.000112183	23000.000000	0.000116467	23000.000000	0.000255327	23000.000000	6.31605e-10	
24000.000000	0.000398651	24000.000000	0.000263419	24000.000000	0.000116967	24000.000000	0.000112758	24000.000000	0.000116982	24000.000000	0.000263419	24000.000000	6.06912e-10	
25000.000000	0.000419764	25000.000000	0.000271498	25000.000000	0.000117461	25000.000000	0.000113312	25000.000000	0.000117475	25000.000000	0.000271497	25000.000000	5.8413e-10	
26000.000000	0.000441411	26000.000000	0.000279563	26000.000000	0.000117933	26000.000000	0.000113845	26000.000000	0.000117946	26000.000000	0.000279563	26000.000000	5.63044e-10	
27000.000000	0.000463593	27000.000000	0.000287616	27000.000000	0.000118383	27000.000000	0.00011436	27000.000000	0.000118398	27000.000000	0.000287616	27000.000000	5.4347e-10	
28000.000000	0.000486314	28000.000000	0.000295656	28000.000000	0.000118815	28000.000000	0.000114857	28000.000000	0.00011883	28000.000000	0.000295656	28000.000000	5.2525e-10	
29000.000000	0.000509575	29000.000000	0.000303684	29000.000000	0.000119229	29000.000000	0.000115338	29000.000000	0.000119246	29000.000000	0.000303683	29000.000000	5.08245e-10	
30000.000000	0.000533378	30000.000000	0.0003117 	30000.000000	0.000119628	30000.000000	0.000115803	30000.000000	0.000119644	30000.000000	0.000311699	30000.000000	4.92338e-10	
32000.000000	0.000582623	32000.000000	0.000327696	32000.000000	0.000120382	32000.000000	0.000116691	32000.000000	0.000120397	32000.000000	0.000327695	32000.000000	4.63413e-10	
34000.000000	0.000634069	34000.000000	0.000343647	34000.000000	0.000121083	34000.000000	0.000117529	34000.000000	0.000121095	34000.000000	0.000343646	34000.000000	4.37786e-10	
36000.000000	0.000687739	36000.000000	0.000359554	36000.000000	0.000121734	36000.000000	0.00011832	36000.000000	0.000121745	36000.000000	0.000359554	36000.000000	4.14918e-10	
38000.000000	0.000743653	38000.000000	0.000375421	38000.000000	0.000122339	38000.000000	0.00011907	38000.000000	0.000122351	38000.000000	0.000375421	38000.000000	3.94382e-10	
40000.000000	0.000801835	40000.000000	0.000391248	40000.000000	0.000122904	40000.000000	0.000119784	40000.000000	0.000122918	40000.000000	0.000391248	40000.000000	3.75837e-10	
42000.000000	0.000862309	42000.000000	0.000407038	42000.000000	0.000123434	42000.000000	0.000120464	42000.000000	0.00012345	42000.000000	0.000407037	42000.000000	3.59003e-10	
44000.000000	0.000925098	44000.000000	0.000422791	44000.000000	0.000123934	44000.000000	0.000121113	44000.000000	0.00012395	44000.000000	0.000422791	44000.000000	3.43653e-10	
46000.000000	0.000990226	46000.000000	0.00043851	46000.000000	0.00012441	46000.000000	0.000121734	46000.000000	0.00012442	46000.000000	0.000438509	46000.000000	3.29596e-10	
48000.000000	0.00105772	48000.000000	0.000454195	48000.000000	0.000124862	48000.000000	0.00012233	48000.000000	0.000124864	48000.000000	0.000454195	48000.000000	3.16674e-10	
50000.000000	0.0011276 	50000.000000	0.000469849	50000.000000	0.000125288	50000.000000	0.000122902	50000.000000	0.000125283	50000.000000	0.000469848	50000.000000	3.04755e-10	
