! 126Te energy loss (dE/dX) in He
! apply ZOOM for details
Energy (MeV/u)1	0 - [He-base] F.Hubert et al, AD&ND Tables 46(1990)1	Energy (MeV/u)2	1 - [H -base] J.F.Ziegler et al,Pergamon Press,NY(low energy)	Energy (MeV/u)3	2 - ATIMA 1.2 LS-theory (recommended for high energy)	Energy (MeV/u)4	3 - ATIMA 1.2 without LS-correction	Energy (MeV/u)5	4 - ATIMA 1.4 H.Weick, improved mean charge formula for HI	Energy (MeV/u)6	5 - electrical component of [1] - J.F.Ziegler et al	Energy (MeV/u)7	6 - nuclear component of [1] - J.F.Ziegler et al	
0.001000	0.000236867	0.001000	0.000289999	0.001000	0.000251465	0.001000	0.000251465	0.001000	0.000251475	0.001000	6.75119e-05	0.001000	0.000222487	
0.002000	0.000245282	0.002000	0.000300408	0.002000	0.000253835	0.002000	0.000253835	0.002000	0.000253843	0.002000	8.75521e-05	0.002000	0.000212856	
0.005000	0.000243299	0.005000	0.000297444	0.005000	0.000238782	0.005000	0.000238782	0.005000	0.000238788	0.005000	0.000123451	0.005000	0.000173993	
0.008000	0.000241302	0.008000	0.000294289	0.008000	0.000228996	0.008000	0.000228996	0.008000	0.000229001	0.008000	0.000147244	0.008000	0.000147045	
0.010000	0.000241347	0.010000	0.000293903	0.010000	0.000225431	0.010000	0.000225431	0.010000	0.000225435	0.010000	0.000160096	0.010000	0.000133807	
0.015000	0.000244398	0.015000	0.000296684	0.015000	0.000222512	0.015000	0.000222512	0.015000	0.000222515	0.015000	0.000186386	0.015000	0.000110297	
0.020000	0.000249627	0.020000	0.000302303	0.020000	0.000224257	0.020000	0.000224257	0.020000	0.00022426	0.020000	0.000207619	0.020000	9.46842e-05	
0.025000	0.000255786	0.025000	0.000309183	0.025000	0.00022831	0.025000	0.00022831	0.025000	0.000228312	0.025000	0.00022574	0.025000	8.34432e-05	
0.030000	0.000262321	0.030000	0.000316613	0.030000	0.000233593	0.030000	0.000233593	0.030000	0.000233595	0.030000	0.000241713	0.030000	7.49001e-05	
0.035000	0.00026897	0.035000	0.000324249	0.035000	0.00023956	0.035000	0.00023956	0.035000	0.000239561	0.035000	0.000256098	0.035000	6.81516e-05	
0.040000	0.000275598	0.040000	0.000331912	0.040000	0.000245907	0.040000	0.000245907	0.040000	0.000245908	0.040000	0.000269248	0.040000	6.26641e-05	
0.045000	0.000282138	0.045000	0.000339507	0.045000	0.000252458	0.045000	0.000252458	0.045000	0.00025246	0.045000	0.000281407	0.045000	5.81003e-05	
0.050000	0.000288553	0.050000	0.000346984	0.050000	0.000259107	0.050000	0.000259107	0.050000	0.000259108	0.050000	0.000292748	0.050000	5.42358e-05	
0.055000	0.000294827	0.055000	0.000354315	0.055000	0.000265785	0.055000	0.000265785	0.055000	0.000265786	0.055000	0.0003034 	0.055000	5.09147e-05	
0.060000	0.000300953	0.060000	0.000361489	0.060000	0.00027245	0.060000	0.00027245	0.060000	0.000272451	0.060000	0.000313463	0.060000	4.80252e-05	
0.070000	0.000312915	0.070000	0.000375349	0.070000	0.000285638	0.070000	0.000285638	0.070000	0.000285639	0.070000	0.000332118	0.070000	4.32315e-05	
0.080000	0.000348554	0.080000	0.000388575	0.080000	0.000298547	0.080000	0.000298547	0.080000	0.000298548	0.080000	0.000349172	0.080000	3.94036e-05	
0.090000	0.000381413	0.090000	0.000429109	0.090000	0.000335459	0.090000	0.000335459	0.090000	0.00033546	0.090000	0.000392842	0.090000	3.62668e-05	
0.100000	0.000412218	0.100000	0.000474535	0.100000	0.000377604	0.100000	0.000377604	0.100000	0.000377605	0.100000	0.000441201	0.100000	3.33338e-05	
0.120000	0.000457618	0.120000	0.000562038	0.120000	0.000461557	0.120000	0.000461557	0.120000	0.000461558	0.120000	0.000532814	0.120000	2.92241e-05	
0.140000	0.000496791	0.140000	0.000642717	0.140000	0.000541631	0.140000	0.000541631	0.140000	0.000541632	0.140000	0.00061662	0.140000	2.6097e-05	
0.160000	0.000532742	0.160000	0.000716081	0.160000	0.000616055	0.160000	0.000616055	0.160000	0.000616056	0.160000	0.000692452	0.160000	2.36291e-05	
0.180000	0.000567233	0.180000	0.000782413	0.180000	0.000684054	0.180000	0.000684054	0.180000	0.000684055	0.180000	0.000760787	0.180000	2.16263e-05	
0.200000	0.000601163	0.200000	0.00084232	0.200000	0.000745496	0.200000	0.000745496	0.200000	0.000745497	0.200000	0.000822355	0.200000	1.9965e-05	
0.250000	0.00067005	0.250000	0.000974415	0.250000	0.000872635	0.250000	0.000872635	0.250000	0.000872636	0.250000	0.000957593	0.250000	1.68214e-05	
0.300000	0.000737912	0.300000	0.00109107	0.300000	0.000968914	0.300000	0.000968914	0.300000	0.000968915	0.300000	0.00107648	0.300000	1.45962e-05	
0.350000	0.00079925	0.350000	0.00118503	0.350000	0.00104304	0.350000	0.00104304	0.350000	0.00104304	0.350000	0.0011721 	0.350000	1.29301e-05	
0.400000	0.000854314	0.400000	0.00126187	0.400000	0.0011018 	0.400000	0.0011018 	0.400000	0.0011018 	0.400000	0.00125024	0.400000	1.16316e-05	
0.450000	0.000903521	0.450000	0.00132557	0.450000	0.00114993	0.450000	0.00114993	0.450000	0.00114993	0.450000	0.00131498	0.450000	1.05882e-05	
0.500000	0.000947393	0.500000	0.00137898	0.500000	0.00119054	0.500000	0.00119054	0.500000	0.00119054	0.500000	0.00136925	0.500000	9.72994e-06	
0.600000	0.00101468	0.600000	0.00150273	0.600000	0.00125662	0.600000	0.00125662	0.600000	0.00125663	0.600000	0.00149434	0.600000	8.39746e-06	
0.700000	0.00105549	0.700000	0.00159996	0.700000	0.00130929	0.700000	0.00130929	0.700000	0.00130929	0.700000	0.00159255	0.700000	7.40738e-06	
0.800000	0.00111904	0.800000	0.00167297	0.800000	0.00135277	0.800000	0.00135277	0.800000	0.00135277	0.800000	0.00166633	0.800000	6.6403e-06	
0.900000	0.00117051	0.900000	0.00172825	0.900000	0.00140521	0.900000	0.00140521	0.900000	0.00140521	0.900000	0.00172223	0.900000	6.02703e-06	
1.000000	0.00120919	1.000000	0.00176699	1.000000	0.00144992	1.000000	0.00144992	1.000000	0.00144992	1.000000	0.00176146	1.000000	5.52459e-06	
1.250000	0.00125939	1.250000	0.00179915	1.250000	0.00153137	1.250000	0.00153137	1.250000	0.00153137	1.250000	0.00179456	1.250000	4.58955e-06	
1.500000	0.0012868 	1.500000	0.00180805	1.500000	0.00158255	1.500000	0.00158255	1.500000	0.00158255	1.500000	0.00180411	1.500000	3.9403e-06	
1.750000	0.00129907	1.750000	0.00180303	1.750000	0.00161369	1.750000	0.00161369	1.750000	0.00161369	1.750000	0.00179957	1.750000	3.46122e-06	
2.000000	0.00129525	2.000000	0.00177921	2.000000	0.0016311 	2.000000	0.0016311 	2.000000	0.0016311 	2.000000	0.00177612	2.000000	3.0921e-06	
2.250000	0.00128985	2.250000	0.00175464	2.250000	0.00163888	2.250000	0.00163888	2.250000	0.00163888	2.250000	0.00175184	2.250000	2.79835e-06	
2.500000	0.00192911	2.500000	0.00172978	2.500000	0.00163978	2.500000	0.00163978	2.500000	0.00163978	2.500000	0.00172722	2.500000	2.55862e-06	
3.000000	0.00187493	3.000000	0.00168039	3.000000	0.00162804	3.000000	0.00162804	3.000000	0.00162804	3.000000	0.0016782 	3.000000	2.19002e-06	
3.500000	0.0018134 	3.500000	0.00163305	3.500000	0.00160548	3.500000	0.00160548	3.500000	0.00160548	3.500000	0.00163113	3.500000	1.91907e-06	
4.000000	0.00175062	4.000000	0.00158715	4.000000	0.00157718	4.000000	0.00157718	4.000000	0.00157718	4.000000	0.00158544	4.000000	1.71096e-06	
4.500000	0.00168935	4.500000	0.0015431 	4.500000	0.00154597	4.500000	0.00154597	4.500000	0.00154597	4.500000	0.00154155	4.500000	1.54576e-06	
5.000000	0.00163081	5.000000	0.00150103	5.000000	0.00151325	5.000000	0.00151325	5.000000	0.00151325	5.000000	0.00149962	5.000000	1.41124e-06	
5.500000	0.00157548	5.500000	0.00146055	5.500000	0.00147595	5.500000	0.00147595	5.500000	0.00147595	5.500000	0.00145925	5.500000	1.29943e-06	
6.000000	0.00152345	6.000000	0.00142224	6.000000	0.0014403 	6.000000	0.0014403 	6.000000	0.00144031	6.000000	0.00142104	6.000000	1.20495e-06	
6.500000	0.00147465	6.500000	0.00138595	6.500000	0.00140627	6.500000	0.00140627	6.500000	0.00140628	6.500000	0.00138482	6.500000	1.12398e-06	
7.000000	0.00142891	7.000000	0.00135169	7.000000	0.00137379	7.000000	0.00137379	7.000000	0.00137379	7.000000	0.00135064	7.000000	1.05377e-06	
7.500000	0.00138604	7.500000	0.00131909	7.500000	0.00134278	7.500000	0.00134278	7.500000	0.00134278	7.500000	0.00131809	7.500000	9.92271e-07	
8.000000	0.00134581	8.000000	0.00128803	8.000000	0.00131316	8.000000	0.00131316	8.000000	0.00131316	8.000000	0.00128709	8.000000	9.37931e-07	
8.500000	0.00130802	8.500000	0.0012584 	8.500000	0.00128485	8.500000	0.00128485	8.500000	0.00128485	8.500000	0.00125751	8.500000	8.89546e-07	
9.000000	0.00127248	9.000000	0.00122977	9.000000	0.00125778	9.000000	0.00125778	9.000000	0.00125778	9.000000	0.00122892	9.000000	8.4617e-07	
9.500000	0.001239  	9.500000	0.0012026 	9.500000	0.00123186	9.500000	0.00123186	9.500000	0.00123186	9.500000	0.00120179	9.500000	8.07051e-07	
10.000000	0.00120742	10.000000	0.00112781	10.000000	0.00120703	10.000000	0.00120703	10.000000	0.00120703	10.000000	0.00112704	10.000000	7.7158e-07	
11.000000	0.00114935	11.000000	0.00109643	11.000000	0.00114929	11.000000	0.00116247	11.000000	0.00117269	11.000000	0.00109572	11.000000	7.09682e-07	
12.000000	0.00109722	12.000000	0.0010662 	12.000000	0.00109728	12.000000	0.00112158	12.000000	0.00113939	12.000000	0.00106554	12.000000	6.57442e-07	
13.000000	0.00105017	13.000000	0.00103709	13.000000	0.00105023	13.000000	0.00108397	13.000000	0.00110736	13.000000	0.00103648	13.000000	6.12729e-07	
14.000000	0.00100747	14.000000	0.00100921	14.000000	0.00100749	14.000000	0.00104929	14.000000	0.00107674	14.000000	0.00100864	14.000000	5.74e-07  	
15.000000	0.000968546	15.000000	0.000982597	15.000000	0.000968535	15.000000	0.00101724	15.000000	0.00104755	15.000000	0.000982057	15.000000	5.4011e-07	
16.000000	0.000932906	16.000000	0.000957239	16.000000	0.000932932	16.000000	0.00098755	16.000000	0.00101981	16.000000	0.000956729	16.000000	5.10192e-07	
17.000000	0.000900142	17.000000	0.000933101	17.000000	0.000900301	17.000000	0.000959991	17.000000	0.000993484	17.000000	0.000932617	17.000000	4.83574e-07	
18.000000	0.000869911	18.000000	0.000910132	18.000000	0.000870274	18.000000	0.000934357	18.000000	0.000968468	18.000000	0.000909672	18.000000	4.59731e-07	
19.000000	0.000841923	19.000000	0.000888272	19.000000	0.000842586	19.000000	0.000910468	19.000000	0.000944767	19.000000	0.000887834	19.000000	4.38242e-07	
20.000000	0.00081593	20.000000	0.000867462	20.000000	0.000817051	20.000000	0.000888166	20.000000	0.000922332	20.000000	0.000867043	20.000000	4.18771e-07	
21.000000	0.000791721	21.000000	0.00084764	21.000000	0.000793446	21.000000	0.000867312	21.000000	0.000901003	21.000000	0.000847239	21.000000	4.0104e-07	
22.000000	0.000769113	22.000000	0.000828745	22.000000	0.00077155	22.000000	0.000847781	22.000000	0.000880832	22.000000	0.00082836	22.000000	3.84823e-07	
23.000000	0.000747947	23.000000	0.000810722	23.000000	0.000751203	23.000000	0.000829466	23.000000	0.000861681	23.000000	0.000810352	23.000000	3.69931e-07	
24.000000	0.000728085	24.000000	0.000793516	24.000000	0.000732288	24.000000	0.000812267	24.000000	0.000843535	24.000000	0.00079316	24.000000	3.56205e-07	
25.000000	0.000709408	25.000000	0.000777077	25.000000	0.000714682	25.000000	0.000796098	25.000000	0.000826317	25.000000	0.000776733	25.000000	3.43511e-07	
27.000000	0.000675193	27.000000	0.000746311	27.000000	0.00068294	27.000000	0.000766541	27.000000	0.000794478	27.000000	0.00074599	27.000000	3.20778e-07	
29.000000	0.000644593	29.000000	0.000718084	29.000000	0.00065529	29.000000	0.000740257	29.000000	0.000765788	29.000000	0.000717783	29.000000	3.01e-07  	
31.000000	0.000617047	31.000000	0.000692102	31.000000	0.000632575	31.000000	0.000714204	31.000000	0.000735247	31.000000	0.000691819	31.000000	2.83628e-07	
33.000000	0.000592108	33.000000	0.000668112	33.000000	0.000613102	33.000000	0.000687931	33.000000	0.000703406	33.000000	0.000667844	33.000000	2.68241e-07	
35.000000	0.000569411	35.000000	0.000645895	35.000000	0.000594957	35.000000	0.000663726	35.000000	0.000674666	35.000000	0.000645641	35.000000	2.54513e-07	
38.000000	0.000538933	38.000000	0.000615489	38.000000	0.000569958	38.000000	0.00063078	38.000000	0.000636402	38.000000	0.000615253	38.000000	2.3648e-07	
41.000000	0.000512042	41.000000	0.000588121	41.000000	0.000547193	41.000000	0.000601293	41.000000	0.000602915	41.000000	0.0005879 	41.000000	2.2094e-07	
44.000000	0.000488121	44.000000	0.000563356	44.000000	0.000526414	44.000000	0.000574741	44.000000	0.000573312	44.000000	0.000563149	44.000000	2.07403e-07	
47.000000	0.000466693	47.000000	0.00054084	47.000000	0.000507389	47.000000	0.000550701	47.000000	0.000546942	47.000000	0.000540644	47.000000	1.955e-07 	
50.000000	0.000447375	50.000000	0.000520278	50.000000	0.000489908	50.000000	0.00052883	50.000000	0.000523282	50.000000	0.000520093	50.000000	1.84948e-07	
55.000000	0.000419067	55.000000	0.000489703	55.000000	0.000463631	55.000000	0.000496449	55.000000	0.000488784	55.000000	0.000489533	55.000000	1.69783e-07	
60.000000	0.000394708	60.000000	0.000462987	60.000000	0.000440436	60.000000	0.000468289	60.000000	0.00045926	60.000000	0.00046283	60.000000	1.57015e-07	
65.000000	0.000373505	65.000000	0.000439439	65.000000	0.000419862	65.000000	0.000443572	65.000000	0.000433708	65.000000	0.000439292	65.000000	1.46109e-07	
70.000000	0.000354868	70.000000	0.000418525	70.000000	0.000401455	70.000000	0.000421702	70.000000	0.000411346	70.000000	0.000418388	70.000000	1.3668e-07	
75.000000	0.000338345	75.000000	0.000399825	75.000000	0.000384855	75.000000	0.000402213	75.000000	0.000392781	75.000000	0.000399697	75.000000	1.28443e-07	
80.000000	0.000323587	80.000000	0.000383005	80.000000	0.000369886	80.000000	0.000384737	80.000000	0.000376187	80.000000	0.000382884	80.000000	1.21183e-07	
85.000000	0.000310319	85.000000	0.000367794	85.000000	0.000356276	85.000000	0.000368977	85.000000	0.000361262	85.000000	0.000367679	85.000000	1.14733e-07	
90.000000	0.000298319	90.000000	0.000353971	90.000000	0.0003438 	90.000000	0.000354694	90.000000	0.000347778	90.000000	0.000353862	90.000000	1.08964e-07	
95.000000	0.00028741	95.000000	0.000341355	95.000000	0.0003324 	95.000000	0.000341688	95.000000	0.000335555	95.000000	0.000341251	95.000000	1.0377e-07	
100.000000	0.000277446	100.000000	0.000329794	100.000000	0.000321943	100.000000	0.000329798	100.000000	0.000324405	100.000000	0.000329695	100.000000	9.907e-08 	
105.000000	0.000268304	105.000000	0.000319161	105.000000	0.000312247	105.000000	0.000318885	105.000000	0.000314175	105.000000	0.000319066	105.000000	9.47946e-08	
110.000000	0.000259886	110.000000	0.000309348	110.000000	0.000303291	110.000000	0.000308835	110.000000	0.00030478	110.000000	0.000309257	110.000000	9.08882e-08	
115.000000	0.000252106	115.000000	0.000300265	115.000000	0.000294974	115.000000	0.00029955	115.000000	0.000296072	115.000000	0.000300178	115.000000	8.73044e-08	
120.000000	0.000244892	120.000000	0.000291833	120.000000	0.000287237	120.000000	0.000290947	120.000000	0.000288033	120.000000	0.000291749	120.000000	8.40042e-08	
125.000000	0.000238183	125.000000	0.000283985	125.000000	0.00028003	125.000000	0.000282952	125.000000	0.000280549	125.000000	0.000283904	125.000000	8.09548e-08	
130.000000	0.000231927	130.000000	0.000276663	130.000000	0.000273278	130.000000	0.000275506	130.000000	0.000273598	130.000000	0.000276584	130.000000	7.81283e-08	
135.000000	0.000226077	135.000000	0.000269814	135.000000	0.000266942	135.000000	0.000268552	135.000000	0.000267088	135.000000	0.000269739	135.000000	7.55007e-08	
140.000000	0.000220594	140.000000	0.000263396	140.000000	0.000261001	140.000000	0.000262045	140.000000	0.000261015	140.000000	0.000263323	140.000000	7.30514e-08	
145.000000	0.000215444	145.000000	0.000257369	145.000000	0.000255416	145.000000	0.000255943	145.000000	0.00025529	145.000000	0.000257298	145.000000	7.07627e-08	
150.000000	0.000210596	150.000000	0.000251698	150.000000	0.000250145	150.000000	0.00025021	150.000000	0.000249931	150.000000	0.00025163	150.000000	6.8619e-08	
155.000000	0.000203619	155.000000	0.000246353	155.000000	0.000245163	155.000000	0.000244814	155.000000	0.000244872	155.000000	0.000246287	155.000000	6.66068e-08	
160.000000	0.000199608	160.000000	0.000241307	160.000000	0.000240461	160.000000	0.000239725	160.000000	0.000240102	160.000000	0.000241243	160.000000	6.47142e-08	
165.000000	0.000195815	165.000000	0.000236536	165.000000	0.000236019	165.000000	0.00023492	165.000000	0.000235606	165.000000	0.000236473	165.000000	6.29306e-08	
170.000000	0.000192223	170.000000	0.000232018	170.000000	0.000231796	170.000000	0.000230375	170.000000	0.000231331	170.000000	0.000231956	170.000000	6.12469e-08	
175.000000	0.000188815	175.000000	0.000227733	175.000000	0.000227775	175.000000	0.000226069	175.000000	0.000227291	175.000000	0.000227673	175.000000	5.96546e-08	
180.000000	0.000185579	180.000000	0.000223664	180.000000	0.000223959	180.000000	0.000221985	180.000000	0.000223457	180.000000	0.000223606	180.000000	5.81464e-08	
185.000000	0.0001825 	185.000000	0.000219795	185.000000	0.000220335	185.000000	0.000218107	185.000000	0.000219803	185.000000	0.000219739	185.000000	5.67159e-08	
190.000000	0.000179568	190.000000	0.000216113	190.000000	0.000216884	190.000000	0.000214418	190.000000	0.000216334	190.000000	0.000216057	190.000000	5.53569e-08	
195.000000	0.000176773	195.000000	0.000212603	195.000000	0.000213588	195.000000	0.000210906	195.000000	0.000213029	195.000000	0.000212549	195.000000	5.40643e-08	
200.000000	0.000174104	200.000000	0.000209255	200.000000	0.000210436	200.000000	0.000207559	200.000000	0.000209867	200.000000	0.000209202	200.000000	5.28331e-08	
210.000000	0.000169114	210.000000	0.000202999	210.000000	0.000204551	210.000000	0.000201316	210.000000	0.00020398	210.000000	0.000202949	210.000000	5.05384e-08	
220.000000	0.000164539	220.000000	0.000197272	220.000000	0.000199144	220.000000	0.000195609	220.000000	0.000198573	220.000000	0.000197224	220.000000	4.84424e-08	
230.000000	0.000160328	230.000000	0.000192009	230.000000	0.000194175	230.000000	0.000190374	230.000000	0.000193619	230.000000	0.000191962	230.000000	4.65201e-08	
240.000000	0.00015644	240.000000	0.000187157	240.000000	0.00018958	240.000000	0.000185555	240.000000	0.000189043	240.000000	0.000187112	240.000000	4.47505e-08	
250.000000	0.000152838	250.000000	0.00018267	250.000000	0.000185332	250.000000	0.000181107	250.000000	0.000184818	250.000000	0.000182627	250.000000	4.31159e-08	
260.000000	0.000149492	260.000000	0.00017851	260.000000	0.000181392	260.000000	0.000176988	260.000000	0.000180892	260.000000	0.000178468	260.000000	4.16011e-08	
270.000000	0.000146376	270.000000	0.000174642	270.000000	0.000177723	270.000000	0.000173164	270.000000	0.000177247	270.000000	0.000174601	270.000000	4.01934e-08	
280.000000	0.000143467	280.000000	0.000171037	280.000000	0.000174311	280.000000	0.000169606	280.000000	0.000173841	280.000000	0.000170998	280.000000	3.88815e-08	
290.000000	0.000140744	290.000000	0.00016767	290.000000	0.000171116	290.000000	0.000166287	290.000000	0.00017067	290.000000	0.000167633	290.000000	3.76559e-08	
300.000000	0.000138192	300.000000	0.000164519	300.000000	0.000168111	300.000000	0.000163185	300.000000	0.000167687	300.000000	0.000164483	300.000000	3.65083e-08	
310.000000	0.000135793	310.000000	0.000161564	310.000000	0.000165296	310.000000	0.000160279	310.000000	0.000164898	310.000000	0.000161529	310.000000	3.54312e-08	
320.000000	0.000133535	320.000000	0.000158788	320.000000	0.000162662	320.000000	0.000157553	320.000000	0.000162272	320.000000	0.000158753	320.000000	3.44184e-08	
330.000000	0.000131407	330.000000	0.000156175	330.000000	0.000160177	330.000000	0.00015499	330.000000	0.000159799	330.000000	0.000156141	330.000000	3.34642e-08	
340.000000	0.000129397	340.000000	0.000153712	340.000000	0.00015783	340.000000	0.000152577	340.000000	0.000157475	340.000000	0.000153679	340.000000	3.25635e-08	
350.000000	0.000127495	350.000000	0.000151386	350.000000	0.000155618	350.000000	0.000150302	350.000000	0.000155272	350.000000	0.000151355	350.000000	3.17119e-08	
360.000000	0.000125694	360.000000	0.000149188	360.000000	0.000153523	360.000000	0.000148153	360.000000	0.000153194	360.000000	0.000149157	360.000000	3.09055e-08	
370.000000	0.000123986	370.000000	0.000147107	370.000000	0.000151534	370.000000	0.000146121	370.000000	0.000151231	370.000000	0.000147077	370.000000	3.01407e-08	
380.000000	0.000122364	380.000000	0.000145134	380.000000	0.000149653	380.000000	0.000144197	380.000000	0.00014936	380.000000	0.000145104	380.000000	2.94143e-08	
390.000000	0.000120822	390.000000	0.000143261	390.000000	0.00014787	390.000000	0.000142373	390.000000	0.000147588	390.000000	0.000143232	390.000000	2.87235e-08	
400.000000	0.000119354	400.000000	0.000141482	400.000000	0.000146171	400.000000	0.000140641	400.000000	0.000145909	400.000000	0.000141454	400.000000	2.80656e-08	
410.000000	0.000117956	410.000000	0.000139789	410.000000	0.000144555	410.000000	0.000138996	410.000000	0.000144304	410.000000	0.000139762	410.000000	2.74384e-08	
420.000000	0.000116622	420.000000	0.000138178	420.000000	0.000143018	420.000000	0.00013743	420.000000	0.000142777	420.000000	0.000138151	420.000000	2.68397e-08	
430.000000	0.000115348	430.000000	0.000136642	430.000000	0.000141556	430.000000	0.00013594	430.000000	0.000141326	430.000000	0.000136615	430.000000	2.62676e-08	
440.000000	0.000114131	440.000000	0.000135176	440.000000	0.000140163	440.000000	0.000134519	440.000000	0.000139938	440.000000	0.00013515	440.000000	2.57203e-08	
450.000000	0.000112967	450.000000	0.000133777	450.000000	0.000138831	450.000000	0.000133163	450.000000	0.000138611	450.000000	0.000133751	450.000000	2.51963e-08	
460.000000	0.000111852	460.000000	0.000132439	460.000000	0.000137556	460.000000	0.000131869	460.000000	0.000137345	460.000000	0.000132414	460.000000	2.4694e-08	
470.000000	0.000110785	470.000000	0.00013116	470.000000	0.000136334	470.000000	0.000130632	470.000000	0.000136137	470.000000	0.000131136	470.000000	2.42121e-08	
480.000000	0.000109762	480.000000	0.000129935	480.000000	0.000135165	480.000000	0.000129449	480.000000	0.000134974	480.000000	0.000129911	480.000000	2.37495e-08	
490.000000	0.00010878	490.000000	0.000128762	490.000000	0.000134045	490.000000	0.000128317	490.000000	0.000133861	490.000000	0.000128739	490.000000	2.33048e-08	
500.000000	0.000107837	500.000000	0.000127637	500.000000	0.000132973	500.000000	0.000127232	500.000000	0.000132797	500.000000	0.000127614	500.000000	2.28772e-08	
520.000000	0.000106061	520.000000	0.000125523	520.000000	0.00013096	520.000000	0.000125195	520.000000	0.000130794	520.000000	0.0001255 	520.000000	2.20691e-08	
540.000000	0.000104418	540.000000	0.000123572	540.000000	0.000129097	540.000000	0.000123318	540.000000	0.000128945	540.000000	0.00012355	540.000000	2.13182e-08	
560.000000	0.000102895	560.000000	0.000121767	560.000000	0.000127371	560.000000	0.000121585	560.000000	0.000127237	560.000000	0.000121747	560.000000	2.06186e-08	
580.000000	0.00010148	580.000000	0.000120095	580.000000	0.000125776	580.000000	0.00011998	580.000000	0.00012565	580.000000	0.000120075	580.000000	1.99652e-08	
600.000000	0.000100163	600.000000	0.000118543	600.000000	0.000124299	600.000000	0.000118492	600.000000	0.000124183	600.000000	0.000118523	600.000000	1.93535e-08	
620.000000	9.89347e-05	620.000000	0.000117098	620.000000	0.000122925	620.000000	0.000117109	620.000000	0.000122811	620.000000	0.00011708	620.000000	1.87795e-08	
640.000000	9.77879e-05	640.000000	0.000115752	640.000000	0.000121638	640.000000	0.000115822	640.000000	0.000121536	640.000000	0.000115734	640.000000	1.82399e-08	
660.000000	9.67153e-05	660.000000	0.000114496	660.000000	0.000120435	660.000000	0.000114621	660.000000	0.000120345	660.000000	0.000114478	660.000000	1.77315e-08	
680.000000	9.57109e-05	680.000000	0.000113322	680.000000	0.000119312	680.000000	0.000113499	680.000000	0.000119229	680.000000	0.000113305	680.000000	1.72518e-08	
700.000000	9.47692e-05	700.000000	0.000112223	700.000000	0.000118264	700.000000	0.00011245	700.000000	0.000118188	700.000000	0.000112206	700.000000	1.67983e-08	
720.000000	9.38854e-05	720.000000	0.000111193	720.000000	0.000117283	720.000000	0.000111467	720.000000	0.000117208	720.000000	0.000111177	720.000000	1.63689e-08	
740.000000	9.30549e-05	740.000000	0.000110228	740.000000	0.00011636	740.000000	0.000110545	740.000000	0.000116289	740.000000	0.000110212	740.000000	1.59617e-08	
760.000000	9.22739e-05	760.000000	0.00010932	760.000000	0.000115491	760.000000	0.000109679	760.000000	0.000115427	760.000000	0.000109305	760.000000	1.55751e-08	
780.000000	9.15388e-05	780.000000	0.000108468	780.000000	0.000114672	780.000000	0.000108865	780.000000	0.000114613	780.000000	0.000108453	780.000000	1.52074e-08	
800.000000	9.08464e-05	800.000000	0.000107666	800.000000	0.0001139 	800.000000	0.000108098	800.000000	0.000113847	800.000000	0.000107651	800.000000	1.48573e-08	
820.000000	9.01938e-05	820.000000	0.00010691	820.000000	0.000113174	820.000000	0.000107377	820.000000	0.000113126	820.000000	0.000106896	820.000000	1.45236e-08	
840.000000	8.95782e-05	840.000000	0.000106199	840.000000	0.000112489	840.000000	0.000106696	840.000000	0.000112445	840.000000	0.000106184	840.000000	1.42051e-08	
860.000000	8.89973e-05	860.000000	0.000105528	860.000000	0.000111843	860.000000	0.000106053	860.000000	0.000111799	860.000000	0.000105514	860.000000	1.39008e-08	
880.000000	8.84489e-05	880.000000	0.000104895	880.000000	0.000111231	880.000000	0.000105447	880.000000	0.000111191	880.000000	0.000104881	880.000000	1.36097e-08	
900.000000	8.79309e-05	900.000000	0.000104297	900.000000	0.000110653	900.000000	0.000104873	900.000000	0.000110618	900.000000	0.000104284	900.000000	1.33311e-08	
920.000000	8.74415e-05	920.000000	0.000103733	920.000000	0.000110106	920.000000	0.00010433	920.000000	0.000110071	920.000000	0.00010372	920.000000	1.3064e-08	
940.000000	8.6979e-05	940.000000	0.0001032 	940.000000	0.000109588	940.000000	0.000103816	940.000000	0.000109554	940.000000	0.000103187	940.000000	1.28078e-08	
960.000000	8.65417e-05	960.000000	0.000102696	960.000000	0.000109097	960.000000	0.00010333	960.000000	0.000109065	960.000000	0.000102683	960.000000	1.25618e-08	
980.000000	8.61284e-05	980.000000	0.000102219	980.000000	0.000108632	980.000000	0.000102868	980.000000	0.000108602	980.000000	0.000102207	980.000000	1.23255e-08	
1000.000000	8.57375e-05	1000.000000	0.000101769	1000.000000	0.000108191	1000.000000	0.000102431	1000.000000	0.00010816	1000.000000	0.000101757	1000.000000	1.20982e-08	
1020.000000	8.5368e-05	1020.000000	0.000101343	1020.000000	0.000107771	1020.000000	0.000102015	1020.000000	0.00010774	1020.000000	0.000101331	1020.000000	1.18795e-08	
1040.000000	8.50185e-05	1040.000000	0.00010094	1040.000000	0.000107372	1040.000000	0.000101621	1040.000000	0.000107342	1040.000000	0.000100928	1040.000000	1.16688e-08	
1060.000000	8.46882e-05	1060.000000	0.000100559	1060.000000	0.000106991	1060.000000	0.000101247	1060.000000	0.000106965	1060.000000	0.000100547	1060.000000	1.14657e-08	
1080.000000	8.43759e-05	1080.000000	0.000100198	1080.000000	0.000106629	1080.000000	0.000100891	1080.000000	0.000106603	1080.000000	0.000100187	1080.000000	1.12699e-08	
1100.000000	8.40808e-05	1100.000000	9.98567e-05	1100.000000	0.000106285	1100.000000	0.000100553	1100.000000	0.00010626	1100.000000	9.98456e-05	1100.000000	1.10808e-08	
1120.000000	8.38021e-05	1120.000000	9.9534e-05	1120.000000	0.000105958	1120.000000	0.000100231	1120.000000	0.000105935	1120.000000	9.95231e-05	1120.000000	1.08983e-08	
1140.000000	8.35388e-05	1140.000000	9.92288e-05	1140.000000	0.000105646	1140.000000	9.9925e-05	1140.000000	0.000105626	1140.000000	9.92181e-05	1140.000000	1.07218e-08	
1160.000000	8.32903e-05	1160.000000	9.89402e-05	1160.000000	0.000105351	1160.000000	9.96338e-05	1160.000000	0.00010533	1160.000000	9.89296e-05	1160.000000	1.05513e-08	
1180.000000	8.30559e-05	1180.000000	9.86674e-05	1180.000000	0.000105069	1180.000000	9.93567e-05	1180.000000	0.000105048	1180.000000	9.8657e-05	1180.000000	1.03862e-08	
1200.000000	8.28349e-05	1200.000000	9.84096e-05	1200.000000	0.000104801	1200.000000	9.90928e-05	1200.000000	0.00010478	1200.000000	9.83994e-05	1200.000000	1.02264e-08	
1220.000000	8.26266e-05	1220.000000	9.81661e-05	1220.000000	0.000104546	1220.000000	9.88416e-05	1220.000000	0.000104525	1220.000000	9.81561e-05	1220.000000	1.00717e-08	
1240.000000	8.24306e-05	1240.000000	9.79363e-05	1240.000000	0.000104303	1240.000000	9.86022e-05	1240.000000	0.000104283	1240.000000	9.79263e-05	1240.000000	9.92171e-09	
1260.000000	8.22463e-05	1260.000000	9.77194e-05	1260.000000	0.000104072	1260.000000	9.83742e-05	1260.000000	0.000104051	1260.000000	9.77096e-05	1260.000000	9.77631e-09	
1280.000000	8.20732e-05	1280.000000	9.75149e-05	1280.000000	0.000103851	1280.000000	9.8157e-05	1280.000000	0.000103829	1280.000000	9.75052e-05	1280.000000	9.63526e-09	
1300.000000	8.19108e-05	1300.000000	9.73222e-05	1300.000000	0.00010364	1300.000000	9.795e-05 	1300.000000	0.000103618	1300.000000	9.73127e-05	1300.000000	9.49837e-09	
1320.000000	8.17586e-05	1320.000000	9.71408e-05	1320.000000	0.00010344	1320.000000	9.77527e-05	1320.000000	0.000103417	1320.000000	9.71314e-05	1320.000000	9.36547e-09	
1340.000000	8.16162e-05	1340.000000	9.69702e-05	1340.000000	0.000103248	1340.000000	9.75647e-05	1340.000000	0.000103226	1340.000000	9.69609e-05	1340.000000	9.23636e-09	
1360.000000	8.14833e-05	1360.000000	9.68099e-05	1360.000000	0.000103065	1360.000000	9.73855e-05	1360.000000	0.000103044	1360.000000	9.68008e-05	1360.000000	9.1109e-09	
1380.000000	8.13594e-05	1380.000000	9.66595e-05	1380.000000	0.00010289	1380.000000	9.72147e-05	1380.000000	0.000102869	1380.000000	9.66505e-05	1380.000000	8.98892e-09	
1400.000000	8.12442e-05	1400.000000	9.65186e-05	1400.000000	0.000102723	1400.000000	9.70519e-05	1400.000000	0.000102702	1400.000000	9.65097e-05	1400.000000	8.87029e-09	
1420.000000	8.11374e-05	1420.000000	9.63867e-05	1420.000000	0.000102564	1420.000000	9.68968e-05	1420.000000	0.000102543	1420.000000	9.6378e-05	1420.000000	8.75486e-09	
1440.000000	8.10386e-05	1440.000000	9.62636e-05	1440.000000	0.000102412	1440.000000	9.67489e-05	1440.000000	0.000102393	1440.000000	9.62549e-05	1440.000000	8.64251e-09	
1460.000000	8.09475e-05	1460.000000	9.61488e-05	1460.000000	0.000102267	1460.000000	9.6608e-05	1460.000000	0.000102249	1460.000000	9.61402e-05	1460.000000	8.53311e-09	
1480.000000	8.08638e-05	1480.000000	9.6042e-05	1480.000000	0.000102128	1480.000000	9.64738e-05	1480.000000	0.000102111	1480.000000	9.60335e-05	1480.000000	8.42655e-09	
1500.000000	8.07873e-05	1500.000000	9.59429e-05	1500.000000	0.000101996	1500.000000	9.63459e-05	1500.000000	0.00010198	1500.000000	9.59346e-05	1500.000000	8.32271e-09	
1520.000000	8.07178e-05	1520.000000	9.58512e-05	1520.000000	0.00010187	1520.000000	9.62241e-05	1520.000000	0.000101855	1520.000000	9.5843e-05	1520.000000	8.22149e-09	
1540.000000	8.06548e-05	1540.000000	9.57666e-05	1540.000000	0.00010175	1540.000000	9.61081e-05	1540.000000	0.000101736	1540.000000	9.57585e-05	1540.000000	8.1228e-09	
1560.000000	8.05983e-05	1560.000000	9.56889e-05	1560.000000	0.000101636	1560.000000	9.59977e-05	1560.000000	0.000101623	1560.000000	9.56809e-05	1560.000000	8.02653e-09	
1580.000000	8.0548e-05	1580.000000	9.56177e-05	1580.000000	0.000101527	1580.000000	9.58926e-05	1580.000000	0.000101516	1580.000000	9.56098e-05	1580.000000	7.9326e-09	
1600.000000	8.05037e-05	1600.000000	9.55529e-05	1600.000000	0.000101424	1600.000000	9.57926e-05	1600.000000	0.000101414	1600.000000	9.55451e-05	1600.000000	7.84093e-09	
1620.000000	8.04652e-05	1620.000000	9.54943e-05	1620.000000	0.000101325	1620.000000	9.56976e-05	1620.000000	0.000101315	1620.000000	9.54865e-05	1620.000000	7.75142e-09	
1640.000000	8.04322e-05	1640.000000	9.54415e-05	1640.000000	0.000101231	1640.000000	9.56072e-05	1640.000000	0.000101222	1640.000000	9.54338e-05	1640.000000	7.66401e-09	
1660.000000	8.04047e-05	1660.000000	9.53943e-05	1660.000000	0.000101142	1660.000000	9.55213e-05	1660.000000	0.000101133	1660.000000	9.53868e-05	1660.000000	7.57862e-09	
1680.000000	8.03824e-05	1680.000000	9.53527e-05	1680.000000	0.000101058	1680.000000	9.54397e-05	1680.000000	0.00010105	1680.000000	9.53452e-05	1680.000000	7.49519e-09	
1700.000000	8.03652e-05	1700.000000	9.53163e-05	1700.000000	0.000100977	1700.000000	9.53623e-05	1700.000000	0.00010097	1700.000000	9.53089e-05	1700.000000	7.41363e-09	
1750.000000	8.03432e-05	1750.000000	9.52474e-05	1750.000000	0.000100794	1750.000000	9.51858e-05	1750.000000	0.000100787	1750.000000	9.52402e-05	1750.000000	7.21758e-09	
1800.000000	8.03496e-05	1800.000000	9.52078e-05	1800.000000	0.000100633	1800.000000	9.50317e-05	1800.000000	0.000100627	1800.000000	9.52007e-05	1800.000000	7.03198e-09	
1850.000000	8.03823e-05	1850.000000	9.5195e-05	1850.000000	0.000100493	1850.000000	9.48981e-05	1850.000000	0.000100488	1850.000000	9.51882e-05	1850.000000	6.85602e-09	
1900.000000	8.04393e-05	1900.000000	9.52072e-05	1900.000000	0.000100371	1900.000000	9.4783e-05	1900.000000	0.000100368	1900.000000	9.52005e-05	1900.000000	6.68896e-09	
1950.000000	8.05191e-05	1950.000000	9.52422e-05	1950.000000	0.000100267	1950.000000	9.46848e-05	1950.000000	0.000100264	1950.000000	9.52356e-05	1950.000000	6.53012e-09	
2000.000000	8.062e-05 	2000.000000	9.52984e-05	2000.000000	0.000100178	2000.000000	9.46019e-05	2000.000000	0.000100176	2000.000000	9.5292e-05	2000.000000	6.37892e-09	
2100.000000	8.08801e-05	2100.000000	9.54685e-05	2100.000000	0.000100041	2100.000000	9.44768e-05	2100.000000	0.000100041	2100.000000	9.54624e-05	2100.000000	6.09727e-09	
2200.000000	8.121e-05 	2200.000000	9.57066e-05	2200.000000	9.99524e-05	2200.000000	9.43987e-05	2200.000000	9.99545e-05	2200.000000	9.57007e-05	2200.000000	5.84024e-09	
2300.000000	8.16015e-05	2300.000000	9.60039e-05	2300.000000	9.99039e-05	2300.000000	9.436e-05 	2300.000000	9.99062e-05	2300.000000	9.59983e-05	2300.000000	5.60471e-09	
2400.000000	8.20481e-05	2400.000000	9.63529e-05	2400.000000	9.98897e-05	2400.000000	9.43544e-05	2400.000000	9.98933e-05	2400.000000	9.63475e-05	2400.000000	5.38806e-09	
2500.000000	8.2544e-05	2500.000000	9.67474e-05	2500.000000	9.99046e-05	2500.000000	9.4377e-05	2500.000000	9.99077e-05	2500.000000	9.67423e-05	2500.000000	5.18807e-09	
2600.000000	8.30843e-05	2600.000000	9.71822e-05	2600.000000	9.99438e-05	2600.000000	9.44234e-05	2600.000000	9.99476e-05	2600.000000	9.71772e-05	2600.000000	5.00289e-09	
2700.000000	8.36649e-05	2700.000000	9.76526e-05	2700.000000	0.000100003	2700.000000	9.44902e-05	2700.000000	0.000100007	2700.000000	9.76478e-05	2700.000000	4.8309e-09	
2800.000000	8.42822e-05	2800.000000	9.81549e-05	2800.000000	0.00010008	2800.000000	9.45742e-05	2800.000000	0.000100085	2800.000000	9.81502e-05	2800.000000	4.67072e-09	
2900.000000	8.49331e-05	2900.000000	9.86856e-05	2900.000000	0.000100172	2900.000000	9.4673e-05	2900.000000	0.000100177	2900.000000	9.86811e-05	2900.000000	4.52118e-09	
3000.000000	8.56149e-05	3000.000000	9.92419e-05	3000.000000	0.000100276	3000.000000	9.47844e-05	3000.000000	0.000100283	3000.000000	9.92376e-05	3000.000000	4.38123e-09	
3200.000000	8.7062e-05	3200.000000	0.000100421	3200.000000	0.000100515	3200.000000	9.50379e-05	3200.000000	0.000100525	3200.000000	0.000100417	3200.000000	4.12659e-09	
3400.000000	8.86075e-05	3400.000000	0.000101677	3400.000000	0.000100789	3400.000000	9.53231e-05	3400.000000	0.0001008 	3400.000000	0.000101673	3400.000000	3.90082e-09	
3600.000000	9.02391e-05	3600.000000	0.000102994	3600.000000	0.000101088	3600.000000	9.56311e-05	3600.000000	0.000101099	3600.000000	0.000102991	3600.000000	3.69922e-09	
3800.000000	9.19469e-05	3800.000000	0.000104365	3800.000000	0.000101406	3800.000000	9.59553e-05	3800.000000	0.000101414	3800.000000	0.000104361	3800.000000	3.51806e-09	
4000.000000	9.37229e-05	4000.000000	0.000105779	4000.000000	0.000101738	4000.000000	9.62909e-05	4000.000000	0.000101741	4000.000000	0.000105775	4000.000000	3.35436e-09	
4200.000000	9.55606e-05	4200.000000	0.000107231	4200.000000	0.000102077	4200.000000	9.66341e-05	4200.000000	0.000102077	4200.000000	0.000107227	4200.000000	3.20569e-09	
4400.000000	9.74546e-05	4400.000000	0.000108714	4400.000000	0.000102419	4400.000000	9.69818e-05	4400.000000	0.000102416	4400.000000	0.000108711	4400.000000	3.07003e-09	
4600.000000	9.94004e-05	4600.000000	0.000110226	4600.000000	0.000102763	4600.000000	9.7332e-05	4600.000000	0.000102759	4600.000000	0.000110223	4600.000000	2.94575e-09	
4800.000000	0.000101394	4800.000000	0.000111761	4800.000000	0.000103105	4800.000000	9.76828e-05	4800.000000	0.000103102	4800.000000	0.000111758	4800.000000	2.83145e-09	
5000.000000	0.000103433	5000.000000	0.000113316	5000.000000	0.000103446	5000.000000	9.80329e-05	5000.000000	0.000103445	5000.000000	0.000113313	5000.000000	2.72596e-09	
5250.000000	0.000106041	5250.000000	0.000115286	5250.000000	0.000103868	5250.000000	9.8468e-05	5250.000000	0.000103871	5250.000000	0.000115283	5250.000000	2.605e-09 	
5500.000000	0.00010871	5500.000000	0.000117279	5500.000000	0.000104285	5500.000000	9.88989e-05	5500.000000	0.000104293	5500.000000	0.000117277	5500.000000	2.49464e-09	
6000.000000	0.000114219	6000.000000	0.000121324	6000.000000	0.000105103	6000.000000	9.97441e-05	6000.000000	0.000105121	6000.000000	0.000121321	6000.000000	2.30055e-09	
6500.000000	0.000119937	6500.000000	0.000125428	6500.000000	0.000105908	6500.000000	0.000100563	6500.000000	0.000105922	6500.000000	0.000125426	6500.000000	2.1353e-09	
7000.000000	0.000125848	7000.000000	0.000129577	7000.000000	0.00010668	7000.000000	0.000101354	7000.000000	0.000106695	7000.000000	0.000129575	7000.000000	1.99286e-09	
7500.000000	0.00013194	7500.000000	0.00013376	7500.000000	0.000107423	7500.000000	0.000102115	7500.000000	0.000107439	7500.000000	0.000133758	7500.000000	1.86875e-09	
8000.000000	0.000138202	8000.000000	0.000137967	8000.000000	0.000108138	8000.000000	0.000102848	8000.000000	0.000108153	8000.000000	0.000137965	8000.000000	1.75963e-09	
8500.000000	0.000144629	8500.000000	0.000142194	8500.000000	0.000108823	8500.000000	0.000103552	8500.000000	0.000108839	8500.000000	0.000142192	8500.000000	1.66291e-09	
9000.000000	0.000151213	9000.000000	0.000146434	9000.000000	0.000109481	9000.000000	0.000104231	9000.000000	0.000109498	9000.000000	0.000146433	9000.000000	1.57657e-09	
9500.000000	0.000157952	9500.000000	0.000150686	9500.000000	0.000110113	9500.000000	0.000104884	9500.000000	0.000110132	9500.000000	0.000150684	9500.000000	1.49901e-09	
10000.000000	0.000164842	10000.000000	0.000154945	10000.000000	0.000110721	10000.000000	0.000105512	10000.000000	0.00011074	10000.000000	0.000154944	10000.000000	1.42894e-09	
11000.000000	0.000179063	11000.000000	0.000163478	11000.000000	0.00011187	11000.000000	0.000106704	11000.000000	0.00011189	11000.000000	0.000163477	11000.000000	1.30728e-09	
12000.000000	0.000193859	12000.000000	0.000172021	12000.000000	0.000112938	12000.000000	0.000107815	12000.000000	0.000112957	12000.000000	0.00017202	12000.000000	1.20524e-09	
13000.000000	0.000209219	13000.000000	0.000180565	13000.000000	0.000113933	13000.000000	0.000108854	13000.000000	0.000113951	13000.000000	0.000180564	13000.000000	1.11839e-09	
14000.000000	0.000225135	14000.000000	0.000189105	14000.000000	0.000114863	14000.000000	0.00010983	14000.000000	0.000114879	14000.000000	0.000189104	14000.000000	1.04354e-09	
15000.000000	0.000241604	15000.000000	0.000197637	15000.000000	0.000115734	15000.000000	0.000110749	15000.000000	0.000115748	15000.000000	0.000197636	15000.000000	9.78351e-10	
16000.000000	0.000258621	16000.000000	0.000206159	16000.000000	0.00011655	16000.000000	0.000111617	16000.000000	0.000116564	16000.000000	0.000206158	16000.000000	9.21043e-10	
17000.000000	0.000276186	17000.000000	0.000214668	17000.000000	0.000117316	17000.000000	0.00011244	17000.000000	0.000117333	17000.000000	0.000214667	17000.000000	8.70258e-10	
18000.000000	0.000294295	18000.000000	0.000223165	18000.000000	0.000118039	18000.000000	0.000113221	18000.000000	0.000118059	18000.000000	0.000223164	18000.000000	8.24932e-10	
19000.000000	0.000312951	19000.000000	0.000231648	19000.000000	0.000118724	19000.000000	0.000113964	19000.000000	0.000118745	19000.000000	0.000231647	19000.000000	7.84222e-10	
20000.000000	0.000332152	20000.000000	0.000240117	20000.000000	0.000119375	20000.000000	0.000114673	20000.000000	0.000119395	20000.000000	0.000240116	20000.000000	7.47452e-10	
21000.000000	0.000351901	21000.000000	0.000248572	21000.000000	0.000119994	21000.000000	0.000115351	21000.000000	0.000120012	21000.000000	0.000248571	21000.000000	7.1407e-10	
22000.000000	0.000372197	22000.000000	0.000257012	22000.000000	0.000120582	22000.000000	0.000116  	22000.000000	0.000120599	22000.000000	0.000257011	22000.000000	6.83624e-10	
23000.000000	0.000393042	23000.000000	0.000265438	23000.000000	0.00012114	23000.000000	0.000116623	23000.000000	0.000121159	23000.000000	0.000265438	23000.000000	6.55741e-10	
24000.000000	0.000414438	24000.000000	0.000273851	24000.000000	0.000121673	24000.000000	0.000117221	24000.000000	0.000121691	24000.000000	0.00027385	24000.000000	6.30106e-10	
25000.000000	0.000436387	25000.000000	0.000282249	25000.000000	0.000122184	25000.000000	0.000117797	25000.000000	0.000122201	25000.000000	0.000282249	25000.000000	6.06456e-10	
26000.000000	0.000458891	26000.000000	0.000290634	26000.000000	0.000122672	26000.000000	0.000118351	26000.000000	0.000122688	26000.000000	0.000290634	26000.000000	5.84566e-10	
27000.000000	0.000481952	27000.000000	0.000299006	27000.000000	0.000123139	27000.000000	0.000118886	27000.000000	0.000123155	27000.000000	0.000299005	27000.000000	5.64245e-10	
28000.000000	0.000505572	28000.000000	0.000307364	28000.000000	0.000123585	28000.000000	0.000119403	28000.000000	0.000123601	28000.000000	0.000307364	28000.000000	5.4533e-10	
29000.000000	0.000529754	29000.000000	0.00031571	29000.000000	0.000124013	29000.000000	0.000119903	29000.000000	0.000124031	29000.000000	0.000315709	29000.000000	5.27677e-10	
30000.000000	0.0005545 	30000.000000	0.000324043	30000.000000	0.000124424	30000.000000	0.000120387	30000.000000	0.000124442	30000.000000	0.000324042	30000.000000	5.11163e-10	
32000.000000	0.000605695	32000.000000	0.000340672	32000.000000	0.000125201	32000.000000	0.00012131	32000.000000	0.00012522	32000.000000	0.000340672	32000.000000	4.81135e-10	
34000.000000	0.000659179	34000.000000	0.000357255	34000.000000	0.000125922	34000.000000	0.00012218	34000.000000	0.00012594	34000.000000	0.000357255	34000.000000	4.54529e-10	
36000.000000	0.000714973	36000.000000	0.000373793	36000.000000	0.000126592	36000.000000	0.000123003	36000.000000	0.000126609	36000.000000	0.000373792	36000.000000	4.30789e-10	
38000.000000	0.000773102	38000.000000	0.000390288	38000.000000	0.000127215	38000.000000	0.000123783	38000.000000	0.000127234	38000.000000	0.000390287	38000.000000	4.0947e-10	
40000.000000	0.000833588	40000.000000	0.000406742	40000.000000	0.000127797	40000.000000	0.000124525	40000.000000	0.000127819	40000.000000	0.000406741	40000.000000	3.90216e-10	
42000.000000	0.000896457	42000.000000	0.000423156	42000.000000	0.000128344	42000.000000	0.000125231	42000.000000	0.000128366	42000.000000	0.000423156	42000.000000	3.7274e-10	
44000.000000	0.000961732	44000.000000	0.000439534	44000.000000	0.00012886	44000.000000	0.000125907	44000.000000	0.000128881	44000.000000	0.000439533	44000.000000	3.56804e-10	
46000.000000	0.00102944	46000.000000	0.000455875	46000.000000	0.00012935	46000.000000	0.000126553	46000.000000	0.000129364	46000.000000	0.000455874	46000.000000	3.4221e-10	
48000.000000	0.0010996 	48000.000000	0.000472181	48000.000000	0.000129815	48000.000000	0.000127172	48000.000000	0.000129821	48000.000000	0.000472181	48000.000000	3.28795e-10	
50000.000000	0.00117225	50000.000000	0.000488455	50000.000000	0.000130253	50000.000000	0.000127767	50000.000000	0.000130252	50000.000000	0.000488454	50000.000000	3.1642e-10	
