! 131Cs energy loss (dE/dX) in He
! apply ZOOM for details
Energy (MeV/u)1	0 - [He-base] F.Hubert et al, AD&ND Tables 46(1990)1	Energy (MeV/u)2	1 - [H -base] J.F.Ziegler et al,Pergamon Press,NY(low energy)	Energy (MeV/u)3	2 - ATIMA 1.2 LS-theory (recommended for high energy)	Energy (MeV/u)4	3 - ATIMA 1.2 without LS-correction	Energy (MeV/u)5	4 - ATIMA 1.4 H.Weick, improved mean charge formula for HI	Energy (MeV/u)6	5 - electrical component of [1] - J.F.Ziegler et al	Energy (MeV/u)7	6 - nuclear component of [1] - J.F.Ziegler et al	
0.001000	0.000247103	0.001000	0.000302994	0.001000	0.000262826	0.001000	0.000262826	0.001000	0.000262836	0.001000	6.9495e-05	0.001000	0.000233499	
0.002000	0.000256768	0.002000	0.000315303	0.002000	0.000266651	0.002000	0.000266651	0.002000	0.00026666	0.002000	9.01238e-05	0.002000	0.000225179	
0.005000	0.000255042	0.005000	0.000313308	0.005000	0.000251801	0.005000	0.000251801	0.005000	0.000251808	0.005000	0.000127077	0.005000	0.000186231	
0.008000	0.000252493	0.008000	0.00030987	0.008000	0.000241239	0.008000	0.000241239	0.008000	0.000241244	0.008000	0.00015157	0.008000	0.0001583 	
0.010000	0.00025216	0.010000	0.000309218	0.010000	0.000237147	0.010000	0.000237147	0.010000	0.000237151	0.010000	0.000164799	0.010000	0.000144419	
0.015000	0.000254427	0.015000	0.000311417	0.015000	0.000233122	0.015000	0.000233122	0.015000	0.000233125	0.015000	0.000191861	0.015000	0.000119555	
0.020000	0.000259086	0.020000	0.000316628	0.020000	0.000234045	0.020000	0.000234045	0.020000	0.000234048	0.020000	0.000213717	0.020000	0.000102911	
0.025000	0.000264827	0.025000	0.000323238	0.025000	0.00023748	0.025000	0.00023748	0.025000	0.000237482	0.025000	0.00023237	0.025000	9.08673e-05	
0.030000	0.000271052	0.030000	0.000330496	0.030000	0.000242288	0.030000	0.000242288	0.030000	0.00024229	0.030000	0.000248813	0.030000	8.16825e-05	
0.035000	0.000277465	0.035000	0.000338029	0.035000	0.000247882	0.035000	0.000247882	0.035000	0.000247884	0.035000	0.00026362	0.035000	7.44082e-05	
0.040000	0.000283913	0.040000	0.000345638	0.040000	0.000253932	0.040000	0.000253932	0.040000	0.000253934	0.040000	0.000277157	0.040000	6.84812e-05	
0.045000	0.000290312	0.045000	0.000353217	0.045000	0.000260244	0.045000	0.000260244	0.045000	0.000260245	0.045000	0.000289673	0.045000	6.35437e-05	
0.050000	0.000296618	0.050000	0.000360704	0.050000	0.000266697	0.050000	0.000266697	0.050000	0.000266698	0.050000	0.000301347	0.050000	5.93569e-05	
0.055000	0.000302808	0.055000	0.000368067	0.055000	0.000273214	0.055000	0.000273214	0.055000	0.000273216	0.055000	0.000312313	0.055000	5.57547e-05	
0.060000	0.000308868	0.060000	0.000375289	0.060000	0.000279747	0.060000	0.000279747	0.060000	0.000279748	0.060000	0.000322671	0.060000	5.26175e-05	
0.070000	0.000320589	0.070000	0.00038928	0.070000	0.000292733	0.070000	0.000292733	0.070000	0.000292735	0.070000	0.000341873	0.070000	4.74063e-05	
0.080000	0.000340659	0.080000	0.000402667	0.080000	0.000305505	0.080000	0.000305505	0.080000	0.000305506	0.080000	0.000359428	0.080000	4.32393e-05	
0.090000	0.000374341	0.090000	0.000421842	0.090000	0.00032354	0.090000	0.00032354	0.090000	0.000323542	0.090000	0.000382021	0.090000	3.98205e-05	
0.100000	0.000405593	0.100000	0.000467863	0.100000	0.00036569	0.100000	0.00036569	0.100000	0.000365691	0.100000	0.00043125	0.100000	3.6613e-05	
0.120000	0.000452993	0.120000	0.00055724	0.120000	0.000450514	0.120000	0.000450514	0.120000	0.000450515	0.120000	0.000525112	0.120000	3.21283e-05	
0.140000	0.000494255	0.140000	0.000640313	0.140000	0.000532221	0.140000	0.000532221	0.140000	0.000532222	0.140000	0.000611602	0.140000	2.87107e-05	
0.160000	0.000532267	0.160000	0.00071635	0.160000	0.000608777	0.160000	0.000608777	0.160000	0.000608778	0.160000	0.00069034	0.160000	2.60104e-05	
0.180000	0.000568764	0.180000	0.00078548	0.180000	0.000679211	0.180000	0.000679211	0.180000	0.000679212	0.180000	0.000761663	0.180000	2.3817e-05	
0.200000	0.000604648	0.200000	0.000848208	0.200000	0.000743251	0.200000	0.000743251	0.200000	0.000743252	0.200000	0.000826212	0.200000	2.19961e-05	
0.250000	0.000674904	0.250000	0.000981206	0.250000	0.000877011	0.250000	0.000877011	0.250000	0.000877012	0.250000	0.000962659	0.250000	1.85471e-05	
0.300000	0.000752398	0.300000	0.00111208	0.300000	0.000979537	0.300000	0.000979537	0.300000	0.000979538	0.300000	0.00109598	0.300000	1.61029e-05	
0.350000	0.000822175	0.350000	0.00121979	0.350000	0.00105929	0.350000	0.00105929	0.350000	0.00105929	0.350000	0.00120551	0.350000	1.42714e-05	
0.400000	0.000884688	0.400000	0.00130836	0.400000	0.00112307	0.400000	0.00112307	0.400000	0.00112307	0.400000	0.00129551	0.400000	1.28429e-05	
0.450000	0.000940491	0.450000	0.00138205	0.450000	0.00117567	0.450000	0.00117567	0.450000	0.00117567	0.450000	0.00137035	0.450000	1.16945e-05	
0.500000	0.000990216	0.500000	0.00144399	0.500000	0.00122029	0.500000	0.00122029	0.500000	0.00122029	0.500000	0.00143324	0.500000	1.07494e-05	
0.600000	0.00105243	0.600000	0.00156027	0.600000	0.00129333	0.600000	0.00129333	0.600000	0.00129333	0.600000	0.00155098	0.600000	9.28134e-06	
0.700000	0.00109797	0.700000	0.00166596	0.700000	0.00135187	0.700000	0.00135187	0.700000	0.00135187	0.700000	0.00165777	0.700000	8.18987e-06	
0.800000	0.00116686	0.800000	0.00174609	0.800000	0.00140044	0.800000	0.00140044	0.800000	0.00140044	0.800000	0.00173874	0.800000	7.34384e-06	
0.900000	0.00122301	0.900000	0.00180738	0.900000	0.00144653	0.900000	0.00144653	0.900000	0.00144653	0.900000	0.00180071	0.900000	6.66718e-06	
1.000000	0.00126897	1.000000	0.00185447	1.000000	0.00149679	1.000000	0.00149679	1.000000	0.00149679	1.000000	0.00184836	1.000000	6.11263e-06	
1.250000	0.00132512	1.250000	0.00189518	1.250000	0.00158972	1.250000	0.00158972	1.250000	0.00158972	1.250000	0.0018901 	1.250000	5.08015e-06	
1.500000	0.00135282	1.500000	0.00190194	1.500000	0.00164975	1.500000	0.00164975	1.500000	0.00164975	1.500000	0.00189758	1.500000	4.36286e-06	
1.750000	0.00136656	1.750000	0.00189666	1.750000	0.00168785	1.750000	0.00168785	1.750000	0.00168785	1.750000	0.00189283	1.750000	3.83337e-06	
2.000000	0.00136917	2.000000	0.00188142	2.000000	0.00171079	2.000000	0.00171079	2.000000	0.00171079	2.000000	0.001878  	2.000000	3.42528e-06	
2.250000	0.00136712	2.250000	0.00186046	2.250000	0.001723  	2.250000	0.001723  	2.250000	0.001723  	2.250000	0.00185736	2.250000	3.10042e-06	
2.500000	0.00207452	2.500000	0.001838  	2.500000	0.0017275 	2.500000	0.0017275 	2.500000	0.0017275 	2.500000	0.00183517	2.500000	2.83524e-06	
3.000000	0.00202176	3.000000	0.00179104	3.000000	0.00172105	3.000000	0.00172105	3.000000	0.00172105	3.000000	0.00178862	3.000000	2.4274e-06	
3.500000	0.00195965	3.500000	0.00173927	3.500000	0.00170199	3.500000	0.00170199	3.500000	0.001702  	3.500000	0.00173714	3.500000	2.12752e-06	
4.000000	0.00189521	4.000000	0.00168867	4.000000	0.00167598	4.000000	0.00167598	4.000000	0.00167598	4.000000	0.00168677	4.000000	1.89712e-06	
4.500000	0.00183168	4.500000	0.00164182	4.500000	0.00164622	4.500000	0.00164622	4.500000	0.00164622	4.500000	0.0016401 	4.500000	1.71419e-06	
5.000000	0.00177055	5.000000	0.00159805	5.000000	0.00161459	5.000000	0.00161459	5.000000	0.00161459	5.000000	0.00159648	5.000000	1.56521e-06	
5.500000	0.00171248	5.500000	0.00155727	5.500000	0.00158088	5.500000	0.00158088	5.500000	0.00158088	5.500000	0.00155583	5.500000	1.44136e-06	
6.000000	0.00165765	6.000000	0.00151936	6.000000	0.00154447	6.000000	0.00154447	6.000000	0.00154447	6.000000	0.00151802	6.000000	1.33669e-06	
6.500000	0.00160606	6.500000	0.00148306	6.500000	0.00150959	6.500000	0.00150959	6.500000	0.00150959	6.500000	0.00148181	6.500000	1.24698e-06	
7.000000	0.00155757	7.000000	0.00144835	7.000000	0.0014762 	7.000000	0.0014762 	7.000000	0.0014762 	7.000000	0.00144718	7.000000	1.16918e-06	
7.500000	0.00151201	7.500000	0.0014151 	7.500000	0.00144424	7.500000	0.00144424	7.500000	0.00144424	7.500000	0.001414  	7.500000	1.10103e-06	
8.000000	0.00146917	8.000000	0.00138332	8.000000	0.00141363	8.000000	0.00141363	8.000000	0.00141363	8.000000	0.00138228	8.000000	1.0408e-06	
8.500000	0.00142887	8.500000	0.00135295	8.500000	0.00138432	8.500000	0.00138432	8.500000	0.00138432	8.500000	0.00135196	8.500000	9.8717e-07	
9.000000	0.0013909 	9.000000	0.00132389	9.000000	0.00135623	9.000000	0.00135623	9.000000	0.00135623	9.000000	0.00132295	9.000000	9.39088e-07	
9.500000	0.00135508	9.500000	0.00129599	9.500000	0.0013293 	9.500000	0.0013293 	9.500000	0.0013293 	9.500000	0.00129509	9.500000	8.95721e-07	
10.000000	0.00132126	10.000000	0.00121649	10.000000	0.00130345	10.000000	0.00130345	10.000000	0.00130345	10.000000	0.00121563	10.000000	8.56396e-07	
11.000000	0.00125895	11.000000	0.00118444	11.000000	0.00124231	11.000000	0.00125709	11.000000	0.00126916	11.000000	0.00118365	11.000000	7.87766e-07	
12.000000	0.00120291	12.000000	0.00115331	12.000000	0.00118711	12.000000	0.00121442	12.000000	0.00123555	12.000000	0.00115258	12.000000	7.29838e-07	
13.000000	0.00115223	13.000000	0.00112326	13.000000	0.00113707	13.000000	0.00117509	13.000000	0.00120296	13.000000	0.00112258	13.000000	6.80252e-07	
14.000000	0.00110618	14.000000	0.00109436	14.000000	0.00109155	14.000000	0.00113874	14.000000	0.00117159	14.000000	0.00109372	14.000000	6.37298e-07	
15.000000	0.00106414	15.000000	0.00106666	15.000000	0.00105001	15.000000	0.00110509	15.000000	0.00114154	15.000000	0.00106606	15.000000	5.99708e-07	
16.000000	0.0010256 	16.000000	0.00104019	16.000000	0.00101197	16.000000	0.00107387	16.000000	0.00111284	16.000000	0.00103962	16.000000	5.6652e-07	
17.000000	0.000990133	17.000000	0.00101492	17.000000	0.000977048	17.000000	0.00104484	17.000000	0.00108549	17.000000	0.00101438	17.000000	5.36992e-07	
18.000000	0.000957375	18.000000	0.000990813	18.000000	0.000944928	18.000000	0.00101781	18.000000	0.0010594 	18.000000	0.000990303	18.000000	5.1054e-07	
19.000000	0.000927019	19.000000	0.000967821	19.000000	0.00091531	19.000000	0.000992583	19.000000	0.00103461	19.000000	0.000967334	19.000000	4.86699e-07	
20.000000	0.000898804	20.000000	0.000945887	20.000000	0.000887923	20.000000	0.000969009	20.000000	0.00101108	20.000000	0.000945422	20.000000	4.65094e-07	
21.000000	0.000872505	21.000000	0.000924957	21.000000	0.000862552	21.000000	0.000946942	21.000000	0.000988645	21.000000	0.000924511	21.000000	4.4542e-07	
22.000000	0.000847927	22.000000	0.000904972	22.000000	0.000839023	22.000000	0.000926258	22.000000	0.000967378	22.000000	0.000904545	22.000000	4.27425e-07	
23.000000	0.000824901	23.000000	0.00088588	23.000000	0.000817173	23.000000	0.000906844	23.000000	0.00094714	23.000000	0.000885469	23.000000	4.10899e-07	
24.000000	0.00080328	24.000000	0.000867626	24.000000	0.000796847	24.000000	0.000888599	24.000000	0.000927926	24.000000	0.00086723	24.000000	3.95666e-07	
25.000000	0.000782936	25.000000	0.000850162	25.000000	0.000777913	25.000000	0.000871434	25.000000	0.000909658	25.000000	0.000849781	25.000000	3.81578e-07	
27.000000	0.000745637	27.000000	0.000817419	27.000000	0.000743773	27.000000	0.000840029	27.000000	0.00087579	27.000000	0.000817062	27.000000	3.56347e-07	
29.000000	0.000712244	29.000000	0.00078731	29.000000	0.000713948	29.000000	0.00081207	29.000000	0.000845175	29.000000	0.000786975	29.000000	3.34395e-07	
31.000000	0.000682158	31.000000	0.000759539	31.000000	0.000689688	31.000000	0.000784229	31.000000	0.000812111	31.000000	0.000759223	31.000000	3.15111e-07	
33.000000	0.000654895	33.000000	0.000733849	33.000000	0.000669254	33.000000	0.000756025	33.000000	0.000777305	33.000000	0.000733551	33.000000	2.98031e-07	
35.000000	0.000630064	35.000000	0.000710018	35.000000	0.000650115	35.000000	0.000730002	35.000000	0.000745861	35.000000	0.000709736	35.000000	2.8279e-07	
38.000000	0.000596692	38.000000	0.000677342	38.000000	0.000623541	38.000000	0.000694522	38.000000	0.000703935	38.000000	0.000677079	38.000000	2.62768e-07	
41.000000	0.000567218	41.000000	0.000647869	41.000000	0.00059942	41.000000	0.000662707	41.000000	0.000667182	41.000000	0.000647624	41.000000	2.45515e-07	
44.000000	0.000540979	44.000000	0.000621151	44.000000	0.000577331	44.000000	0.000634008	44.000000	0.000634656	44.000000	0.000620921	44.000000	2.30484e-07	
47.000000	0.000517454	47.000000	0.000596817	47.000000	0.000557023	47.000000	0.000607982	47.000000	0.000605624	47.000000	0.0005966 	47.000000	2.17266e-07	
50.000000	0.000496232	50.000000	0.000574561	50.000000	0.000538338	50.000000	0.000584268	50.000000	0.000579532	50.000000	0.000574356	50.000000	2.05547e-07	
55.000000	0.000465107	55.000000	0.000541407	55.000000	0.000510168	55.000000	0.000549098	55.000000	0.000541403	55.000000	0.000541219	55.000000	1.88706e-07	
60.000000	0.000438298	60.000000	0.000512377	60.000000	0.000485313	60.000000	0.00051845	60.000000	0.000508704	60.000000	0.000512202	60.000000	1.74524e-07	
65.000000	0.000414944	65.000000	0.000486742	65.000000	0.000463129	65.000000	0.0004915 	65.000000	0.000480338	65.000000	0.000486579	65.000000	1.6241e-07	
70.000000	0.0003944 	70.000000	0.000463937	70.000000	0.000443294	70.000000	0.000467616	70.000000	0.00045549	70.000000	0.000463785	70.000000	1.51937e-07	
75.000000	0.000376174	75.000000	0.000443516	75.000000	0.000425404	75.000000	0.000446301	75.000000	0.000435006	75.000000	0.000443373	75.000000	1.42787e-07	
80.000000	0.000359885	80.000000	0.000425123	80.000000	0.000409123	80.000000	0.000427161	80.000000	0.000416719	80.000000	0.000424988	80.000000	1.34722e-07	
85.000000	0.000345232	85.000000	0.000408469	85.000000	0.000394396	85.000000	0.000409881	85.000000	0.000400294	85.000000	0.000408341	85.000000	1.27556e-07	
90.000000	0.000331974	90.000000	0.000393318	90.000000	0.000380873	90.000000	0.000394201	90.000000	0.000385432	90.000000	0.000393196	90.000000	1.21146e-07	
95.000000	0.000319914	95.000000	0.000379475	95.000000	0.000368456	95.000000	0.000379911	95.000000	0.00037195	95.000000	0.000379359	95.000000	1.15376e-07	
100.000000	0.000308894	100.000000	0.000366777	100.000000	0.000357053	100.000000	0.000366833	100.000000	0.000359661	100.000000	0.000366667	100.000000	1.10153e-07	
105.000000	0.00029878	105.000000	0.000355088	105.000000	0.000346504	105.000000	0.000354821	105.000000	0.000348396	105.000000	0.000354983	105.000000	1.05402e-07	
110.000000	0.000289463	110.000000	0.000344293	110.000000	0.000336755	110.000000	0.00034375	110.000000	0.000338071	110.000000	0.000344192	110.000000	1.01061e-07	
115.000000	0.000280849	115.000000	0.000334292	115.000000	0.000327674	115.000000	0.000333513	115.000000	0.000328513	115.000000	0.000334195	115.000000	9.7079e-08	
120.000000	0.000272859	120.000000	0.000325002	120.000000	0.000319218	120.000000	0.000324022	120.000000	0.000319693	120.000000	0.000324909	120.000000	9.34116e-08	
125.000000	0.000265426	125.000000	0.000316349	125.000000	0.000311329	125.000000	0.000315197	125.000000	0.000311475	125.000000	0.000316259	125.000000	9.00228e-08	
130.000000	0.000258492	130.000000	0.00030827	130.000000	0.000303922	130.000000	0.000306972	130.000000	0.000303832	130.000000	0.000308183	130.000000	8.68816e-08	
135.000000	0.000252007	135.000000	0.00030071	135.000000	0.000296993	135.000000	0.000299287	135.000000	0.000296676	135.000000	0.000300626	135.000000	8.39614e-08	
140.000000	0.000245928	140.000000	0.000293621	140.000000	0.000290476	140.000000	0.000292093	140.000000	0.000290007	140.000000	0.00029354	140.000000	8.12393e-08	
145.000000	0.000240216	145.000000	0.000286961	145.000000	0.000284339	145.000000	0.000285343	145.000000	0.00028372	145.000000	0.000286882	145.000000	7.86956e-08	
150.000000	0.000234839	150.000000	0.000280691	150.000000	0.000278563	150.000000	0.000278998	150.000000	0.000277835	150.000000	0.000280614	150.000000	7.6313e-08	
155.000000	0.000227084	155.000000	0.000274779	155.000000	0.000273099	155.000000	0.000273023	155.000000	0.00027228	155.000000	0.000274704	155.000000	7.40765e-08	
160.000000	0.000222633	160.000000	0.000269194	160.000000	0.000267929	160.000000	0.000267387	160.000000	0.000267042	160.000000	0.000269122	160.000000	7.19729e-08	
165.000000	0.000218424	165.000000	0.000263912	165.000000	0.000263041	165.000000	0.000262062	165.000000	0.000262104	165.000000	0.000263842	165.000000	6.99904e-08	
170.000000	0.000214437	170.000000	0.000258907	170.000000	0.000258401	170.000000	0.000257024	170.000000	0.000257408	170.000000	0.000258839	170.000000	6.81188e-08	
175.000000	0.000210654	175.000000	0.00025416	175.000000	0.000253983	175.000000	0.00025225	175.000000	0.00025297	175.000000	0.000254093	175.000000	6.63489e-08	
180.000000	0.000207061	180.000000	0.00024965	180.000000	0.000249773	180.000000	0.000247721	180.000000	0.000248757	180.000000	0.000249585	180.000000	6.46725e-08	
185.000000	0.000203642	185.000000	0.000245361	185.000000	0.000245775	185.000000	0.000243418	185.000000	0.000244739	185.000000	0.000245298	185.000000	6.30823e-08	
190.000000	0.000200386	190.000000	0.000241276	190.000000	0.000241981	190.000000	0.000239324	190.000000	0.000240925	190.000000	0.000241215	190.000000	6.15716e-08	
195.000000	0.000197281	195.000000	0.000237382	195.000000	0.000238349	195.000000	0.000235426	195.000000	0.00023729	195.000000	0.000237322	195.000000	6.01347e-08	
200.000000	0.000194316	200.000000	0.000233666	200.000000	0.000234864	200.000000	0.00023171	200.000000	0.00023381	200.000000	0.000233608	200.000000	5.87661e-08	
210.000000	0.000188771	210.000000	0.000226722	210.000000	0.000228366	210.000000	0.000224775	210.000000	0.000227334	210.000000	0.000226665	210.000000	5.6215e-08	
220.000000	0.000183685	220.000000	0.000220359	220.000000	0.000222397	220.000000	0.000218433	220.000000	0.000221381	220.000000	0.000220306	220.000000	5.38849e-08	
230.000000	0.000179004	230.000000	0.00021451	230.000000	0.000216916	230.000000	0.000212614	230.000000	0.000215924	230.000000	0.000214459	230.000000	5.17479e-08	
240.000000	0.00017468	240.000000	0.000209116	240.000000	0.000211851	240.000000	0.000207256	240.000000	0.000210881	240.000000	0.000209066	240.000000	4.97805e-08	
250.000000	0.000170674	250.000000	0.000204125	250.000000	0.000207144	250.000000	0.000202308	250.000000	0.000206222	250.000000	0.000204077	250.000000	4.79631e-08	
260.000000	0.000166952	260.000000	0.000199496	260.000000	0.000202774	260.000000	0.000197725	260.000000	0.000201893	260.000000	0.00019945	260.000000	4.6279e-08	
270.000000	0.000163485	270.000000	0.000195191	270.000000	0.000198711	270.000000	0.000193469	270.000000	0.000197876	270.000000	0.000195146	270.000000	4.47137e-08	
280.000000	0.000160248	280.000000	0.000191177	280.000000	0.000194925	280.000000	0.000189508	280.000000	0.000194121	280.000000	0.000191134	280.000000	4.32551e-08	
290.000000	0.000157218	290.000000	0.000187428	290.000000	0.000191392	290.000000	0.000185812	290.000000	0.000190626	290.000000	0.000187386	290.000000	4.18924e-08	
300.000000	0.000154376	300.000000	0.000183917	300.000000	0.000188074	300.000000	0.000182357	300.000000	0.000187334	300.000000	0.000183877	300.000000	4.06162e-08	
310.000000	0.000151706	310.000000	0.000180625	310.000000	0.000184957	310.000000	0.00017912	310.000000	0.000184256	310.000000	0.000180585	310.000000	3.94187e-08	
320.000000	0.000149192	320.000000	0.00017753	320.000000	0.000182031	320.000000	0.000176083	320.000000	0.000181359	320.000000	0.000177492	320.000000	3.82924e-08	
330.000000	0.000146822	330.000000	0.000174618	330.000000	0.00017927	330.000000	0.000173227	330.000000	0.000178629	330.000000	0.00017458	330.000000	3.72313e-08	
340.000000	0.000144583	340.000000	0.000171871	340.000000	0.000176661	340.000000	0.000170538	340.000000	0.000176063	340.000000	0.000171835	340.000000	3.62298e-08	
350.000000	0.000142465	350.000000	0.000169278	350.000000	0.000174201	350.000000	0.000168001	350.000000	0.000173627	350.000000	0.000169243	350.000000	3.52828e-08	
360.000000	0.000140459	360.000000	0.000166826	360.000000	0.000171876	360.000000	0.000165606	360.000000	0.000171328	360.000000	0.000166792	360.000000	3.4386e-08	
370.000000	0.000138556	370.000000	0.000164504	370.000000	0.000169675	370.000000	0.00016334	370.000000	0.000169157	370.000000	0.000164471	370.000000	3.35355e-08	
380.000000	0.000136749	380.000000	0.000162303	380.000000	0.000167591	380.000000	0.000161195	380.000000	0.000167086	380.000000	0.00016227	380.000000	3.27277e-08	
390.000000	0.00013503	390.000000	0.000160213	390.000000	0.000165612	390.000000	0.00015916	390.000000	0.000165125	390.000000	0.000160181	390.000000	3.19595e-08	
400.000000	0.000133395	400.000000	0.000158227	400.000000	0.000163726	400.000000	0.000157229	400.000000	0.000163267	400.000000	0.000158196	400.000000	3.12279e-08	
410.000000	0.000131836	410.000000	0.000156338	410.000000	0.000161929	410.000000	0.000155394	410.000000	0.000161489	410.000000	0.000156308	410.000000	3.05303e-08	
420.000000	0.000130349	420.000000	0.000154539	420.000000	0.00016022	420.000000	0.000153647	420.000000	0.000159799	420.000000	0.000154509	420.000000	2.98645e-08	
430.000000	0.000128929	430.000000	0.000152824	430.000000	0.000158592	430.000000	0.000151984	430.000000	0.000158192	430.000000	0.000152795	430.000000	2.92282e-08	
440.000000	0.000127573	440.000000	0.000151188	440.000000	0.00015704	440.000000	0.000150399	440.000000	0.000156657	440.000000	0.000151159	440.000000	2.86196e-08	
450.000000	0.000126275	450.000000	0.000149625	450.000000	0.000155557	450.000000	0.000148887	450.000000	0.000155187	450.000000	0.000149597	450.000000	2.80367e-08	
460.000000	0.000125033	460.000000	0.000148131	460.000000	0.000154139	460.000000	0.000147442	460.000000	0.000153786	460.000000	0.000148104	460.000000	2.74781e-08	
470.000000	0.000123843	470.000000	0.000146703	470.000000	0.000152781	470.000000	0.000146062	470.000000	0.000152448	470.000000	0.000146676	470.000000	2.69422e-08	
480.000000	0.000122701	480.000000	0.000145335	480.000000	0.000151482	480.000000	0.000144742	480.000000	0.00015116	480.000000	0.000145308	480.000000	2.64276e-08	
490.000000	0.000121607	490.000000	0.000144024	490.000000	0.000150239	490.000000	0.000143478	490.000000	0.000149927	490.000000	0.000143998	490.000000	2.5933e-08	
500.000000	0.000120556	500.000000	0.000142768	500.000000	0.000149047	500.000000	0.000142267	500.000000	0.000148748	500.000000	0.000142742	500.000000	2.54574e-08	
520.000000	0.000118575	520.000000	0.000140405	520.000000	0.000146803	520.000000	0.000139993	520.000000	0.000146528	520.000000	0.000140381	520.000000	2.45586e-08	
540.000000	0.000116743	540.000000	0.000138225	540.000000	0.000144729	540.000000	0.000137898	540.000000	0.000144478	540.000000	0.000138202	540.000000	2.37234e-08	
560.000000	0.000115044	560.000000	0.000136209	560.000000	0.000142811	560.000000	0.000135963	560.000000	0.000142584	560.000000	0.000136186	560.000000	2.29453e-08	
580.000000	0.000113465	580.000000	0.000134341	580.000000	0.000141036	580.000000	0.000134171	580.000000	0.000140823	580.000000	0.000134318	580.000000	2.22185e-08	
600.000000	0.000111996	600.000000	0.000132605	600.000000	0.000139384	600.000000	0.00013251	600.000000	0.000139194	600.000000	0.000132584	600.000000	2.1538e-08	
620.000000	0.000110625	620.000000	0.000130991	620.000000	0.000137847	620.000000	0.000130965	620.000000	0.000137669	620.000000	0.00013097	620.000000	2.08995e-08	
640.000000	0.000109346	640.000000	0.000129486	640.000000	0.000136418	640.000000	0.000129527	640.000000	0.000136253	640.000000	0.000129466	640.000000	2.02992e-08	
660.000000	0.000108149	660.000000	0.000128082	660.000000	0.000135085	660.000000	0.000128186	660.000000	0.000134929	660.000000	0.000128062	660.000000	1.97337e-08	
680.000000	0.000107028	680.000000	0.000126769	680.000000	0.000133837	680.000000	0.000126933	680.000000	0.000133689	680.000000	0.00012675	680.000000	1.92001e-08	
700.000000	0.000105977	700.000000	0.00012554	700.000000	0.000132666	700.000000	0.000125761	700.000000	0.000132532	700.000000	0.000125522	700.000000	1.86956e-08	
720.000000	0.000104991	720.000000	0.000124389	720.000000	0.000131568	720.000000	0.000124663	720.000000	0.000131443	720.000000	0.000124371	720.000000	1.82179e-08	
740.000000	0.000104064	740.000000	0.000123309	740.000000	0.000130538	740.000000	0.000123633	740.000000	0.00013042	740.000000	0.000123291	740.000000	1.7765e-08	
760.000000	0.000103192	760.000000	0.000122295	760.000000	0.000129572	760.000000	0.000122666	760.000000	0.000129461	760.000000	0.000122277	760.000000	1.73348e-08	
780.000000	0.000102372	780.000000	0.000121341	780.000000	0.000128664	780.000000	0.000121757	780.000000	0.000128556	780.000000	0.000121324	780.000000	1.69258e-08	
800.000000	0.000101599	800.000000	0.000120444	800.000000	0.000127806	800.000000	0.000120901	800.000000	0.000127704	800.000000	0.000120428	800.000000	1.65363e-08	
820.000000	0.00010087	820.000000	0.0001196 	820.000000	0.000126995	820.000000	0.000120094	820.000000	0.000126902	820.000000	0.000119583	820.000000	1.61651e-08	
840.000000	0.000100183	840.000000	0.000118804	840.000000	0.000126229	840.000000	0.000119334	840.000000	0.000126145	840.000000	0.000118788	840.000000	1.58107e-08	
860.000000	9.95347e-05	860.000000	0.000118053	860.000000	0.000125507	860.000000	0.000118616	860.000000	0.000125427	860.000000	0.000118038	860.000000	1.54722e-08	
880.000000	9.89225e-05	880.000000	0.000117345	880.000000	0.000124825	880.000000	0.000117938	880.000000	0.000124751	880.000000	0.00011733	880.000000	1.51483e-08	
900.000000	9.83442e-05	900.000000	0.000116677	900.000000	0.00012418	900.000000	0.000117297	900.000000	0.000124113	900.000000	0.000116662	900.000000	1.48383e-08	
920.000000	9.77979e-05	920.000000	0.000116046	920.000000	0.000123569	920.000000	0.000116691	920.000000	0.000123504	920.000000	0.000116031	920.000000	1.45411e-08	
940.000000	9.72815e-05	940.000000	0.000115449	940.000000	0.000122991	940.000000	0.000116117	940.000000	0.000122928	940.000000	0.000115435	940.000000	1.42561e-08	
960.000000	9.67934e-05	960.000000	0.000114886	960.000000	0.000122443	960.000000	0.000115573	960.000000	0.000122385	960.000000	0.000114872	960.000000	1.39825e-08	
980.000000	9.63319e-05	980.000000	0.000114353	980.000000	0.000121924	980.000000	0.000115057	980.000000	0.000121869	980.000000	0.000114339	980.000000	1.37195e-08	
1000.000000	9.58955e-05	1000.000000	0.000113849	1000.000000	0.000121431	1000.000000	0.000114568	1000.000000	0.000121377	1000.000000	0.000113836	1000.000000	1.34666e-08	
1020.000000	9.54829e-05	1020.000000	0.000113373	1020.000000	0.000120963	1020.000000	0.000114104	1020.000000	0.000120909	1020.000000	0.000113359	1020.000000	1.32232e-08	
1040.000000	9.50928e-05	1040.000000	0.000112922	1040.000000	0.000120516	1040.000000	0.000113664	1040.000000	0.000120466	1040.000000	0.000112909	1040.000000	1.29888e-08	
1060.000000	9.4724e-05	1060.000000	0.000112496	1060.000000	0.000120091	1060.000000	0.000113245	1060.000000	0.000120046	1060.000000	0.000112483	1060.000000	1.27629e-08	
1080.000000	9.43753e-05	1080.000000	0.000112092	1080.000000	0.000119687	1080.000000	0.000112848	1080.000000	0.000119643	1080.000000	0.00011208	1080.000000	1.2545e-08	
1100.000000	9.40459e-05	1100.000000	0.00011171	1100.000000	0.000119302	1100.000000	0.00011247	1100.000000	0.00011926	1100.000000	0.000111698	1100.000000	1.23346e-08	
1120.000000	9.37346e-05	1120.000000	0.00011135	1120.000000	0.000118938	1120.000000	0.00011211	1120.000000	0.000118897	1120.000000	0.000111337	1120.000000	1.21315e-08	
1140.000000	9.34407e-05	1140.000000	0.000111008	1140.000000	0.000118592	1140.000000	0.000111769	1140.000000	0.000118553	1140.000000	0.000110996	1140.000000	1.19352e-08	
1160.000000	9.31633e-05	1160.000000	0.000110685	1160.000000	0.000118264	1160.000000	0.000111443	1160.000000	0.000118224	1160.000000	0.000110674	1160.000000	1.17454e-08	
1180.000000	9.29015e-05	1180.000000	0.00011038	1180.000000	0.000117951	1180.000000	0.000111134	1180.000000	0.000117909	1180.000000	0.000110369	1180.000000	1.15617e-08	
1200.000000	9.26548e-05	1200.000000	0.000110092	1200.000000	0.000117653	1200.000000	0.000110839	1200.000000	0.00011761	1200.000000	0.00011008	1200.000000	1.13839e-08	
1220.000000	9.24223e-05	1220.000000	0.000109819	1220.000000	0.000117368	1220.000000	0.000110558	1220.000000	0.000117326	1220.000000	0.000109808	1220.000000	1.12117e-08	
1240.000000	9.22035e-05	1240.000000	0.000109562	1240.000000	0.000117095	1240.000000	0.00011029	1240.000000	0.000117056	1240.000000	0.000109551	1240.000000	1.10449e-08	
1260.000000	9.19978e-05	1260.000000	0.00010932	1260.000000	0.000116835	1260.000000	0.000110036	1260.000000	0.000116797	1260.000000	0.000109309	1260.000000	1.08831e-08	
1280.000000	9.18045e-05	1280.000000	0.000109091	1280.000000	0.000116587	1280.000000	0.000109793	1280.000000	0.000116549	1280.000000	0.00010908	1280.000000	1.07261e-08	
1300.000000	9.16232e-05	1300.000000	0.000108875	1300.000000	0.000116351	1300.000000	0.000109562	1300.000000	0.000116314	1300.000000	0.000108865	1300.000000	1.05738e-08	
1320.000000	9.14533e-05	1320.000000	0.000108672	1320.000000	0.000116125	1320.000000	0.000109341	1320.000000	0.00011609	1320.000000	0.000108662	1320.000000	1.04259e-08	
1340.000000	9.12944e-05	1340.000000	0.000108482	1340.000000	0.000115911	1340.000000	0.000109131	1340.000000	0.000115877	1340.000000	0.000108471	1340.000000	1.02822e-08	
1360.000000	9.11461e-05	1360.000000	0.000108302	1360.000000	0.000115706	1360.000000	0.000108931	1360.000000	0.000115673	1360.000000	0.000108292	1360.000000	1.01426e-08	
1380.000000	9.10078e-05	1380.000000	0.000108134	1380.000000	0.000115511	1380.000000	0.00010874	1380.000000	0.000115478	1380.000000	0.000108124	1380.000000	1.00069e-08	
1400.000000	9.08792e-05	1400.000000	0.000107976	1400.000000	0.000115325	1400.000000	0.000108558	1400.000000	0.000115292	1400.000000	0.000107967	1400.000000	9.87488e-09	
1420.000000	9.076e-05 	1420.000000	0.000107829	1420.000000	0.000115147	1420.000000	0.000108385	1420.000000	0.000115115	1420.000000	0.000107819	1420.000000	9.74643e-09	
1440.000000	9.06498e-05	1440.000000	0.000107691	1440.000000	0.000114978	1440.000000	0.000108219	1440.000000	0.000114947	1440.000000	0.000107682	1440.000000	9.6214e-09	
1460.000000	9.05481e-05	1460.000000	0.000107563	1460.000000	0.000114816	1460.000000	0.000108062	1460.000000	0.000114787	1460.000000	0.000107553	1460.000000	9.49966e-09	
1480.000000	9.04548e-05	1480.000000	0.000107443	1480.000000	0.000114662	1480.000000	0.000107912	1480.000000	0.000114633	1480.000000	0.000107434	1480.000000	9.38108e-09	
1500.000000	9.03695e-05	1500.000000	0.000107332	1500.000000	0.000114515	1500.000000	0.000107769	1500.000000	0.000114486	1500.000000	0.000107323	1500.000000	9.26552e-09	
1520.000000	9.02919e-05	1520.000000	0.00010723	1520.000000	0.000114374	1520.000000	0.000107633	1520.000000	0.000114347	1520.000000	0.000107221	1520.000000	9.15288e-09	
1540.000000	9.02217e-05	1540.000000	0.000107135	1540.000000	0.00011424	1540.000000	0.000107503	1540.000000	0.000114215	1540.000000	0.000107126	1540.000000	9.04305e-09	
1560.000000	9.01587e-05	1560.000000	0.000107048	1560.000000	0.000114113	1560.000000	0.00010738	1560.000000	0.000114089	1560.000000	0.000107039	1560.000000	8.93592e-09	
1580.000000	9.01027e-05	1580.000000	0.000106969	1580.000000	0.000113991	1580.000000	0.000107263	1580.000000	0.00011397	1580.000000	0.00010696	1580.000000	8.83139e-09	
1600.000000	9.00533e-05	1600.000000	0.000106896	1600.000000	0.000113875	1600.000000	0.000107151	1600.000000	0.000113856	1600.000000	0.000106888	1600.000000	8.72937e-09	
1620.000000	9.00104e-05	1620.000000	0.000106831	1620.000000	0.000113765	1620.000000	0.000107045	1620.000000	0.000113746	1620.000000	0.000106822	1620.000000	8.62976e-09	
1640.000000	8.99737e-05	1640.000000	0.000106772	1640.000000	0.000113661	1640.000000	0.000106944	1640.000000	0.000113642	1640.000000	0.000106763	1640.000000	8.53249e-09	
1660.000000	8.99431e-05	1660.000000	0.000106719	1660.000000	0.000113561	1660.000000	0.000106848	1660.000000	0.000113544	1660.000000	0.00010671	1660.000000	8.43746e-09	
1680.000000	8.99184e-05	1680.000000	0.000106672	1680.000000	0.000113466	1680.000000	0.000106757	1680.000000	0.00011345	1680.000000	0.000106664	1680.000000	8.3446e-09	
1700.000000	8.98992e-05	1700.000000	0.000106632	1700.000000	0.000113376	1700.000000	0.00010667	1700.000000	0.000113362	1700.000000	0.000106623	1700.000000	8.25384e-09	
1750.000000	8.98751e-05	1750.000000	0.000106554	1750.000000	0.000113171	1750.000000	0.000106473	1750.000000	0.000113158	1750.000000	0.000106546	1750.000000	8.03565e-09	
1800.000000	8.98826e-05	1800.000000	0.00010651	1800.000000	0.000112991	1800.000000	0.000106301	1800.000000	0.00011298	1800.000000	0.000106502	1800.000000	7.8291e-09	
1850.000000	8.99195e-05	1850.000000	0.000106496	1850.000000	0.000112835	1850.000000	0.000106152	1850.000000	0.000112826	1850.000000	0.000106488	1850.000000	7.63327e-09	
1900.000000	8.99836e-05	1900.000000	0.000106509	1900.000000	0.0001127 	1900.000000	0.000106023	1900.000000	0.000112691	1900.000000	0.000106502	1900.000000	7.44734e-09	
1950.000000	9.00731e-05	1950.000000	0.000106549	1950.000000	0.000112583	1950.000000	0.000105913	1950.000000	0.000112575	1950.000000	0.000106541	1950.000000	7.27056e-09	
2000.000000	9.01863e-05	2000.000000	0.000106612	2000.000000	0.000112484	2000.000000	0.000105821	2000.000000	0.000112478	2000.000000	0.000106604	2000.000000	7.10227e-09	
2100.000000	9.04778e-05	2100.000000	0.000106802	2100.000000	0.000112333	2100.000000	0.000105681	2100.000000	0.000112328	2100.000000	0.000106795	2100.000000	6.7888e-09	
2200.000000	9.08471e-05	2200.000000	0.000107068	2200.000000	0.000112234	2200.000000	0.000105594	2200.000000	0.000112232	2200.000000	0.000107062	2200.000000	6.50273e-09	
2300.000000	9.12855e-05	2300.000000	0.000107401	2300.000000	0.00011218	2300.000000	0.000105551	2300.000000	0.000112179	2300.000000	0.000107394	2300.000000	6.24058e-09	
2400.000000	9.17854e-05	2400.000000	0.000107791	2400.000000	0.000112164	2400.000000	0.000105545	2400.000000	0.000112165	2400.000000	0.000107785	2400.000000	5.99944e-09	
2500.000000	9.23404e-05	2500.000000	0.000108233	2500.000000	0.000112179	2500.000000	0.00010557	2500.000000	0.000112181	2500.000000	0.000108227	2500.000000	5.77684e-09	
2600.000000	9.29451e-05	2600.000000	0.000108719	2600.000000	0.000112221	2600.000000	0.000105623	2600.000000	0.000112226	2600.000000	0.000108713	2600.000000	5.57072e-09	
2700.000000	9.35948e-05	2700.000000	0.000109245	2700.000000	0.000112287	2700.000000	0.000105697	2700.000000	0.000112293	2700.000000	0.00010924	2700.000000	5.37927e-09	
2800.000000	9.42856e-05	2800.000000	0.000109807	2800.000000	0.000112372	2800.000000	0.000105792	2800.000000	0.000112381	2800.000000	0.000109802	2800.000000	5.20098e-09	
2900.000000	9.5014e-05	2900.000000	0.000110401	2900.000000	0.000112474	2900.000000	0.000105902	2900.000000	0.000112484	2900.000000	0.000110396	2900.000000	5.03452e-09	
3000.000000	9.57768e-05	3000.000000	0.000111023	3000.000000	0.000112591	3000.000000	0.000106027	3000.000000	0.000112603	3000.000000	0.000111018	3000.000000	4.87874e-09	
3200.000000	9.73959e-05	3200.000000	0.000112343	3200.000000	0.00011286	3200.000000	0.000106311	3200.000000	0.000112874	3200.000000	0.000112338	3200.000000	4.59529e-09	
3400.000000	9.91251e-05	3400.000000	0.000113747	3400.000000	0.000113166	3400.000000	0.00010663	3400.000000	0.000113181	3400.000000	0.000113743	3400.000000	4.34396e-09	
3600.000000	0.000100951	3600.000000	0.000115221	3600.000000	0.000113499	3600.000000	0.000106975	3600.000000	0.000113516	3600.000000	0.000115217	3600.000000	4.11953e-09	
3800.000000	0.000102861	3800.000000	0.000116754	3800.000000	0.000113852	3800.000000	0.000107337	3800.000000	0.000113868	3800.000000	0.00011675	3800.000000	3.91786e-09	
4000.000000	0.000104848	4000.000000	0.000118336	4000.000000	0.000114219	4000.000000	0.000107713	4000.000000	0.000114233	4000.000000	0.000118332	4000.000000	3.73562e-09	
4200.000000	0.000106904	4200.000000	0.00011996	4200.000000	0.000114595	4200.000000	0.000108097	4200.000000	0.000114608	4200.000000	0.000119957	4200.000000	3.5701e-09	
4400.000000	0.000109023	4400.000000	0.00012162	4400.000000	0.000114975	4400.000000	0.000108486	4400.000000	0.000114988	4400.000000	0.000121617	4400.000000	3.41908e-09	
4600.000000	0.0001112 	4600.000000	0.000123311	4600.000000	0.000115357	4600.000000	0.000108878	4600.000000	0.000115371	4600.000000	0.000123307	4600.000000	3.28071e-09	
4800.000000	0.000113431	4800.000000	0.000125028	4800.000000	0.00011574	4800.000000	0.00010927	4800.000000	0.000115754	4800.000000	0.000125025	4800.000000	3.15345e-09	
5000.000000	0.000115712	5000.000000	0.000126768	5000.000000	0.000116122	5000.000000	0.000109662	5000.000000	0.000116137	5000.000000	0.000126765	5000.000000	3.03601e-09	
5250.000000	0.000118629	5250.000000	0.000128972	5250.000000	0.000116596	5250.000000	0.000110149	5250.000000	0.000116613	5250.000000	0.000128969	5250.000000	2.90133e-09	
5500.000000	0.000121615	5500.000000	0.000131202	5500.000000	0.000117064	5500.000000	0.000110631	5500.000000	0.000117084	5500.000000	0.000131199	5500.000000	2.77845e-09	
6000.000000	0.000127778	6000.000000	0.000135726	6000.000000	0.000117984	6000.000000	0.000111576	6000.000000	0.000118009	6000.000000	0.000135724	6000.000000	2.56236e-09	
6500.000000	0.000134175	6500.000000	0.000140318	6500.000000	0.00011888	6500.000000	0.000112493	6500.000000	0.000118903	6500.000000	0.000140316	6500.000000	2.37836e-09	
7000.000000	0.000140788	7000.000000	0.00014496	7000.000000	0.000119739	7000.000000	0.000113377	7000.000000	0.000119766	7000.000000	0.000144957	7000.000000	2.21975e-09	
7500.000000	0.000147603	7500.000000	0.000149639	7500.000000	0.000120567	7500.000000	0.000114229	7500.000000	0.000120596	7500.000000	0.000149637	7500.000000	2.08156e-09	
8000.000000	0.000154608	8000.000000	0.000154346	8000.000000	0.000121366	8000.000000	0.000115048	8000.000000	0.000121393	8000.000000	0.000154344	8000.000000	1.96005e-09	
8500.000000	0.000161798	8500.000000	0.000159074	8500.000000	0.000122132	8500.000000	0.000115837	8500.000000	0.000122158	8500.000000	0.000159072	8500.000000	1.85235e-09	
9000.000000	0.000169164	9000.000000	0.000163818	9000.000000	0.000122866	9000.000000	0.000116595	9000.000000	0.000122893	9000.000000	0.000163816	9000.000000	1.7562e-09	
9500.000000	0.000176703	9500.000000	0.000168574	9500.000000	0.000123571	9500.000000	0.000117326	9500.000000	0.000123599	9500.000000	0.000168573	9500.000000	1.66983e-09	
10000.000000	0.000184411	10000.000000	0.000173339	10000.000000	0.000124251	10000.000000	0.000118029	10000.000000	0.000124278	10000.000000	0.000173337	10000.000000	1.5918e-09	
11000.000000	0.00020032	11000.000000	0.000182885	11000.000000	0.000125533	11000.000000	0.000119362	11000.000000	0.000125559	11000.000000	0.000182884	11000.000000	1.45631e-09	
12000.000000	0.000216872	12000.000000	0.000192442	12000.000000	0.000126719	12000.000000	0.000120605	12000.000000	0.000126747	12000.000000	0.000192441	12000.000000	1.34267e-09	
13000.000000	0.000234056	13000.000000	0.000202001	13000.000000	0.000127823	13000.000000	0.000121768	13000.000000	0.000127853	13000.000000	0.000201999	13000.000000	1.24594e-09	
14000.000000	0.000251862	14000.000000	0.000211554	14000.000000	0.000128859	14000.000000	0.000122859	14000.000000	0.000128885	14000.000000	0.000211553	14000.000000	1.16258e-09	
15000.000000	0.000270286	15000.000000	0.000221099	15000.000000	0.000129832	15000.000000	0.000123887	15000.000000	0.000129851	15000.000000	0.000221098	15000.000000	1.08997e-09	
16000.000000	0.000289323	16000.000000	0.000230632	16000.000000	0.000130742	16000.000000	0.000124859	16000.000000	0.000130758	16000.000000	0.000230631	16000.000000	1.02615e-09	
17000.000000	0.000308972	17000.000000	0.000240152	17000.000000	0.000131594	17000.000000	0.000125779	17000.000000	0.000131612	17000.000000	0.000240151	17000.000000	9.6958e-10	
18000.000000	0.000329232	18000.000000	0.000249658	18000.000000	0.000132395	18000.000000	0.000126652	18000.000000	0.000132418	18000.000000	0.000249657	18000.000000	9.19095e-10	
19000.000000	0.000350102	19000.000000	0.000259148	19000.000000	0.000133152	19000.000000	0.000127484	19000.000000	0.000133179	19000.000000	0.000259147	19000.000000	8.73751e-10	
20000.000000	0.000371583	20000.000000	0.000268622	20000.000000	0.000133869	20000.000000	0.000128277	20000.000000	0.000133899	20000.000000	0.000268621	20000.000000	8.32794e-10	
21000.000000	0.000393676	21000.000000	0.00027808	21000.000000	0.000134552	21000.000000	0.000129035	21000.000000	0.000134584	21000.000000	0.000278079	21000.000000	7.95611e-10	
22000.000000	0.000416381	22000.000000	0.000287523	22000.000000	0.000135201	22000.000000	0.000129762	22000.000000	0.000135234	22000.000000	0.000287522	22000.000000	7.61698e-10	
23000.000000	0.000439701	23000.000000	0.000296949	23000.000000	0.000135822	23000.000000	0.000130458	23000.000000	0.000135853	23000.000000	0.000296949	23000.000000	7.30638e-10	
24000.000000	0.000463637	24000.000000	0.00030636	24000.000000	0.000136414	24000.000000	0.000131127	24000.000000	0.000136442	24000.000000	0.00030636	24000.000000	7.02082e-10	
25000.000000	0.000488192	25000.000000	0.000315756	25000.000000	0.000136976	25000.000000	0.000131771	25000.000000	0.000137006	25000.000000	0.000315755	25000.000000	6.75738e-10	
26000.000000	0.000513367	26000.000000	0.000325136	26000.000000	0.000137513	26000.000000	0.000132391	26000.000000	0.000137544	26000.000000	0.000325136	26000.000000	6.51354e-10	
27000.000000	0.000539166	27000.000000	0.000334502	27000.000000	0.000138029	27000.000000	0.00013299	27000.000000	0.00013806	27000.000000	0.000334501	27000.000000	6.28717e-10	
28000.000000	0.00056559	28000.000000	0.000343852	28000.000000	0.000138523	28000.000000	0.000133568	28000.000000	0.000138552	28000.000000	0.000343852	28000.000000	6.07646e-10	
29000.000000	0.000592643	29000.000000	0.000353189	29000.000000	0.000138996	29000.000000	0.000134127	29000.000000	0.000139026	29000.000000	0.000353188	29000.000000	5.87981e-10	
30000.000000	0.000620326	30000.000000	0.000362511	30000.000000	0.000139449	30000.000000	0.000134668	30000.000000	0.00013948	30000.000000	0.00036251	30000.000000	5.69585e-10	
32000.000000	0.000677599	32000.000000	0.000381115	32000.000000	0.000140305	32000.000000	0.000135701	32000.000000	0.000140337	32000.000000	0.000381114	32000.000000	5.36133e-10	
34000.000000	0.000737432	34000.000000	0.000399666	34000.000000	0.000141102	34000.000000	0.000136675	34000.000000	0.000141129	34000.000000	0.000399665	34000.000000	5.06494e-10	
36000.000000	0.00079985	36000.000000	0.000418167	36000.000000	0.00014184	36000.000000	0.000137595	36000.000000	0.000141866	36000.000000	0.000418166	36000.000000	4.80045e-10	
38000.000000	0.000864879	38000.000000	0.00043662	38000.000000	0.000142523	38000.000000	0.000138468	38000.000000	0.000142553	38000.000000	0.000436619	38000.000000	4.56295e-10	
40000.000000	0.000932546	40000.000000	0.000455027	40000.000000	0.000143159	40000.000000	0.000139297	40000.000000	0.000143195	40000.000000	0.000455027	40000.000000	4.34845e-10	
42000.000000	0.00100288	42000.000000	0.000473391	42000.000000	0.000143756	42000.000000	0.000140088	42000.000000	0.000143795	42000.000000	0.00047339	42000.000000	4.15375e-10	
44000.000000	0.0010759 	44000.000000	0.000491712	44000.000000	0.000144322	44000.000000	0.000140843	44000.000000	0.000144359	44000.000000	0.000491712	44000.000000	3.9762e-10	
46000.000000	0.00115165	46000.000000	0.000509993	46000.000000	0.000144862	46000.000000	0.000141566	46000.000000	0.00014489	46000.000000	0.000509993	46000.000000	3.81361e-10	
48000.000000	0.00123014	48000.000000	0.000528235	48000.000000	0.000145375	48000.000000	0.000142259	48000.000000	0.00014539	48000.000000	0.000528235	48000.000000	3.66415e-10	
50000.000000	0.00131141	50000.000000	0.000546441	50000.000000	0.000145859	50000.000000	0.000142924	50000.000000	0.000145862	50000.000000	0.00054644	50000.000000	3.52627e-10	
