! 138La energy loss (dE/dX) in He
! apply ZOOM for details
Energy (MeV/u)1	0 - [He-base] F.Hubert et al, AD&ND Tables 46(1990)1	Energy (MeV/u)2	1 - [H -base] J.F.Ziegler et al,Pergamon Press,NY(low energy)	Energy (MeV/u)3	2 - ATIMA 1.2 LS-theory (recommended for high energy)	Energy (MeV/u)4	3 - ATIMA 1.2 without LS-correction	Energy (MeV/u)5	4 - ATIMA 1.4 H.Weick, improved mean charge formula for HI	Energy (MeV/u)6	5 - electrical component of [1] - J.F.Ziegler et al	Energy (MeV/u)7	6 - nuclear component of [1] - J.F.Ziegler et al	
0.001000	0.000256702	0.001000	0.000315208	0.001000	0.000267926	0.001000	0.000267926	0.001000	0.000267935	0.001000	7.43173e-05	0.001000	0.00024089	
0.002000	0.000267939	0.002000	0.000329831	0.002000	0.000271685	0.002000	0.000271685	0.002000	0.000271693	0.002000	9.63776e-05	0.002000	0.000233453	
0.005000	0.000267718	0.005000	0.000330384	0.005000	0.000254934	0.005000	0.000254934	0.005000	0.00025494	0.005000	0.000135895	0.005000	0.000194489	
0.008000	0.000265687	0.008000	0.00032801	0.008000	0.00024238	0.008000	0.00024238	0.008000	0.000242384	0.008000	0.000162087	0.008000	0.000165923	
0.010000	0.00026558	0.010000	0.000327854	0.010000	0.000237099	0.010000	0.000237099	0.010000	0.000237104	0.010000	0.000176234	0.010000	0.00015162	
0.015000	0.000268299	0.015000	0.000331032	0.015000	0.000230547	0.015000	0.000230547	0.015000	0.000230551	0.015000	0.000205175	0.015000	0.000125858	
0.020000	0.000273366	0.020000	0.00033707	0.020000	0.000229407	0.020000	0.000229407	0.020000	0.00022941	0.020000	0.000228547	0.020000	0.000108523	
0.025000	0.000279502	0.025000	0.000344435	0.025000	0.000231092	0.025000	0.000231092	0.025000	0.000231095	0.025000	0.000248495	0.025000	9.59399e-05	
0.030000	0.000286113	0.030000	0.000352401	0.030000	0.000234374	0.030000	0.000234374	0.030000	0.000234376	0.030000	0.000266079	0.030000	8.63222e-05	
0.035000	0.000292904	0.035000	0.000360605	0.035000	0.000238606	0.035000	0.000238606	0.035000	0.000238608	0.035000	0.000281913	0.035000	7.86923e-05	
0.040000	0.00029972	0.040000	0.000368856	0.040000	0.000243422	0.040000	0.000243422	0.040000	0.000243424	0.040000	0.000296389	0.040000	7.24674e-05	
0.045000	0.000306478	0.045000	0.00037705	0.045000	0.000248601	0.045000	0.000248601	0.045000	0.000248602	0.045000	0.000309774	0.045000	6.72763e-05	
0.050000	0.000313135	0.050000	0.000385128	0.050000	0.000254003	0.050000	0.000254003	0.050000	0.000254005	0.050000	0.000322258	0.050000	6.28705e-05	
0.055000	0.000319665	0.055000	0.000393061	0.055000	0.000259538	0.055000	0.000259538	0.055000	0.00025954	0.055000	0.000333984	0.055000	5.90771e-05	
0.060000	0.000326058	0.060000	0.000400833	0.060000	0.000265146	0.060000	0.000265146	0.060000	0.000265147	0.060000	0.000345061	0.060000	5.57712e-05	
0.070000	0.000338417	0.070000	0.000415871	0.070000	0.000276426	0.070000	0.000276426	0.070000	0.000276427	0.070000	0.000365596	0.070000	5.02753e-05	
0.080000	0.00035022	0.080000	0.000430246	0.080000	0.000287642	0.080000	0.000287642	0.080000	0.000287643	0.080000	0.000384369	0.080000	4.58767e-05	
0.090000	0.000383083	0.090000	0.000443992	0.090000	0.000298696	0.090000	0.000298696	0.090000	0.000298697	0.090000	0.000401727	0.090000	4.22654e-05	
0.100000	0.000415083	0.100000	0.000483157	0.100000	0.000332491	0.100000	0.000332491	0.100000	0.000332492	0.100000	0.000443917	0.100000	3.924e-05 	
0.120000	0.000463743	0.120000	0.000574607	0.120000	0.000415432	0.120000	0.000415432	0.120000	0.000415433	0.120000	0.000540479	0.120000	3.4128e-05	
0.140000	0.000506156	0.140000	0.00065995	0.140000	0.000496941	0.140000	0.000496941	0.140000	0.000496942	0.140000	0.000629438	0.140000	3.05116e-05	
0.160000	0.000545259	0.160000	0.000738063	0.160000	0.000574259	0.160000	0.000574259	0.160000	0.00057426	0.160000	0.000710411	0.160000	2.76519e-05	
0.180000	0.000582818	0.180000	0.000809076	0.180000	0.000646131	0.180000	0.000646131	0.180000	0.000646132	0.180000	0.000783748	0.180000	2.53277e-05	
0.200000	0.000619754	0.200000	0.000873513	0.200000	0.000712065	0.200000	0.000712065	0.200000	0.000712066	0.200000	0.000850116	0.200000	2.33973e-05	
0.250000	0.000689218	0.250000	0.00101014	0.250000	0.000851578	0.250000	0.000851578	0.250000	0.000851579	0.250000	0.000990403	0.250000	1.97384e-05	
0.300000	0.000765723	0.300000	0.00113482	0.300000	0.000960211	0.300000	0.000960211	0.300000	0.000960212	0.300000	0.00111768	0.300000	1.71436e-05	
0.350000	0.000835851	0.350000	0.00124243	0.350000	0.00104578	0.350000	0.00104578	0.350000	0.00104578	0.350000	0.00122723	0.350000	1.51981e-05	
0.400000	0.000898887	0.400000	0.00133115	0.400000	0.00111486	0.400000	0.00111486	0.400000	0.00111486	0.400000	0.00131747	0.400000	1.368e-05 	
0.450000	0.000955331	0.450000	0.00140519	0.450000	0.00117223	0.450000	0.00117223	0.450000	0.00117223	0.450000	0.00139273	0.450000	1.24593e-05	
0.500000	0.00100578	0.500000	0.00146765	0.500000	0.00122114	0.500000	0.00122114	0.500000	0.00122114	0.500000	0.00145619	0.500000	1.14543e-05	
0.600000	0.00106316	0.600000	0.00157504	0.600000	0.00130151	0.600000	0.00130151	0.600000	0.00130151	0.600000	0.00156514	0.600000	9.89273e-06	
0.700000	0.00111267	0.700000	0.00168723	0.700000	0.00136612	0.700000	0.00136612	0.700000	0.00136612	0.700000	0.00167849	0.700000	8.73129e-06	
0.800000	0.00118548	0.800000	0.00177298	0.800000	0.00141982	0.800000	0.00141982	0.800000	0.00141982	0.800000	0.00176515	0.800000	7.83073e-06	
0.900000	0.00124512	0.900000	0.00183916	0.900000	0.00147177	0.900000	0.00147177	0.900000	0.00147177	0.900000	0.00183205	0.900000	7.11029e-06	
1.000000	0.00129422	1.000000	0.00189053	1.000000	0.00152576	1.000000	0.00152576	1.000000	0.00152576	1.000000	0.00188401	1.000000	6.51974e-06	
1.250000	0.00136227	1.250000	0.00194865	1.250000	0.00162643	1.250000	0.00162643	1.250000	0.00162643	1.250000	0.00194323	1.250000	5.41991e-06	
1.500000	0.00139347	1.500000	0.00195938	1.500000	0.00169248	1.500000	0.00169248	1.500000	0.00169248	1.500000	0.00195472	1.500000	4.65557e-06	
1.750000	0.00140987	1.750000	0.00195701	1.750000	0.00173534	1.750000	0.00173534	1.750000	0.00173534	1.750000	0.00195292	1.750000	4.09121e-06	
2.000000	0.00141605	2.000000	0.00194614	2.000000	0.00176209	2.000000	0.00176209	2.000000	0.00176209	2.000000	0.00194248	2.000000	3.65615e-06	
2.250000	0.00141635	2.250000	0.00192781	2.250000	0.00177739	2.250000	0.00177739	2.250000	0.00177739	2.250000	0.0019245 	2.250000	3.30977e-06	
2.500000	0.00217088	2.500000	0.00190722	2.500000	0.00178439	2.500000	0.00178439	2.500000	0.0017844 	2.500000	0.00190419	2.500000	3.02698e-06	
3.000000	0.00211948	3.000000	0.00186249	3.000000	0.0017817 	3.000000	0.0017817 	3.000000	0.0017817 	3.000000	0.0018599 	3.000000	2.59198e-06	
3.500000	0.00205733	3.500000	0.00181235	3.500000	0.00176517	3.500000	0.00176517	3.500000	0.00176518	3.500000	0.00181008	3.500000	2.27205e-06	
4.000000	0.00199203	4.000000	0.00175815	4.000000	0.00174087	4.000000	0.00174087	4.000000	0.00174087	4.000000	0.00175612	4.000000	2.02622e-06	
4.500000	0.00192719	4.500000	0.00170912	4.500000	0.00171223	4.500000	0.00171223	4.500000	0.00171223	4.500000	0.00170729	4.500000	1.83101e-06	
5.000000	0.0018645 	5.000000	0.001664  	5.000000	0.00168129	5.000000	0.00168129	5.000000	0.0016813 	5.000000	0.00166233	5.000000	1.672e-06 	
5.500000	0.00180472	5.500000	0.001622  	5.500000	0.00164932	5.500000	0.00164932	5.500000	0.00164932	5.500000	0.00162046	5.500000	1.53982e-06	
6.000000	0.00174814	6.000000	0.00158369	6.000000	0.00161378	6.000000	0.00161378	6.000000	0.00161378	6.000000	0.00158227	6.000000	1.42808e-06	
6.500000	0.00169477	6.500000	0.00154734	6.500000	0.0015784 	6.500000	0.0015784 	6.500000	0.0015784 	6.500000	0.001546  	6.500000	1.33231e-06	
7.000000	0.00164452	7.000000	0.00151243	7.000000	0.00154447	7.000000	0.00154447	7.000000	0.00154447	7.000000	0.00151118	7.000000	1.24925e-06	
7.500000	0.00159722	7.500000	0.00147892	7.500000	0.00151193	7.500000	0.00151193	7.500000	0.00151193	7.500000	0.00147775	7.500000	1.17649e-06	
8.000000	0.0015527 	8.000000	0.00144676	8.000000	0.00148073	8.000000	0.00148073	8.000000	0.00148073	8.000000	0.00144565	8.000000	1.11218e-06	
8.500000	0.00151076	8.500000	0.00141595	8.500000	0.00145081	8.500000	0.00145081	8.500000	0.00145081	8.500000	0.0014149 	8.500000	1.05491e-06	
9.000000	0.00147121	9.000000	0.00138642	9.000000	0.00142209	9.000000	0.00142209	9.000000	0.00142209	9.000000	0.00138542	9.000000	1.00357e-06	
9.500000	0.00143386	9.500000	0.0013581 	9.500000	0.00139452	9.500000	0.00139452	9.500000	0.00139452	9.500000	0.00135715	9.500000	9.57257e-07	
10.000000	0.00139856	10.000000	0.00127558	10.000000	0.00136804	10.000000	0.00136804	10.000000	0.00136804	10.000000	0.00127467	10.000000	9.15259e-07	
11.000000	0.00133347	11.000000	0.0012433 	11.000000	0.00130466	11.000000	0.00132055	11.000000	0.00133393	11.000000	0.00124246	11.000000	8.41961e-07	
12.000000	0.00127484	12.000000	0.00121171	12.000000	0.00124738	12.000000	0.00127677	12.000000	0.00130025	12.000000	0.00121093	12.000000	7.80088e-07	
13.000000	0.00122176	13.000000	0.0011811 	13.000000	0.00119538	13.000000	0.00123635	13.000000	0.00126741	13.000000	0.00118037	13.000000	7.27122e-07	
14.000000	0.00117348	14.000000	0.00115157	14.000000	0.00114802	14.000000	0.00119895	14.000000	0.00123565	14.000000	0.00115089	14.000000	6.81237e-07	
15.000000	0.00112936	15.000000	0.00112322	15.000000	0.00110478	15.000000	0.00116427	15.000000	0.00120511	15.000000	0.00112257	15.000000	6.41081e-07	
16.000000	0.00108889	16.000000	0.00109605	16.000000	0.00106515	16.000000	0.00113207	16.000000	0.00117585	16.000000	0.00109545	16.000000	6.05625e-07	
17.000000	0.00105162	17.000000	0.00107007	17.000000	0.00102871	17.000000	0.0011021 	17.000000	0.00114788	17.000000	0.0010695 	17.000000	5.74078e-07	
18.000000	0.00101717	18.000000	0.00104525	18.000000	0.000995163	18.000000	0.00107417	18.000000	0.00112115	18.000000	0.0010447 	18.000000	5.45816e-07	
19.000000	0.000985228	19.000000	0.00102154	19.000000	0.000964217	19.000000	0.00104808	19.000000	0.00109569	19.000000	0.00102102	19.000000	5.20342e-07	
20.000000	0.000955522	20.000000	0.00099889	20.000000	0.000935614	20.000000	0.00102369	20.000000	0.00107147	20.000000	0.000998392	20.000000	4.97258e-07	
21.000000	0.000927819	21.000000	0.000977251	21.000000	0.000909111	21.000000	0.00100084	21.000000	0.00104834	21.000000	0.000976774	21.000000	4.76235e-07	
22.000000	0.000901917	22.000000	0.000956567	22.000000	0.00088449	22.000000	0.000979407	22.000000	0.00102638	22.000000	0.00095611	22.000000	4.57006e-07	
23.000000	0.000877639	23.000000	0.000936786	23.000000	0.000861599	23.000000	0.000959281	23.000000	0.00100545	23.000000	0.000936346	23.000000	4.39346e-07	
24.000000	0.000854834	24.000000	0.000917856	24.000000	0.000840326	24.000000	0.000940358	24.000000	0.000985557	24.000000	0.000917433	24.000000	4.23068e-07	
25.000000	0.000833366	25.000000	0.000899729	25.000000	0.000820529	25.000000	0.000922547	25.000000	0.000966617	25.000000	0.000899321	25.000000	4.08012e-07	
27.000000	0.000793986	27.000000	0.000865701	27.000000	0.000784746	27.000000	0.00088994	27.000000	0.000931441	27.000000	0.00086532	27.000000	3.81048e-07	
29.000000	0.000758708	29.000000	0.000834365	29.000000	0.000753482	29.000000	0.000860893	29.000000	0.000899576	29.000000	0.000834008	29.000000	3.57587e-07	
31.000000	0.000726902	31.000000	0.000805424	31.000000	0.000728264	31.000000	0.000831879	31.000000	0.000864842	31.000000	0.000805087	31.000000	3.36976e-07	
33.000000	0.000698066	33.000000	0.00077862	33.000000	0.00070711	33.000000	0.000802402	33.000000	0.000828055	33.000000	0.000778302	33.000000	3.1872e-07	
35.000000	0.000671789	35.000000	0.000753729	35.000000	0.000687337	35.000000	0.000775179	35.000000	0.000794815	35.000000	0.000753427	35.000000	3.0243e-07	
38.000000	0.000636452	38.000000	0.000719556	38.000000	0.000659876	38.000000	0.000738022	38.000000	0.00075047	38.000000	0.000719275	38.000000	2.81028e-07	
41.000000	0.000605225	41.000000	0.000688692	41.000000	0.000634807	41.000000	0.000704662	41.000000	0.000711552	41.000000	0.00068843	41.000000	2.62584e-07	
44.000000	0.000577408	44.000000	0.000660679	44.000000	0.000611856	44.000000	0.000674536	44.000000	0.000677064	44.000000	0.000660432	44.000000	2.46516e-07	
47.000000	0.000552457	47.000000	0.000635138	47.000000	0.000590774	47.000000	0.000647188	47.000000	0.000646261	47.000000	0.000634905	47.000000	2.32386e-07	
50.000000	0.000529938	50.000000	0.000611754	50.000000	0.000571265	50.000000	0.000622246	50.000000	0.000618559	50.000000	0.000611534	50.000000	2.19857e-07	
55.000000	0.000496891	55.000000	0.000576879	55.000000	0.000541948	55.000000	0.000585211	55.000000	0.000577986	55.000000	0.000576677	55.000000	2.01852e-07	
60.000000	0.00046841	60.000000	0.0005463 	60.000000	0.000515912	60.000000	0.000552895	60.000000	0.000543139	60.000000	0.000546113	60.000000	1.86689e-07	
65.000000	0.000443585	65.000000	0.000519265	65.000000	0.000492727	65.000000	0.000524446	65.000000	0.000512852	65.000000	0.000519091	65.000000	1.73736e-07	
70.000000	0.000421736	70.000000	0.000495189	70.000000	0.000471895	70.000000	0.000499206	70.000000	0.000486294	70.000000	0.000495027	70.000000	1.62537e-07	
75.000000	0.000402345	75.000000	0.00047361	75.000000	0.000453111	75.000000	0.00047666	75.000000	0.000464421	75.000000	0.000473457	75.000000	1.52753e-07	
80.000000	0.000385007	80.000000	0.000454156	80.000000	0.000436076	80.000000	0.000456398	80.000000	0.000444931	80.000000	0.000454012	80.000000	1.44129e-07	
85.000000	0.000369404	85.000000	0.000436527	85.000000	0.000420539	85.000000	0.000438089	85.000000	0.000427403	85.000000	0.000436391	85.000000	1.36466e-07	
90.000000	0.000355282	90.000000	0.000420477	90.000000	0.000406312	90.000000	0.000421465	90.000000	0.000411575	90.000000	0.000420348	90.000000	1.29611e-07	
95.000000	0.000342433	95.000000	0.000405803	95.000000	0.000393282	95.000000	0.000406303	95.000000	0.000397233	95.000000	0.00040568	95.000000	1.2344e-07	
100.000000	0.000330687	100.000000	0.000392335	100.000000	0.000381259	100.000000	0.000392419	100.000000	0.000384139	100.000000	0.000392217	100.000000	1.17854e-07	
105.000000	0.000319906	105.000000	0.00037993	105.000000	0.000370133	105.000000	0.00037966	105.000000	0.000372131	105.000000	0.000379817	105.000000	1.12774e-07	
110.000000	0.00030997	110.000000	0.000368466	110.000000	0.000359801	110.000000	0.000367893	110.000000	0.000361131	110.000000	0.000368358	110.000000	1.08131e-07	
115.000000	0.000300783	115.000000	0.000357842	115.000000	0.000350212	115.000000	0.00035701	115.000000	0.000350952	115.000000	0.000357738	115.000000	1.03872e-07	
120.000000	0.000292259	120.000000	0.000347967	120.000000	0.000341279	120.000000	0.000346913	120.000000	0.000341564	120.000000	0.000347867	120.000000	9.99493e-08	
125.000000	0.000284328	125.000000	0.000338765	125.000000	0.000332917	125.000000	0.000337522	125.000000	0.000332828	125.000000	0.000338669	125.000000	9.63247e-08	
130.000000	0.000276927	130.000000	0.000330171	130.000000	0.000325081	130.000000	0.000328765	130.000000	0.000324721	130.000000	0.000330078	130.000000	9.29649e-08	
135.000000	0.000270005	135.000000	0.000322125	135.000000	0.00031774	135.000000	0.000320581	135.000000	0.000317123	135.000000	0.000322035	135.000000	8.98414e-08	
140.000000	0.000263515	140.000000	0.000314578	140.000000	0.000310859	140.000000	0.000312916	140.000000	0.000310038	140.000000	0.000314491	140.000000	8.69298e-08	
145.000000	0.000257416	145.000000	0.000307484	145.000000	0.000304371	145.000000	0.000305722	145.000000	0.000303355	145.000000	0.0003074 	145.000000	8.42089e-08	
150.000000	0.000251673	150.000000	0.000300805	150.000000	0.000298222	150.000000	0.000298959	150.000000	0.0002971 	150.000000	0.000300723	150.000000	8.16604e-08	
155.000000	0.00024338	155.000000	0.000294504	155.000000	0.000292416	155.000000	0.000292588	155.000000	0.000291197	155.000000	0.000294425	155.000000	7.92681e-08	
160.000000	0.000238626	160.000000	0.000288551	160.000000	0.000286936	160.000000	0.000286576	160.000000	0.000285632	160.000000	0.000288474	160.000000	7.70179e-08	
165.000000	0.00023413	165.000000	0.000282918	165.000000	0.000281749	165.000000	0.000280896	165.000000	0.000280387	165.000000	0.000282843	165.000000	7.48972e-08	
170.000000	0.000229871	170.000000	0.000277581	170.000000	0.000276818	170.000000	0.00027552	170.000000	0.000275397	170.000000	0.000277508	170.000000	7.28952e-08	
175.000000	0.000225829	175.000000	0.000272516	175.000000	0.000272129	175.000000	0.000270424	175.000000	0.000270683	175.000000	0.000272445	175.000000	7.10018e-08	
180.000000	0.000221989	180.000000	0.000267703	180.000000	0.000267678	180.000000	0.000265589	180.000000	0.00026621	180.000000	0.000267634	180.000000	6.92085e-08	
185.000000	0.000218336	185.000000	0.000263125	185.000000	0.000263436	185.000000	0.000260994	185.000000	0.000261943	185.000000	0.000263057	185.000000	6.75074e-08	
190.000000	0.000214856	190.000000	0.000258764	190.000000	0.000259383	190.000000	0.000256622	190.000000	0.000257895	190.000000	0.000258698	190.000000	6.58913e-08	
195.000000	0.000211537	195.000000	0.000254606	195.000000	0.000255519	195.000000	0.000252458	195.000000	0.000254037	195.000000	0.000254542	195.000000	6.43541e-08	
200.000000	0.000208367	200.000000	0.000250638	200.000000	0.000251831	200.000000	0.000248488	200.000000	0.000250342	200.000000	0.000250575	200.000000	6.289e-08 	
210.000000	0.000202439	210.000000	0.000243218	210.000000	0.000244913	210.000000	0.000241077	210.000000	0.000243467	210.000000	0.000243158	210.000000	6.01609e-08	
220.000000	0.000197001	220.000000	0.000236419	220.000000	0.000238569	220.000000	0.000234299	220.000000	0.000237144	220.000000	0.000236362	220.000000	5.76681e-08	
230.000000	0.000191995	230.000000	0.000230166	230.000000	0.000232717	230.000000	0.000228077	230.000000	0.000231349	230.000000	0.000230111	230.000000	5.53818e-08	
240.000000	0.00018737	240.000000	0.000224398	240.000000	0.000227311	240.000000	0.000222347	240.000000	0.00022599	240.000000	0.000224344	240.000000	5.3277e-08	
250.000000	0.000183084	250.000000	0.00021906	250.000000	0.000222315	250.000000	0.000217053	250.000000	0.00022104	250.000000	0.000219008	250.000000	5.13326e-08	
260.000000	0.000179102	260.000000	0.000214107	260.000000	0.000217668	260.000000	0.00021215	260.000000	0.000216439	260.000000	0.000214057	260.000000	4.95308e-08	
270.000000	0.000175392	270.000000	0.0002095 	270.000000	0.000213336	270.000000	0.000207596	270.000000	0.000212166	270.000000	0.000209452	270.000000	4.78561e-08	
280.000000	0.000171928	280.000000	0.000205204	280.000000	0.0002093 	280.000000	0.000203356	280.000000	0.00020817	280.000000	0.000205158	280.000000	4.62955e-08	
290.000000	0.000168685	290.000000	0.00020119	290.000000	0.000205515	290.000000	0.0001994 	290.000000	0.000204451	290.000000	0.000201145	290.000000	4.48375e-08	
300.000000	0.000165643	300.000000	0.000197431	300.000000	0.000201968	300.000000	0.000195701	300.000000	0.000200948	300.000000	0.000197387	300.000000	4.34721e-08	
310.000000	0.000162785	310.000000	0.000193904	310.000000	0.000198645	310.000000	0.000192235	310.000000	0.000197676	310.000000	0.000193862	310.000000	4.21907e-08	
320.000000	0.000160094	320.000000	0.00019059	320.000000	0.000195522	320.000000	0.000188983	320.000000	0.000194596	320.000000	0.000190549	320.000000	4.09857e-08	
330.000000	0.000157556	330.000000	0.000187469	330.000000	0.000192577	330.000000	0.000185924	330.000000	0.000191692	330.000000	0.00018743	330.000000	3.98503e-08	
340.000000	0.000155158	340.000000	0.000184527	340.000000	0.0001898 	340.000000	0.000183044	340.000000	0.000188963	340.000000	0.000184488	340.000000	3.87787e-08	
350.000000	0.00015289	350.000000	0.000181748	350.000000	0.000187182	350.000000	0.000180327	350.000000	0.000186371	350.000000	0.00018171	350.000000	3.77654e-08	
360.000000	0.000150742	360.000000	0.00017912	360.000000	0.000184699	360.000000	0.00017776	360.000000	0.000183925	360.000000	0.000179083	360.000000	3.68058e-08	
370.000000	0.000148704	370.000000	0.000176632	370.000000	0.000182341	370.000000	0.000175333	370.000000	0.000181615	370.000000	0.000176596	370.000000	3.58958e-08	
380.000000	0.000146769	380.000000	0.000174272	380.000000	0.000180108	380.000000	0.000173034	380.000000	0.00017941	380.000000	0.000174237	380.000000	3.50314e-08	
390.000000	0.000144928	390.000000	0.000172032	390.000000	0.000177991	390.000000	0.000170854	390.000000	0.000177322	390.000000	0.000171998	390.000000	3.42093e-08	
400.000000	0.000143176	400.000000	0.000169903	400.000000	0.000175976	400.000000	0.000168784	400.000000	0.000175344	400.000000	0.000169869	400.000000	3.34264e-08	
410.000000	0.000141506	410.000000	0.000167877	410.000000	0.000174057	410.000000	0.000166817	410.000000	0.000173449	410.000000	0.000167845	410.000000	3.268e-08 	
420.000000	0.000139913	420.000000	0.000165948	420.000000	0.00017223	420.000000	0.000164945	420.000000	0.000171649	420.000000	0.000165916	420.000000	3.19675e-08	
430.000000	0.000138392	430.000000	0.000164109	430.000000	0.000170491	430.000000	0.000163163	430.000000	0.000169936	430.000000	0.000164078	430.000000	3.12867e-08	
440.000000	0.000136939	440.000000	0.000162354	440.000000	0.000168832	440.000000	0.000161464	440.000000	0.000168298	440.000000	0.000162323	440.000000	3.06354e-08	
450.000000	0.000135548	450.000000	0.000160678	450.000000	0.000167248	450.000000	0.000159842	450.000000	0.00016673	450.000000	0.000160648	450.000000	3.00117e-08	
460.000000	0.000134217	460.000000	0.000159076	460.000000	0.00016573	460.000000	0.000158294	460.000000	0.000165235	460.000000	0.000159046	460.000000	2.94139e-08	
470.000000	0.000132942	470.000000	0.000157543	470.000000	0.000164275	470.000000	0.000156814	470.000000	0.000163808	470.000000	0.000157514	470.000000	2.88404e-08	
480.000000	0.000131719	480.000000	0.000156075	480.000000	0.000162882	480.000000	0.000155399	480.000000	0.000162434	480.000000	0.000156047	480.000000	2.82897e-08	
490.000000	0.000130546	490.000000	0.000154669	490.000000	0.000161549	490.000000	0.000154043	490.000000	0.000161118	490.000000	0.000154642	490.000000	2.77605e-08	
500.000000	0.000129419	500.000000	0.000153321	500.000000	0.000160272	500.000000	0.000152745	500.000000	0.000159861	500.000000	0.000153294	500.000000	2.72514e-08	
520.000000	0.000127297	520.000000	0.000150787	520.000000	0.000157871	520.000000	0.000150307	520.000000	0.000157495	520.000000	0.00015076	520.000000	2.62896e-08	
540.000000	0.000125333	540.000000	0.000148447	540.000000	0.000155659	540.000000	0.00014806	540.000000	0.000155307	540.000000	0.000148422	540.000000	2.53958e-08	
560.000000	0.000123512	560.000000	0.000146284	560.000000	0.000153611	560.000000	0.000145985	560.000000	0.000153287	560.000000	0.000146259	560.000000	2.4563e-08	
580.000000	0.00012182	580.000000	0.000144278	580.000000	0.000151706	580.000000	0.000144064	580.000000	0.000151408	580.000000	0.000144255	580.000000	2.37852e-08	
600.000000	0.000120244	600.000000	0.000142416	600.000000	0.000149937	600.000000	0.000142282	600.000000	0.00014967	600.000000	0.000142393	600.000000	2.3057e-08	
620.000000	0.000118776	620.000000	0.000140683	620.000000	0.000148293	620.000000	0.000140625	620.000000	0.000148043	620.000000	0.000140661	620.000000	2.23737e-08	
640.000000	0.000117404	640.000000	0.000139068	640.000000	0.000146761	640.000000	0.000139083	640.000000	0.00014653	640.000000	0.000139046	640.000000	2.17312e-08	
660.000000	0.000116121	660.000000	0.00013756	660.000000	0.000145332	660.000000	0.000137644	660.000000	0.000145118	660.000000	0.000137539	660.000000	2.1126e-08	
680.000000	0.000114919	680.000000	0.000136151	680.000000	0.000143997	680.000000	0.0001363 	680.000000	0.000143793	680.000000	0.000136131	680.000000	2.05549e-08	
700.000000	0.000113792	700.000000	0.000134832	700.000000	0.000142745	700.000000	0.000135043	700.000000	0.000142557	700.000000	0.000134812	700.000000	2.00149e-08	
720.000000	0.000112734	720.000000	0.000133596	720.000000	0.000141569	720.000000	0.000133865	720.000000	0.000141393	720.000000	0.000133577	720.000000	1.95037e-08	
740.000000	0.000111741	740.000000	0.000132437	740.000000	0.000140465	740.000000	0.00013276	740.000000	0.0001403 	740.000000	0.000132418	740.000000	1.90189e-08	
760.000000	0.000110806	760.000000	0.000131348	760.000000	0.00013943	760.000000	0.000131722	760.000000	0.000139276	760.000000	0.000131329	760.000000	1.85585e-08	
780.000000	0.000109926	780.000000	0.000130324	780.000000	0.000138455	780.000000	0.000130746	780.000000	0.000138308	780.000000	0.000130306	780.000000	1.81208e-08	
800.000000	0.000109097	800.000000	0.000129361	800.000000	0.000137536	800.000000	0.000129828	800.000000	0.000137396	800.000000	0.000129343	800.000000	1.77039e-08	
820.000000	0.000108316	820.000000	0.000128454	820.000000	0.000136668	820.000000	0.000128963	820.000000	0.000136539	820.000000	0.000128436	820.000000	1.73066e-08	
840.000000	0.000107579	840.000000	0.000127599	840.000000	0.00013585	840.000000	0.000128147	840.000000	0.000135729	840.000000	0.000127582	840.000000	1.69273e-08	
860.000000	0.000106884	860.000000	0.000126793	860.000000	0.000135077	860.000000	0.000127377	860.000000	0.000134961	860.000000	0.000126777	860.000000	1.65649e-08	
880.000000	0.000106227	880.000000	0.000126033	880.000000	0.000134347	880.000000	0.000126649	880.000000	0.000134237	880.000000	0.000126017	880.000000	1.62183e-08	
900.000000	0.000105607	900.000000	0.000125315	900.000000	0.000133656	900.000000	0.000125961	900.000000	0.000133555	900.000000	0.0001253 	900.000000	1.58865e-08	
920.000000	0.000105021	920.000000	0.000124638	920.000000	0.000133  	920.000000	0.000125311	920.000000	0.000132903	920.000000	0.000124622	920.000000	1.55684e-08	
940.000000	0.000104467	940.000000	0.000123997	940.000000	0.000132378	940.000000	0.000124695	940.000000	0.000132287	940.000000	0.000123982	940.000000	1.52633e-08	
960.000000	0.000103944	960.000000	0.000123392	960.000000	0.00013179	960.000000	0.000124111	960.000000	0.000131705	960.000000	0.000123377	960.000000	1.49704e-08	
980.000000	0.000103449	980.000000	0.00012282	980.000000	0.000131232	980.000000	0.000123558	980.000000	0.000131154	980.000000	0.000122805	980.000000	1.4689e-08	
1000.000000	0.000102981	1000.000000	0.000122279	1000.000000	0.000130703	1000.000000	0.000123033	1000.000000	0.000130627	1000.000000	0.000122265	1000.000000	1.44183e-08	
1020.000000	0.000102538	1020.000000	0.000121767	1020.000000	0.000130201	1020.000000	0.000122535	1020.000000	0.000130127	1020.000000	0.000121753	1020.000000	1.41578e-08	
1040.000000	0.00010212	1040.000000	0.000121283	1040.000000	0.000129723	1040.000000	0.000122063	1040.000000	0.000129653	1040.000000	0.000121269	1040.000000	1.39069e-08	
1060.000000	0.000101724	1060.000000	0.000120825	1060.000000	0.000129269	1060.000000	0.000121614	1060.000000	0.000129203	1060.000000	0.000120812	1060.000000	1.3665e-08	
1080.000000	0.00010135	1080.000000	0.000120392	1080.000000	0.000128836	1080.000000	0.000121187	1080.000000	0.000128771	1080.000000	0.000120379	1080.000000	1.34318e-08	
1100.000000	0.000100997	1100.000000	0.000119982	1100.000000	0.000128425	1100.000000	0.000120782	1100.000000	0.000128362	1100.000000	0.000119969	1100.000000	1.32066e-08	
1120.000000	0.000100663	1120.000000	0.000119594	1120.000000	0.000128033	1120.000000	0.000120396	1120.000000	0.000127974	1120.000000	0.000119581	1120.000000	1.29892e-08	
1140.000000	0.000100348	1140.000000	0.000119228	1140.000000	0.000127661	1140.000000	0.000120029	1140.000000	0.000127605	1140.000000	0.000119215	1140.000000	1.2779e-08	
1160.000000	0.00010005	1160.000000	0.000118881	1160.000000	0.000127307	1160.000000	0.00011968	1160.000000	0.000127252	1160.000000	0.000118869	1160.000000	1.25759e-08	
1180.000000	9.97698e-05	1180.000000	0.000118553	1180.000000	0.000126969	1180.000000	0.000119347	1180.000000	0.000126915	1180.000000	0.000118541	1180.000000	1.23793e-08	
1200.000000	9.95051e-05	1200.000000	0.000118244	1200.000000	0.000126648	1200.000000	0.000119031	1200.000000	0.000126595	1200.000000	0.000118232	1200.000000	1.2189e-08	
1220.000000	9.92558e-05	1220.000000	0.000117951	1220.000000	0.000126342	1220.000000	0.00011873	1220.000000	0.000126291	1220.000000	0.000117939	1220.000000	1.20046e-08	
1240.000000	9.90212e-05	1240.000000	0.000117675	1240.000000	0.00012605	1240.000000	0.000118443	1240.000000	0.000126002	1240.000000	0.000117663	1240.000000	1.1826e-08	
1260.000000	9.88005e-05	1260.000000	0.000117415	1260.000000	0.000125772	1260.000000	0.000118169	1260.000000	0.000125724	1260.000000	0.000117403	1260.000000	1.16528e-08	
1280.000000	9.85933e-05	1280.000000	0.000117169	1280.000000	0.000125507	1280.000000	0.000117909	1280.000000	0.000125459	1280.000000	0.000117157	1280.000000	1.14848e-08	
1300.000000	9.83988e-05	1300.000000	0.000116937	1300.000000	0.000125254	1300.000000	0.000117661	1300.000000	0.000125207	1300.000000	0.000116926	1300.000000	1.13218e-08	
1320.000000	9.82167e-05	1320.000000	0.000116719	1320.000000	0.000125013	1320.000000	0.000117424	1320.000000	0.000124967	1320.000000	0.000116708	1320.000000	1.11634e-08	
1340.000000	9.80463e-05	1340.000000	0.000116514	1340.000000	0.000124784	1340.000000	0.000117199	1340.000000	0.000124739	1340.000000	0.000116503	1340.000000	1.10097e-08	
1360.000000	9.78872e-05	1360.000000	0.000116322	1360.000000	0.000124565	1360.000000	0.000116984	1360.000000	0.000124521	1360.000000	0.000116311	1360.000000	1.08602e-08	
1380.000000	9.7739e-05	1380.000000	0.000116141	1380.000000	0.000124356	1380.000000	0.000116779	1380.000000	0.000124311	1380.000000	0.000116131	1380.000000	1.07149e-08	
1400.000000	9.76011e-05	1400.000000	0.000115972	1400.000000	0.000124157	1400.000000	0.000116584	1400.000000	0.000124112	1400.000000	0.000115961	1400.000000	1.05736e-08	
1420.000000	9.74733e-05	1420.000000	0.000115814	1420.000000	0.000123967	1420.000000	0.000116398	1420.000000	0.000123923	1420.000000	0.000115803	1420.000000	1.04361e-08	
1440.000000	9.73551e-05	1440.000000	0.000115666	1440.000000	0.000123786	1440.000000	0.00011622	1440.000000	0.000123743	1440.000000	0.000115655	1440.000000	1.03022e-08	
1460.000000	9.72462e-05	1460.000000	0.000115528	1460.000000	0.000123613	1460.000000	0.000116051	1460.000000	0.000123571	1460.000000	0.000115517	1460.000000	1.01719e-08	
1480.000000	9.71461e-05	1480.000000	0.000115399	1480.000000	0.000123448	1480.000000	0.00011589	1480.000000	0.000123406	1480.000000	0.000115389	1480.000000	1.0045e-08	
1500.000000	9.70547e-05	1500.000000	0.00011528	1500.000000	0.00012329	1500.000000	0.000115737	1500.000000	0.000123249	1500.000000	0.00011527	1500.000000	9.92128e-09	
1520.000000	9.69715e-05	1520.000000	0.00011517	1520.000000	0.00012314	1520.000000	0.000115591	1520.000000	0.0001231 	1520.000000	0.00011516	1520.000000	9.8007e-09	
1540.000000	9.68963e-05	1540.000000	0.000115069	1540.000000	0.000122997	1540.000000	0.000115452	1540.000000	0.000122958	1540.000000	0.000115059	1540.000000	9.68312e-09	
1560.000000	9.68289e-05	1560.000000	0.000114975	1560.000000	0.00012286	1560.000000	0.00011532	1560.000000	0.000122824	1560.000000	0.000114966	1560.000000	9.56844e-09	
1580.000000	9.67688e-05	1580.000000	0.00011489	1580.000000	0.00012273	1580.000000	0.000115194	1580.000000	0.000122697	1580.000000	0.00011488	1580.000000	9.45654e-09	
1600.000000	9.6716e-05	1600.000000	0.000114812	1600.000000	0.000122606	1600.000000	0.000115074	1600.000000	0.000122574	1600.000000	0.000114802	1600.000000	9.34732e-09	
1620.000000	9.667e-05 	1620.000000	0.000114741	1620.000000	0.000122488	1620.000000	0.00011496	1620.000000	0.000122457	1620.000000	0.000114732	1620.000000	9.24069e-09	
1640.000000	9.66308e-05	1640.000000	0.000114678	1640.000000	0.000122375	1640.000000	0.000114851	1640.000000	0.000122346	1640.000000	0.000114669	1640.000000	9.13655e-09	
1660.000000	9.65981e-05	1660.000000	0.000114621	1660.000000	0.000122268	1660.000000	0.000114749	1660.000000	0.00012224	1660.000000	0.000114612	1660.000000	9.03482e-09	
1680.000000	9.65716e-05	1680.000000	0.000114571	1680.000000	0.000122167	1680.000000	0.000114651	1680.000000	0.00012214	1680.000000	0.000114562	1680.000000	8.93541e-09	
1700.000000	9.65512e-05	1700.000000	0.000114528	1700.000000	0.00012207	1700.000000	0.000114558	1700.000000	0.000122046	1700.000000	0.000114519	1700.000000	8.83825e-09	
1750.000000	9.65256e-05	1750.000000	0.000114445	1750.000000	0.000121849	1750.000000	0.000114346	1750.000000	0.000121828	1750.000000	0.000114436	1750.000000	8.60467e-09	
1800.000000	9.65339e-05	1800.000000	0.000114397	1800.000000	0.000121656	1800.000000	0.000114162	1800.000000	0.000121637	1800.000000	0.000114389	1800.000000	8.38355e-09	
1850.000000	9.65738e-05	1850.000000	0.000114382	1850.000000	0.000121487	1850.000000	0.000114002	1850.000000	0.000121472	1850.000000	0.000114374	1850.000000	8.1739e-09	
1900.000000	9.66429e-05	1900.000000	0.000114396	1900.000000	0.000121342	1900.000000	0.000113864	1900.000000	0.000121328	1900.000000	0.000114388	1900.000000	7.97485e-09	
1950.000000	9.67393e-05	1950.000000	0.000114438	1950.000000	0.000121217	1950.000000	0.000113746	1950.000000	0.000121205	1950.000000	0.000114431	1950.000000	7.78559e-09	
2000.000000	9.68611e-05	2000.000000	0.000114506	2000.000000	0.00012111	2000.000000	0.000113647	2000.000000	0.000121101	2000.000000	0.000114498	2000.000000	7.60543e-09	
2100.000000	9.71745e-05	2100.000000	0.00011471	2100.000000	0.000120948	2100.000000	0.000113497	2100.000000	0.00012094	2100.000000	0.000114703	2100.000000	7.26983e-09	
2200.000000	9.75715e-05	2200.000000	0.000114996	2200.000000	0.000120842	2200.000000	0.000113404	2200.000000	0.000120838	2200.000000	0.00011499	2200.000000	6.96356e-09	
2300.000000	9.80426e-05	2300.000000	0.000115354	2300.000000	0.000120784	2300.000000	0.000113358	2300.000000	0.000120782	2300.000000	0.000115347	2300.000000	6.6829e-09	
2400.000000	9.85798e-05	2400.000000	0.000115773	2400.000000	0.000120766	2400.000000	0.000113352	2400.000000	0.000120767	2400.000000	0.000115767	2400.000000	6.42472e-09	
2500.000000	9.9176e-05	2500.000000	0.000116247	2500.000000	0.000120783	2500.000000	0.000113379	2500.000000	0.000120785	2500.000000	0.000116241	2500.000000	6.1864e-09	
2600.000000	9.98257e-05	2600.000000	0.00011677	2600.000000	0.000120828	2600.000000	0.000113435	2600.000000	0.000120834	2600.000000	0.000116764	2600.000000	5.96571e-09	
2700.000000	0.000100524	2700.000000	0.000117335	2700.000000	0.000120898	2700.000000	0.000113516	2700.000000	0.000120906	2700.000000	0.000117329	2700.000000	5.76074e-09	
2800.000000	0.000101266	2800.000000	0.000117938	2800.000000	0.000120989	2800.000000	0.000113617	2800.000000	0.000121001	2800.000000	0.000117933	2800.000000	5.56985e-09	
2900.000000	0.000102048	2900.000000	0.000118576	2900.000000	0.000121098	2900.000000	0.000113736	2900.000000	0.000121111	2900.000000	0.000118571	2900.000000	5.39163e-09	
3000.000000	0.000102868	3000.000000	0.000119244	3000.000000	0.000121224	3000.000000	0.00011387	3000.000000	0.000121239	3000.000000	0.000119239	3000.000000	5.22483e-09	
3200.000000	0.000104607	3200.000000	0.000120662	3200.000000	0.000121513	3200.000000	0.000114175	3200.000000	0.00012153	3200.000000	0.000120657	3200.000000	4.92134e-09	
3400.000000	0.000106464	3400.000000	0.00012217	3400.000000	0.000121842	3400.000000	0.000114518	3400.000000	0.000121861	3400.000000	0.000122165	3400.000000	4.65223e-09	
3600.000000	0.000108425	3600.000000	0.000123753	3600.000000	0.000122202	3600.000000	0.000114888	3600.000000	0.00012222	3600.000000	0.000123749	3600.000000	4.41193e-09	
3800.000000	0.000110477	3800.000000	0.0001254 	3800.000000	0.000122583	3800.000000	0.000115278	3800.000000	0.000122598	3800.000000	0.000125395	3800.000000	4.19599e-09	
4000.000000	0.000112611	4000.000000	0.000127099	4000.000000	0.000122978	4000.000000	0.000115681	4000.000000	0.00012299	4000.000000	0.000127095	4000.000000	4.00086e-09	
4200.000000	0.00011482	4200.000000	0.000128843	4200.000000	0.000123383	4200.000000	0.000116094	4200.000000	0.000123393	4200.000000	0.000128839	4200.000000	3.82362e-09	
4400.000000	0.000117096	4400.000000	0.000130626	4400.000000	0.000123792	4400.000000	0.000116512	4400.000000	0.0001238 	4400.000000	0.000130622	4400.000000	3.66191e-09	
4600.000000	0.000119434	4600.000000	0.000132442	4600.000000	0.000124203	4600.000000	0.000116932	4600.000000	0.000124211	4600.000000	0.000132438	4600.000000	3.51375e-09	
4800.000000	0.00012183	4800.000000	0.000134286	4800.000000	0.000124613	4800.000000	0.000117354	4800.000000	0.000124622	4800.000000	0.000134283	4800.000000	3.37748e-09	
5000.000000	0.00012428	5000.000000	0.000136155	5000.000000	0.000125021	5000.000000	0.000117775	5000.000000	0.000125033	5000.000000	0.000136152	5000.000000	3.25172e-09	
5250.000000	0.000127413	5250.000000	0.000138522	5250.000000	0.000125528	5250.000000	0.000118298	5250.000000	0.000125544	5250.000000	0.000138519	5250.000000	3.1075e-09	
5500.000000	0.00013062	5500.000000	0.000140917	5500.000000	0.000126028	5500.000000	0.000118815	5500.000000	0.000126049	5500.000000	0.000140914	5500.000000	2.97592e-09	
6000.000000	0.00013724	6000.000000	0.000145777	6000.000000	0.000127009	6000.000000	0.000119831	6000.000000	0.00012704	6000.000000	0.000145774	6000.000000	2.74451e-09	
6500.000000	0.000144111	6500.000000	0.000150709	6500.000000	0.00012797	6500.000000	0.000120815	6500.000000	0.000127999	6500.000000	0.000150706	6500.000000	2.54747e-09	
7000.000000	0.000151213	7000.000000	0.000155694	7000.000000	0.000128896	7000.000000	0.000121765	7000.000000	0.000128924	7000.000000	0.000155692	7000.000000	2.37762e-09	
7500.000000	0.000158532	7500.000000	0.000160719	7500.000000	0.00012978	7500.000000	0.00012268	7500.000000	0.000129813	7500.000000	0.000160717	7500.000000	2.22963e-09	
8000.000000	0.000166057	8000.000000	0.000165775	8000.000000	0.000130634	8000.000000	0.00012356	8000.000000	0.000130668	8000.000000	0.000165773	8000.000000	2.0995e-09	
8500.000000	0.000173779	8500.000000	0.000170853	8500.000000	0.000131455	8500.000000	0.000124407	8500.000000	0.000131487	8500.000000	0.000170851	8500.000000	1.98415e-09	
9000.000000	0.000181691	9000.000000	0.000175949	9000.000000	0.000132241	9000.000000	0.000125222	9000.000000	0.000132274	9000.000000	0.000175947	9000.000000	1.88119e-09	
9500.000000	0.000189788	9500.000000	0.000181057	9500.000000	0.000132995	9500.000000	0.000126006	9500.000000	0.000133031	9500.000000	0.000181055	9500.000000	1.78868e-09	
10000.000000	0.000198066	10000.000000	0.000186175	10000.000000	0.00013372	10000.000000	0.000126762	10000.000000	0.000133757	10000.000000	0.000186173	10000.000000	1.70511e-09	
11000.000000	0.000215153	11000.000000	0.000196428	11000.000000	0.000135089	11000.000000	0.000128193	11000.000000	0.000135128	11000.000000	0.000196426	11000.000000	1.56001e-09	
12000.000000	0.000232931	12000.000000	0.000206692	12000.000000	0.000136358	12000.000000	0.000129528	12000.000000	0.000136399	12000.000000	0.000206691	12000.000000	1.4383e-09	
13000.000000	0.000251387	13000.000000	0.000216959	13000.000000	0.000137541	13000.000000	0.000130777	13000.000000	0.000137582	13000.000000	0.000216957	13000.000000	1.3347e-09	
14000.000000	0.000270512	14000.000000	0.00022722	14000.000000	0.000138648	14000.000000	0.000131949	14000.000000	0.000138685	14000.000000	0.000227219	14000.000000	1.24542e-09	
15000.000000	0.0002903 	15000.000000	0.000237471	15000.000000	0.000139685	15000.000000	0.000133053	15000.000000	0.000139717	15000.000000	0.00023747	15000.000000	1.16765e-09	
16000.000000	0.000310747	16000.000000	0.000247711	16000.000000	0.000140655	16000.000000	0.000134096	16000.000000	0.000140685	16000.000000	0.000247709	16000.000000	1.09929e-09	
17000.000000	0.000331852	17000.000000	0.000257935	17000.000000	0.000141564	17000.000000	0.000135084	17000.000000	0.000141597	17000.000000	0.000257934	17000.000000	1.0387e-09	
18000.000000	0.000353612	18000.000000	0.000268145	18000.000000	0.000142419	18000.000000	0.000136023	18000.000000	0.000142456	18000.000000	0.000268144	18000.000000	9.84624e-10	
19000.000000	0.000376027	19000.000000	0.000278337	19000.000000	0.000143227	19000.000000	0.000136916	19000.000000	0.000143267	19000.000000	0.000278336	19000.000000	9.36056e-10	
20000.000000	0.000399099	20000.000000	0.000288513	20000.000000	0.000143994	20000.000000	0.000137768	20000.000000	0.000144035	20000.000000	0.000288512	20000.000000	8.92186e-10	
21000.000000	0.000422827	21000.000000	0.000298672	21000.000000	0.000144723	21000.000000	0.000138582	21000.000000	0.000144764	21000.000000	0.000298671	21000.000000	8.52357e-10	
22000.000000	0.000447214	22000.000000	0.000308814	22000.000000	0.000145412	22000.000000	0.000139362	22000.000000	0.000145456	22000.000000	0.000308813	22000.000000	8.16031e-10	
23000.000000	0.000472261	23000.000000	0.000318938	23000.000000	0.000146072	23000.000000	0.00014011	23000.000000	0.000146115	23000.000000	0.000318938	23000.000000	7.82762e-10	
24000.000000	0.000497969	24000.000000	0.000329046	24000.000000	0.000146703	24000.000000	0.000140829	24000.000000	0.000146742	24000.000000	0.000329046	24000.000000	7.52174e-10	
25000.000000	0.000524342	25000.000000	0.000339138	25000.000000	0.000147301	25000.000000	0.00014152	25000.000000	0.000147341	25000.000000	0.000339137	25000.000000	7.23954e-10	
26000.000000	0.000551382	26000.000000	0.000349212	26000.000000	0.000147872	26000.000000	0.000142187	26000.000000	0.000147913	26000.000000	0.000349212	26000.000000	6.97835e-10	
27000.000000	0.000579091	27000.000000	0.000359271	27000.000000	0.000148418	27000.000000	0.000142829	27000.000000	0.000148461	27000.000000	0.000359271	27000.000000	6.73587e-10	
28000.000000	0.000607472	28000.000000	0.000369314	28000.000000	0.000148941	28000.000000	0.00014345	28000.000000	0.000148984	28000.000000	0.000369314	28000.000000	6.51016e-10	
29000.000000	0.000636527	29000.000000	0.000379342	29000.000000	0.000149443	29000.000000	0.000144051	29000.000000	0.000149486	29000.000000	0.000379342	29000.000000	6.29951e-10	
30000.000000	0.000666261	30000.000000	0.000389355	30000.000000	0.000149925	30000.000000	0.000144632	30000.000000	0.000149968	30000.000000	0.000389354	30000.000000	6.10244e-10	
32000.000000	0.000727775	32000.000000	0.000409336	32000.000000	0.000150834	32000.000000	0.000145741	32000.000000	0.000150876	32000.000000	0.000409335	32000.000000	5.7441e-10	
34000.000000	0.000792038	34000.000000	0.000429261	34000.000000	0.000151677	34000.000000	0.000146787	34000.000000	0.000151716	34000.000000	0.00042926	34000.000000	5.4266e-10	
36000.000000	0.000859078	36000.000000	0.000449132	36000.000000	0.000152455	36000.000000	0.000147775	36000.000000	0.000152496	36000.000000	0.000449131	36000.000000	5.14328e-10	
38000.000000	0.000928923	38000.000000	0.000468951	38000.000000	0.000153177	38000.000000	0.000148712	38000.000000	0.000153222	38000.000000	0.000468951	38000.000000	4.88885e-10	
40000.000000	0.0010016 	40000.000000	0.000488722	40000.000000	0.000153851	40000.000000	0.000149603	40000.000000	0.0001539 	40000.000000	0.000488721	40000.000000	4.65907e-10	
42000.000000	0.00107714	42000.000000	0.000508445	42000.000000	0.000154484	42000.000000	0.000150453	42000.000000	0.000154535	42000.000000	0.000508444	42000.000000	4.45049e-10	
44000.000000	0.00115557	44000.000000	0.000528123	44000.000000	0.000155083	44000.000000	0.000151264	44000.000000	0.000155131	44000.000000	0.000528123	44000.000000	4.26029e-10	
46000.000000	0.00123693	46000.000000	0.000547758	46000.000000	0.000155652	46000.000000	0.00015204	46000.000000	0.00015569	46000.000000	0.000547757	46000.000000	4.08611e-10	
48000.000000	0.00132123	48000.000000	0.000567351	48000.000000	0.000156193	48000.000000	0.000152784	48000.000000	0.000156218	48000.000000	0.000567351	48000.000000	3.92599e-10	
50000.000000	0.00140852	50000.000000	0.000586904	50000.000000	0.000156703	50000.000000	0.000153498	50000.000000	0.000156716	50000.000000	0.000586904	50000.000000	3.77829e-10	
