! 138Ce energy loss (dE/dX) in He
! apply ZOOM for details
Energy (MeV/u)1	0 - [He-base] F.Hubert et al, AD&ND Tables 46(1990)1	Energy (MeV/u)2	1 - [H -base] J.F.Ziegler et al,Pergamon Press,NY(low energy)	Energy (MeV/u)3	2 - ATIMA 1.2 LS-theory (recommended for high energy)	Energy (MeV/u)4	3 - ATIMA 1.2 without LS-correction	Energy (MeV/u)5	4 - ATIMA 1.4 H.Weick, improved mean charge formula for HI	Energy (MeV/u)6	5 - electrical component of [1] - J.F.Ziegler et al	Energy (MeV/u)7	6 - nuclear component of [1] - J.F.Ziegler et al	
0.001000	0.000259807	0.001000	0.000319321	0.001000	0.000268043	0.001000	0.000268043	0.001000	0.000268053	0.001000	7.49545e-05	0.001000	0.000244367	
0.002000	0.000271488	0.002000	0.000334612	0.002000	0.00027089	0.002000	0.00027089	0.002000	0.000270898	0.002000	9.72039e-05	0.002000	0.000237409	
0.005000	0.000271415	0.005000	0.000335574	0.005000	0.000251448	0.005000	0.000251448	0.005000	0.000251455	0.005000	0.00013706	0.005000	0.000198514	
0.008000	0.000269224	0.008000	0.000333147	0.008000	0.000236626	0.008000	0.000236626	0.008000	0.000236631	0.008000	0.000163477	0.008000	0.000169671	
0.010000	0.000268996	0.010000	0.000332917	0.010000	0.00023003	0.010000	0.00023003	0.010000	0.000230034	0.010000	0.000177745	0.010000	0.000155172	
0.015000	0.000271451	0.015000	0.000335919	0.015000	0.000220665	0.015000	0.000220665	0.015000	0.000220669	0.015000	0.000206934	0.015000	0.000128985	
0.020000	0.000276316	0.020000	0.000341824	0.020000	0.00021718	0.020000	0.00021718	0.020000	0.000217183	0.020000	0.000230507	0.020000	0.000111318	
0.025000	0.000282299	0.025000	0.000349097	0.025000	0.00021683	0.025000	0.00021683	0.025000	0.000216832	0.025000	0.000250625	0.025000	9.84721e-05	
0.030000	0.000288791	0.030000	0.000357003	0.030000	0.000218296	0.030000	0.000218296	0.030000	0.000218298	0.030000	0.00026836	0.030000	8.86425e-05	
0.035000	0.000295488	0.035000	0.000365168	0.035000	0.000220879	0.035000	0.000220879	0.035000	0.000220881	0.035000	0.00028433	0.035000	8.08378e-05	
0.040000	0.000302229	0.040000	0.000373396	0.040000	0.000224176	0.040000	0.000224176	0.040000	0.000224178	0.040000	0.00029893	0.040000	7.4466e-05	
0.045000	0.000308927	0.045000	0.000381579	0.045000	0.000227941	0.045000	0.000227941	0.045000	0.000227943	0.045000	0.00031243	0.045000	6.91495e-05	
0.050000	0.000315534	0.050000	0.000389656	0.050000	0.000232016	0.050000	0.000232016	0.050000	0.000232018	0.050000	0.000325021	0.050000	6.46353e-05	
0.055000	0.000322024	0.055000	0.000397595	0.055000	0.000236297	0.055000	0.000236297	0.055000	0.000236299	0.055000	0.000336848	0.055000	6.07469e-05	
0.060000	0.000328383	0.060000	0.000405377	0.060000	0.000240713	0.060000	0.000240713	0.060000	0.000240715	0.060000	0.00034802	0.060000	5.73571e-05	
0.070000	0.000340691	0.070000	0.00042045	0.070000	0.000249767	0.070000	0.000249767	0.070000	0.000249768	0.070000	0.000368731	0.070000	5.17196e-05	
0.080000	0.000352458	0.080000	0.00043487	0.080000	0.000258927	0.080000	0.000258927	0.080000	0.000258928	0.080000	0.000387665	0.080000	4.72055e-05	
0.090000	0.000381047	0.090000	0.000448669	0.090000	0.000268062	0.090000	0.000268062	0.090000	0.000268063	0.090000	0.000405171	0.090000	4.3498e-05	
0.100000	0.000414388	0.100000	0.000481331	0.100000	0.000293351	0.100000	0.000293351	0.100000	0.000293352	0.100000	0.00044094	0.100000	4.0391e-05	
0.120000	0.000465767	0.120000	0.000576652	0.120000	0.00037328	0.120000	0.00037328	0.120000	0.000373281	0.120000	0.000541515	0.120000	3.51374e-05	
0.140000	0.0005107 	0.140000	0.000665998	0.140000	0.000453246	0.140000	0.000453246	0.140000	0.000453247	0.140000	0.000634577	0.140000	3.14213e-05	
0.160000	0.00055211	0.160000	0.00074801	0.160000	0.000530126	0.160000	0.000530126	0.160000	0.000530127	0.160000	0.000719529	0.160000	2.84817e-05	
0.180000	0.000591793	0.180000	0.000822701	0.180000	0.000602377	0.180000	0.000602377	0.180000	0.000602378	0.180000	0.000796609	0.180000	2.60918e-05	
0.200000	0.000630707	0.200000	0.000890541	0.200000	0.000669275	0.200000	0.000669275	0.200000	0.000669276	0.200000	0.000866435	0.200000	2.41063e-05	
0.250000	0.000704169	0.250000	0.00103442	0.250000	0.000812681	0.250000	0.000812681	0.250000	0.000812682	0.250000	0.00101407	0.250000	2.03417e-05	
0.300000	0.000778361	0.300000	0.00115706	0.300000	0.000926058	0.300000	0.000926058	0.300000	0.000926059	0.300000	0.00113939	0.300000	1.76709e-05	
0.350000	0.000847231	0.350000	0.00126204	0.350000	0.00101639	0.350000	0.00101639	0.350000	0.00101639	0.350000	0.00124638	0.350000	1.5668e-05	
0.400000	0.000909293	0.400000	0.00134861	0.400000	0.00108994	0.400000	0.00108994	0.400000	0.00108994	0.400000	0.0013345 	0.400000	1.41047e-05	
0.450000	0.000964986	0.450000	0.00142092	0.450000	0.00115136	0.450000	0.00115136	0.450000	0.00115137	0.450000	0.00140807	0.450000	1.28474e-05	
0.500000	0.00101486	0.500000	0.00148201	0.500000	0.00120392	0.500000	0.00120392	0.500000	0.00120392	0.500000	0.00147019	0.500000	1.18121e-05	
0.600000	0.00106798	0.600000	0.00158162	0.600000	0.00129053	0.600000	0.00129053	0.600000	0.00129053	0.600000	0.00157142	0.600000	1.02032e-05	
0.700000	0.00111948	0.700000	0.00169704	0.700000	0.00136024	0.700000	0.00136024	0.700000	0.00136024	0.700000	0.00168803	0.700000	9.00629e-06	
0.800000	0.00119423	0.800000	0.0017856 	0.800000	0.00141817	0.800000	0.00141817	0.800000	0.00141817	0.800000	0.00177753	0.800000	8.07812e-06	
0.900000	0.00125562	0.900000	0.00185424	0.900000	0.00148372	0.900000	0.00148372	0.900000	0.00148372	0.900000	0.0018469 	0.900000	7.33549e-06	
1.000000	0.00130628	1.000000	0.00190775	1.000000	0.00153958	1.000000	0.00153958	1.000000	0.00153958	1.000000	0.00190103	1.000000	6.72667e-06	
1.250000	0.00138041	1.250000	0.00197476	1.250000	0.00164414	1.250000	0.00164414	1.250000	0.00164414	1.250000	0.00196916	1.250000	5.59268e-06	
1.500000	0.00141338	1.500000	0.00198752	1.500000	0.00171324	1.500000	0.00171324	1.500000	0.00171324	1.500000	0.00198272	1.500000	4.80447e-06	
1.750000	0.00143115	1.750000	0.00198666	1.750000	0.00175851	1.750000	0.00175851	1.750000	0.00175851	1.750000	0.00198244	1.750000	4.2224e-06	
2.000000	0.00143883	2.000000	0.00197746	2.000000	0.0017872 	2.000000	0.0017872 	2.000000	0.0017872 	2.000000	0.00197368	2.000000	3.77365e-06	
2.250000	0.0014399 	2.250000	0.00195999	2.250000	0.00180408	2.250000	0.00180408	2.250000	0.00180408	2.250000	0.00195657	2.250000	3.41633e-06	
2.500000	0.00221882	2.500000	0.00193994	2.500000	0.00181237	2.500000	0.00181237	2.500000	0.00181237	2.500000	0.00193682	2.500000	3.12459e-06	
3.000000	0.00216824	3.000000	0.00189593	3.000000	0.00181161	3.000000	0.00181161	3.000000	0.00181161	3.000000	0.00189326	3.000000	2.67578e-06	
3.500000	0.00210616	3.500000	0.00184785	3.500000	0.00179641	3.500000	0.00179641	3.500000	0.00179641	3.500000	0.0018455 	3.500000	2.34567e-06	
4.000000	0.00204052	4.000000	0.00179231	4.000000	0.00177301	4.000000	0.00177301	4.000000	0.00177301	4.000000	0.00179022	4.000000	2.09198e-06	
4.500000	0.00197508	4.500000	0.00174248	4.500000	0.00174497	4.500000	0.00174497	4.500000	0.00174497	4.500000	0.00174059	4.500000	1.89052e-06	
5.000000	0.00191166	5.000000	0.00169686	5.000000	0.00171443	5.000000	0.00171443	5.000000	0.00171443	5.000000	0.00169513	5.000000	1.72642e-06	
5.500000	0.00185108	5.500000	0.00165452	5.500000	0.00168269	5.500000	0.00168269	5.500000	0.00168269	5.500000	0.00165293	5.500000	1.58999e-06	
6.000000	0.00179364	6.000000	0.00161567	6.000000	0.00164837	6.000000	0.00164837	6.000000	0.00164837	6.000000	0.0016142 	6.000000	1.47466e-06	
6.500000	0.00173941	6.500000	0.00157932	6.500000	0.00161277	6.500000	0.00161277	6.500000	0.00161277	6.500000	0.00157794	6.500000	1.3758e-06	
7.000000	0.0016883 	7.000000	0.00154435	7.000000	0.00157859	7.000000	0.00157859	7.000000	0.00157859	7.000000	0.00154306	7.000000	1.29006e-06	
7.500000	0.00164016	7.500000	0.00151076	7.500000	0.00154578	7.500000	0.00154578	7.500000	0.00154579	7.500000	0.00150955	7.500000	1.21495e-06	
8.000000	0.00159482	8.000000	0.00147842	8.000000	0.0015143 	8.000000	0.0015143 	8.000000	0.0015143 	8.000000	0.00147727	8.000000	1.14857e-06	
8.500000	0.00155207	8.500000	0.00144741	8.500000	0.00148408	8.500000	0.00148408	8.500000	0.00148409	8.500000	0.00144632	8.500000	1.08945e-06	
9.000000	0.00151174	9.000000	0.00141766	9.000000	0.00145507	9.000000	0.00145507	9.000000	0.00145507	9.000000	0.00141663	9.000000	1.03644e-06	
9.500000	0.00147364	9.500000	0.00138912	9.500000	0.0014272 	9.500000	0.0014272 	9.500000	0.0014272 	9.500000	0.00138813	9.500000	9.88631e-07	
10.000000	0.0014376 	10.000000	0.00130509	10.000000	0.00140041	10.000000	0.00140041	10.000000	0.00140041	10.000000	0.00130414	10.000000	9.45272e-07	
11.000000	0.00137113	11.000000	0.00127275	11.000000	0.00133594	11.000000	0.00135238	11.000000	0.00136644	11.000000	0.00127188	11.000000	8.69596e-07	
12.000000	0.00131121	12.000000	0.00124098	12.000000	0.00127761	12.000000	0.00130807	12.000000	0.00133276	12.000000	0.00124018	12.000000	8.05714e-07	
13.000000	0.00125694	13.000000	0.00121011	13.000000	0.00122465	13.000000	0.00126712	13.000000	0.00129983	13.000000	0.00120936	13.000000	7.51026e-07	
14.000000	0.00120755	14.000000	0.0011803 	14.000000	0.0011764 	14.000000	0.0012292 	14.000000	0.00126791	14.000000	0.00117959	14.000000	7.03648e-07	
15.000000	0.0011624 	15.000000	0.00115163	15.000000	0.0011323 	15.000000	0.00119403	15.000000	0.00123715	15.000000	0.00115096	15.000000	6.62183e-07	
16.000000	0.00112096	16.000000	0.00112413	16.000000	0.00109186	16.000000	0.00116135	16.000000	0.00120763	16.000000	0.00112351	16.000000	6.25572e-07	
17.000000	0.00108279	17.000000	0.00109781	17.000000	0.00105468	17.000000	0.00113093	17.000000	0.00117938	17.000000	0.00109722	17.000000	5.92996e-07	
18.000000	0.00104749	18.000000	0.00107264	18.000000	0.00102042	18.000000	0.00110255	18.000000	0.00115234	18.000000	0.00107208	18.000000	5.63811e-07	
19.000000	0.00101476	19.000000	0.00104859	19.000000	0.000988813	19.000000	0.00107605	19.000000	0.00112656	19.000000	0.00104805	19.000000	5.37506e-07	
20.000000	0.000984303	20.000000	0.00102559	20.000000	0.000959577	20.000000	0.00105125	20.000000	0.00110202	20.000000	0.00102508	20.000000	5.13667e-07	
21.000000	0.000955896	21.000000	0.00100361	21.000000	0.00093249	21.000000	0.00102801	21.000000	0.00107855	21.000000	0.00100311	21.000000	4.91957e-07	
22.000000	0.000929328	22.000000	0.00098258	22.000000	0.000907362	22.000000	0.00100621	22.000000	0.00105626	22.000000	0.000982108	22.000000	4.72099e-07	
23.000000	0.000904422	23.000000	0.000962462	23.000000	0.000884002	23.000000	0.000985739	23.000000	0.00103499	23.000000	0.000962008	23.000000	4.53861e-07	
24.000000	0.000881022	24.000000	0.000943201	24.000000	0.00086223	24.000000	0.000966482	24.000000	0.00101477	24.000000	0.000942764	24.000000	4.3705e-07	
25.000000	0.00085899	25.000000	0.000924749	25.000000	0.000841918	25.000000	0.000948354	25.000000	0.000995496	25.000000	0.000924327	25.000000	4.21501e-07	
27.000000	0.000818563	27.000000	0.00089009	27.000000	0.000805326	27.000000	0.000915155	27.000000	0.000959679	27.000000	0.000889696	27.000000	3.93653e-07	
29.000000	0.000782334	29.000000	0.000858149	29.000000	0.000773384	29.000000	0.000885571	29.000000	0.000927199	29.000000	0.000857779	29.000000	3.69422e-07	
31.000000	0.000749663	31.000000	0.00082863	31.000000	0.000747658	31.000000	0.000855978	31.000000	0.000891635	31.000000	0.000828282	31.000000	3.48135e-07	
33.000000	0.000720033	33.000000	0.000801275	33.000000	0.000726251	33.000000	0.00082587	33.000000	0.000853857	33.000000	0.000800946	33.000000	3.29279e-07	
35.000000	0.000693027	35.000000	0.000775858	35.000000	0.000706154	35.000000	0.00079805	35.000000	0.000819718	35.000000	0.000775546	35.000000	3.12453e-07	
38.000000	0.000656699	38.000000	0.000740943	38.000000	0.000678177	38.000000	0.000760058	38.000000	0.000774171	38.000000	0.000740652	38.000000	2.90348e-07	
41.000000	0.000624585	41.000000	0.000709387	41.000000	0.000652719	41.000000	0.000725929	41.000000	0.000734177	41.000000	0.000709116	41.000000	2.71297e-07	
44.000000	0.000595971	44.000000	0.000680729	44.000000	0.000629348	44.000000	0.000695091	44.000000	0.000698717	44.000000	0.000680475	44.000000	2.547e-07 	
47.000000	0.000570299	47.000000	0.000654586	47.000000	0.000607813	47.000000	0.000667083	47.000000	0.000667023	47.000000	0.000654346	47.000000	2.40104e-07	
50.000000	0.000547123	50.000000	0.00063064	50.000000	0.00058796	50.000000	0.000641527	50.000000	0.000638512	50.000000	0.000630413	50.000000	2.27163e-07	
55.000000	0.000513103	55.000000	0.000594904	55.000000	0.000557957	55.000000	0.000603559	55.000000	0.000596728	55.000000	0.000594696	55.000000	2.08563e-07	
60.000000	0.000483775	60.000000	0.00056355	60.000000	0.000531427	60.000000	0.000570408	60.000000	0.000560809	60.000000	0.000563357	60.000000	1.929e-07 	
65.000000	0.000458204	65.000000	0.000535814	65.000000	0.000507736	65.000000	0.000541207	65.000000	0.000529548	65.000000	0.000535634	65.000000	1.79519e-07	
70.000000	0.000435693	70.000000	0.0005111 	70.000000	0.000486448	70.000000	0.000515287	70.000000	0.000502128	70.000000	0.000510932	70.000000	1.6795e-07	
75.000000	0.00041571	75.000000	0.000488938	75.000000	0.000467212	75.000000	0.000492121	75.000000	0.00047954	75.000000	0.000488781	75.000000	1.57842e-07	
80.000000	0.00039784	80.000000	0.000468951	80.000000	0.000449738	80.000000	0.000471294	80.000000	0.000459407	80.000000	0.000468802	80.000000	1.48932e-07	
85.000000	0.000381755	85.000000	0.000450831	85.000000	0.000433854	85.000000	0.000452467	85.000000	0.000441324	85.000000	0.00045069	85.000000	1.41016e-07	
90.000000	0.000367194	90.000000	0.000434329	90.000000	0.000419299	90.000000	0.000435366	90.000000	0.00042498	90.000000	0.000434195	90.000000	1.33934e-07	
95.000000	0.000353943	95.000000	0.000419236	95.000000	0.000405913	95.000000	0.000419765	95.000000	0.00041018	95.000000	0.000419109	95.000000	1.27558e-07	
100.000000	0.000341829	100.000000	0.000405379	100.000000	0.00039356	100.000000	0.000405474	100.000000	0.000396684	100.000000	0.000405257	100.000000	1.21788e-07	
105.000000	0.000330707	105.000000	0.000392612	105.000000	0.00038212	105.000000	0.000392337	105.000000	0.000384297	105.000000	0.000392495	105.000000	1.16538e-07	
110.000000	0.000320458	110.000000	0.000380811	110.000000	0.000371535	110.000000	0.00038022	110.000000	0.000372945	110.000000	0.000380699	110.000000	1.11742e-07	
115.000000	0.000310978	115.000000	0.000369871	115.000000	0.000361682	115.000000	0.000369008	115.000000	0.000362442	115.000000	0.000369763	115.000000	1.07341e-07	
120.000000	0.000302182	120.000000	0.0003597 	120.000000	0.000352501	120.000000	0.000358605	120.000000	0.000352759	120.000000	0.000359597	120.000000	1.03288e-07	
125.000000	0.000293998	125.000000	0.000350221	125.000000	0.000343934	125.000000	0.000348927	125.000000	0.000343748	125.000000	0.000350121	125.000000	9.95435e-08	
130.000000	0.00028636	130.000000	0.000341365	130.000000	0.000335895	130.000000	0.000339901	130.000000	0.000335388	130.000000	0.000341269	130.000000	9.60721e-08	
135.000000	0.000279215	135.000000	0.000333074	135.000000	0.000328339	135.000000	0.000331464	135.000000	0.000327562	135.000000	0.000332981	135.000000	9.28449e-08	
140.000000	0.000272515	140.000000	0.000325294	140.000000	0.000321246	140.000000	0.000323561	140.000000	0.000320269	140.000000	0.000325204	140.000000	8.98365e-08	
145.000000	0.000266219	145.000000	0.000317981	145.000000	0.000314568	145.000000	0.000316142	145.000000	0.000313389	145.000000	0.000317894	145.000000	8.70252e-08	
150.000000	0.00026029	150.000000	0.000311093	150.000000	0.000308255	150.000000	0.000309166	150.000000	0.000306943	150.000000	0.000311009	150.000000	8.4392e-08	
155.000000	0.000251722	155.000000	0.000304596	155.000000	0.0003023 	155.000000	0.000302594	155.000000	0.00030086	155.000000	0.000304514	155.000000	8.19201e-08	
160.000000	0.000246814	160.000000	0.000298456	160.000000	0.000296664	160.000000	0.000296392	160.000000	0.000295126	160.000000	0.000298376	160.000000	7.9595e-08	
165.000000	0.000242172	165.000000	0.000292645	165.000000	0.000291312	165.000000	0.000290531	165.000000	0.000289723	165.000000	0.000292568	165.000000	7.74038e-08	
170.000000	0.000237773	170.000000	0.000287138	170.000000	0.00028624	170.000000	0.000284983	170.000000	0.000284583	170.000000	0.000287063	170.000000	7.53351e-08	
175.000000	0.0002336 	175.000000	0.000281912	175.000000	0.000281424	175.000000	0.000279724	175.000000	0.000279727	175.000000	0.000281839	175.000000	7.33788e-08	
180.000000	0.000229634	180.000000	0.000276946	180.000000	0.000276832	180.000000	0.000274733	180.000000	0.00027512	180.000000	0.000276874	180.000000	7.15258e-08	
185.000000	0.000225861	185.000000	0.000272221	185.000000	0.000272458	185.000000	0.000269989	185.000000	0.000270725	185.000000	0.000272151	185.000000	6.9768e-08	
190.000000	0.000222267	190.000000	0.00026772	190.000000	0.000268295	190.000000	0.000265476	190.000000	0.000266556	190.000000	0.000267652	190.000000	6.80982e-08	
195.000000	0.000218839	195.000000	0.000263428	195.000000	0.000264316	195.000000	0.000261177	195.000000	0.000262583	195.000000	0.000263361	195.000000	6.65098e-08	
200.000000	0.000215565	200.000000	0.00025933	200.000000	0.000260507	200.000000	0.000257078	200.000000	0.000258778	200.000000	0.000259265	200.000000	6.49969e-08	
210.000000	0.000209441	210.000000	0.000251669	210.000000	0.000253389	210.000000	0.000249425	210.000000	0.000251699	210.000000	0.000251607	210.000000	6.21769e-08	
220.000000	0.000203823	220.000000	0.000244648	220.000000	0.000246841	220.000000	0.000242424	220.000000	0.000245189	220.000000	0.000244588	220.000000	5.9601e-08	
230.000000	0.000198651	230.000000	0.000238189	230.000000	0.000240817	230.000000	0.000235997	230.000000	0.000239221	230.000000	0.000238132	230.000000	5.72385e-08	
240.000000	0.000193872	240.000000	0.00023223	240.000000	0.000235241	240.000000	0.000230077	240.000000	0.000233704	240.000000	0.000232175	240.000000	5.50635e-08	
250.000000	0.000189444	250.000000	0.000226715	250.000000	0.000230073	250.000000	0.000224608	250.000000	0.000228606	250.000000	0.000226662	250.000000	5.30542e-08	
260.000000	0.000185329	260.000000	0.000221597	260.000000	0.000225284	260.000000	0.000219541	260.000000	0.000223868	260.000000	0.000221546	260.000000	5.11923e-08	
270.000000	0.000181495	270.000000	0.000216836	270.000000	0.000220823	270.000000	0.000214835	270.000000	0.000219468	270.000000	0.000216786	270.000000	4.94618e-08	
280.000000	0.000177914	280.000000	0.000212396	280.000000	0.000216649	280.000000	0.000210453	280.000000	0.000215352	280.000000	0.000212348	280.000000	4.7849e-08	
290.000000	0.000174563	290.000000	0.000208247	290.000000	0.00021275	290.000000	0.000206364	290.000000	0.000211522	290.000000	0.0002082 	290.000000	4.63423e-08	
300.000000	0.000171419	300.000000	0.000204361	300.000000	0.000209103	300.000000	0.000202541	300.000000	0.000207912	300.000000	0.000204316	300.000000	4.49314e-08	
310.000000	0.000168464	310.000000	0.000200715	310.000000	0.000205677	310.000000	0.000198958	310.000000	0.000204539	310.000000	0.000200671	310.000000	4.36072e-08	
320.000000	0.000165682	320.000000	0.000197288	320.000000	0.000202446	320.000000	0.000195595	320.000000	0.000201364	320.000000	0.000197246	320.000000	4.23619e-08	
330.000000	0.000163059	330.000000	0.000194062	330.000000	0.000199405	330.000000	0.000192433	330.000000	0.000198373	330.000000	0.000194021	330.000000	4.11886e-08	
340.000000	0.000160581	340.000000	0.000191019	340.000000	0.00019654	340.000000	0.000189455	340.000000	0.000195561	340.000000	0.000190979	340.000000	4.00812e-08	
350.000000	0.000158236	350.000000	0.000188145	350.000000	0.000193836	350.000000	0.000186646	350.000000	0.000192891	350.000000	0.000188106	350.000000	3.9034e-08	
360.000000	0.000156015	360.000000	0.000185428	360.000000	0.000191273	360.000000	0.000183992	360.000000	0.00019037	360.000000	0.000185389	360.000000	3.80424e-08	
370.000000	0.000153908	370.000000	0.000182854	370.000000	0.000188841	370.000000	0.000181482	370.000000	0.00018799	370.000000	0.000182817	370.000000	3.71019e-08	
380.000000	0.000151907	380.000000	0.000180413	380.000000	0.000186534	380.000000	0.000179105	380.000000	0.000185718	380.000000	0.000180377	380.000000	3.62086e-08	
390.000000	0.000150004	390.000000	0.000178096	390.000000	0.000184348	390.000000	0.00017685	390.000000	0.000183566	390.000000	0.000178061	390.000000	3.5359e-08	
400.000000	0.000148192	400.000000	0.000175894	400.000000	0.000182271	400.000000	0.00017471	400.000000	0.000181528	400.000000	0.000175859	400.000000	3.455e-08 	
410.000000	0.000146465	410.000000	0.000173798	410.000000	0.000180294	410.000000	0.000172675	410.000000	0.000179575	410.000000	0.000173764	410.000000	3.37786e-08	
420.000000	0.000144818	420.000000	0.000171802	420.000000	0.000178406	420.000000	0.00017074	420.000000	0.000177719	420.000000	0.000171769	420.000000	3.30423e-08	
430.000000	0.000143246	430.000000	0.0001699 	430.000000	0.000176603	430.000000	0.000168896	430.000000	0.000175954	430.000000	0.000169867	430.000000	3.23387e-08	
440.000000	0.000141743	440.000000	0.000168084	440.000000	0.000174885	440.000000	0.000167139	440.000000	0.000174265	440.000000	0.000168052	440.000000	3.16655e-08	
450.000000	0.000140305	450.000000	0.00016635	450.000000	0.000173245	450.000000	0.000165462	450.000000	0.000172648	450.000000	0.000166319	450.000000	3.1021e-08	
460.000000	0.000138928	460.000000	0.000164692	460.000000	0.000171679	460.000000	0.00016386	460.000000	0.000171106	460.000000	0.000164662	460.000000	3.04032e-08	
470.000000	0.000137609	470.000000	0.000163106	470.000000	0.00017018	470.000000	0.000162329	470.000000	0.000169635	470.000000	0.000163076	470.000000	2.98105e-08	
480.000000	0.000136345	480.000000	0.000161588	480.000000	0.000168745	480.000000	0.000160865	480.000000	0.000168218	480.000000	0.000161558	480.000000	2.92414e-08	
490.000000	0.000135131	490.000000	0.000160133	490.000000	0.000167368	490.000000	0.000159463	490.000000	0.000166861	490.000000	0.000160104	490.000000	2.86944e-08	
500.000000	0.000133966	500.000000	0.000158738	500.000000	0.000166048	500.000000	0.00015812	500.000000	0.000165563	500.000000	0.00015871	500.000000	2.81684e-08	
520.000000	0.000131771	520.000000	0.000156115	520.000000	0.000163569	520.000000	0.000155598	520.000000	0.000163119	520.000000	0.000156088	520.000000	2.71743e-08	
540.000000	0.00012974	540.000000	0.000153694	540.000000	0.000161278	540.000000	0.000153273	540.000000	0.000160863	540.000000	0.000153668	540.000000	2.62506e-08	
560.000000	0.000127856	560.000000	0.000151455	560.000000	0.000159159	560.000000	0.000151126	560.000000	0.000158779	560.000000	0.00015143	560.000000	2.53899e-08	
580.000000	0.000126106	580.000000	0.000149379	580.000000	0.000157197	580.000000	0.000149139	580.000000	0.00015684	580.000000	0.000149355	580.000000	2.4586e-08	
600.000000	0.000124477	600.000000	0.000147452	600.000000	0.000155368	600.000000	0.000147295	600.000000	0.000155047	600.000000	0.000147428	600.000000	2.38334e-08	
620.000000	0.000122957	620.000000	0.000145658	620.000000	0.000153664	620.000000	0.000145581	620.000000	0.000153368	620.000000	0.000145635	620.000000	2.31272e-08	
640.000000	0.000121538	640.000000	0.000143986	640.000000	0.000152085	640.000000	0.000143985	640.000000	0.000151807	640.000000	0.000143964	640.000000	2.24632e-08	
660.000000	0.000120211	660.000000	0.000142426	660.000000	0.000150611	660.000000	0.000142497	660.000000	0.00015035	660.000000	0.000142404	660.000000	2.18377e-08	
680.000000	0.000118968	680.000000	0.000140967	680.000000	0.000149227	680.000000	0.000141106	680.000000	0.000148982	680.000000	0.000140946	680.000000	2.12474e-08	
700.000000	0.000117802	700.000000	0.000139602	700.000000	0.000147931	700.000000	0.000139805	700.000000	0.000147706	700.000000	0.000139581	700.000000	2.06893e-08	
720.000000	0.000116708	720.000000	0.000138323	720.000000	0.000146717	720.000000	0.000138586	720.000000	0.000146505	720.000000	0.000138302	720.000000	2.0161e-08	
740.000000	0.00011568	740.000000	0.000137122	740.000000	0.000145576	740.000000	0.000137443	740.000000	0.000145376	740.000000	0.000137103	740.000000	1.96599e-08	
760.000000	0.000114713	760.000000	0.000135995	760.000000	0.000144499	760.000000	0.000136369	760.000000	0.000144319	760.000000	0.000135976	760.000000	1.91841e-08	
780.000000	0.000113803	780.000000	0.000134935	780.000000	0.000143485	780.000000	0.000135359	780.000000	0.000143319	780.000000	0.000134916	780.000000	1.87316e-08	
800.000000	0.000112945	800.000000	0.000133938	800.000000	0.000142535	800.000000	0.000134409	800.000000	0.000142378	800.000000	0.00013392	800.000000	1.83008e-08	
820.000000	0.000112137	820.000000	0.000132999	820.000000	0.000141642	820.000000	0.000133514	820.000000	0.000141493	820.000000	0.000132981	820.000000	1.78901e-08	
840.000000	0.000111375	840.000000	0.000132114	840.000000	0.000140798	840.000000	0.000132669	840.000000	0.000140656	840.000000	0.000132097	840.000000	1.74981e-08	
860.000000	0.000110655	860.000000	0.00013128	860.000000	0.000139998	860.000000	0.000131872	860.000000	0.000139863	860.000000	0.000131263	860.000000	1.71235e-08	
880.000000	0.000109976	880.000000	0.000130493	880.000000	0.000139241	880.000000	0.000131119	880.000000	0.000139115	880.000000	0.000130476	880.000000	1.67653e-08	
900.000000	0.000109334	900.000000	0.00012975	900.000000	0.000138524	900.000000	0.000130408	900.000000	0.000138411	900.000000	0.000129734	900.000000	1.64223e-08	
920.000000	0.000108728	920.000000	0.000129049	920.000000	0.000137846	920.000000	0.000129734	920.000000	0.000137737	920.000000	0.000129033	920.000000	1.60936e-08	
940.000000	0.000108155	940.000000	0.000128386	940.000000	0.000137205	940.000000	0.000129097	940.000000	0.000137101	940.000000	0.00012837	940.000000	1.57782e-08	
960.000000	0.000107614	960.000000	0.000127759	960.000000	0.000136597	960.000000	0.000128493	960.000000	0.0001365 	960.000000	0.000127744	960.000000	1.54755e-08	
980.000000	0.000107102	980.000000	0.000127167	980.000000	0.00013602	980.000000	0.00012792	980.000000	0.000135931	980.000000	0.000127152	980.000000	1.51846e-08	
1000.000000	0.000106617	1000.000000	0.000126607	1000.000000	0.000135473	1000.000000	0.000127377	1000.000000	0.000135386	1000.000000	0.000126592	1000.000000	1.49048e-08	
1020.000000	0.00010616	1020.000000	0.000126077	1020.000000	0.000134954	1020.000000	0.000126862	1020.000000	0.000134869	1020.000000	0.000126062	1020.000000	1.46355e-08	
1040.000000	0.000105727	1040.000000	0.000125576	1040.000000	0.000134461	1040.000000	0.000126373	1040.000000	0.000134378	1040.000000	0.000125561	1040.000000	1.43762e-08	
1060.000000	0.000105317	1060.000000	0.000125102	1060.000000	0.000133993	1060.000000	0.000125908	1060.000000	0.000133914	1060.000000	0.000125087	1060.000000	1.41262e-08	
1080.000000	0.000104931	1080.000000	0.000124653	1080.000000	0.000133548	1080.000000	0.000125467	1080.000000	0.000133467	1080.000000	0.000124639	1080.000000	1.38851e-08	
1100.000000	0.000104565	1100.000000	0.000124229	1100.000000	0.000133124	1100.000000	0.000125047	1100.000000	0.000133044	1100.000000	0.000124215	1100.000000	1.36524e-08	
1120.000000	0.00010422	1120.000000	0.000123827	1120.000000	0.000132719	1120.000000	0.000124648	1120.000000	0.000132643	1120.000000	0.000123814	1120.000000	1.34277e-08	
1140.000000	0.000103893	1140.000000	0.000123448	1140.000000	0.000132333	1140.000000	0.000124268	1140.000000	0.000132262	1140.000000	0.000123435	1140.000000	1.32105e-08	
1160.000000	0.000103586	1160.000000	0.000123089	1160.000000	0.000131966	1160.000000	0.000123907	1160.000000	0.000131897	1160.000000	0.000123076	1160.000000	1.30004e-08	
1180.000000	0.000103295	1180.000000	0.00012275	1180.000000	0.000131615	1180.000000	0.000123563	1180.000000	0.000131549	1180.000000	0.000122737	1180.000000	1.27973e-08	
1200.000000	0.000103021	1200.000000	0.000122429	1200.000000	0.000131282	1200.000000	0.000123236	1200.000000	0.000131218	1200.000000	0.000122416	1200.000000	1.26005e-08	
1220.000000	0.000102763	1220.000000	0.000122126	1220.000000	0.000130965	1220.000000	0.000122924	1220.000000	0.000130904	1220.000000	0.000122114	1220.000000	1.241e-08 	
1240.000000	0.000102521	1240.000000	0.00012184	1240.000000	0.000130663	1240.000000	0.000122627	1240.000000	0.000130605	1240.000000	0.000121828	1240.000000	1.22254e-08	
1260.000000	0.000102292	1260.000000	0.00012157	1260.000000	0.000130376	1260.000000	0.000122344	1260.000000	0.000130318	1260.000000	0.000121558	1260.000000	1.20464e-08	
1280.000000	0.000102078	1280.000000	0.000121316	1280.000000	0.000130103	1280.000000	0.000122074	1280.000000	0.000130044	1280.000000	0.000121304	1280.000000	1.18727e-08	
1300.000000	0.000101877	1300.000000	0.000121076	1300.000000	0.000129841	1300.000000	0.000121817	1300.000000	0.000129783	1300.000000	0.000121065	1300.000000	1.17042e-08	
1320.000000	0.000101688	1320.000000	0.000120851	1320.000000	0.000129592	1320.000000	0.000121572	1320.000000	0.000129535	1320.000000	0.000120839	1320.000000	1.15405e-08	
1340.000000	0.000101512	1340.000000	0.000120638	1340.000000	0.000129354	1340.000000	0.000121339	1340.000000	0.0001293 	1340.000000	0.000120627	1340.000000	1.13816e-08	
1360.000000	0.000101347	1360.000000	0.000120439	1360.000000	0.000129127	1360.000000	0.000121117	1360.000000	0.000129074	1360.000000	0.000120428	1360.000000	1.12271e-08	
1380.000000	0.000101194	1380.000000	0.000120252	1380.000000	0.000128911	1380.000000	0.000120905	1380.000000	0.000128857	1380.000000	0.000120241	1380.000000	1.10769e-08	
1400.000000	0.000101052	1400.000000	0.000120077	1400.000000	0.000128704	1400.000000	0.000120703	1400.000000	0.000128651	1400.000000	0.000120066	1400.000000	1.09308e-08	
1420.000000	0.000100919	1420.000000	0.000119913	1420.000000	0.000128507	1420.000000	0.00012051	1420.000000	0.000128456	1420.000000	0.000119902	1420.000000	1.07887e-08	
1440.000000	0.000100797	1440.000000	0.00011976	1440.000000	0.000128319	1440.000000	0.000120327	1440.000000	0.000128269	1440.000000	0.000119749	1440.000000	1.06504e-08	
1460.000000	0.000100684	1460.000000	0.000119617	1460.000000	0.000128139	1460.000000	0.000120152	1460.000000	0.000128092	1460.000000	0.000119606	1460.000000	1.05156e-08	
1480.000000	0.000100581	1480.000000	0.000119484	1480.000000	0.000127969	1480.000000	0.000119985	1480.000000	0.000127922	1480.000000	0.000119474	1480.000000	1.03844e-08	
1500.000000	0.000100486	1500.000000	0.000119361	1500.000000	0.000127806	1500.000000	0.000119827	1500.000000	0.000127759	1500.000000	0.00011935	1500.000000	1.02566e-08	
1520.000000	0.0001004 	1520.000000	0.000119247	1520.000000	0.000127651	1520.000000	0.000119676	1520.000000	0.000127605	1520.000000	0.000119236	1520.000000	1.01319e-08	
1540.000000	0.000100323	1540.000000	0.000119141	1540.000000	0.000127503	1540.000000	0.000119532	1540.000000	0.000127459	1540.000000	0.000119131	1540.000000	1.00104e-08	
1560.000000	0.000100253	1560.000000	0.000119045	1560.000000	0.000127362	1560.000000	0.000119395	1560.000000	0.00012732	1560.000000	0.000119035	1560.000000	9.89184e-09	
1580.000000	0.000100191	1580.000000	0.000118956	1580.000000	0.000127228	1580.000000	0.000119264	1580.000000	0.000127188	1580.000000	0.000118946	1580.000000	9.77617e-09	
1600.000000	0.000100136	1600.000000	0.000118876	1600.000000	0.0001271 	1600.000000	0.00011914	1600.000000	0.000127062	1600.000000	0.000118866	1600.000000	9.66328e-09	
1620.000000	0.000100089	1620.000000	0.000118803	1620.000000	0.000126979	1620.000000	0.000119022	1620.000000	0.000126941	1620.000000	0.000118793	1620.000000	9.55306e-09	
1640.000000	0.000100048	1640.000000	0.000118737	1640.000000	0.000126863	1640.000000	0.00011891	1640.000000	0.000126826	1640.000000	0.000118727	1640.000000	9.44541e-09	
1660.000000	0.000100014	1660.000000	0.000118678	1660.000000	0.000126752	1660.000000	0.000118804	1660.000000	0.000126717	1660.000000	0.000118669	1660.000000	9.34026e-09	
1680.000000	9.9987e-05	1680.000000	0.000118626	1680.000000	0.000126647	1680.000000	0.000118702	1680.000000	0.000126614	1680.000000	0.000118617	1680.000000	9.2375e-09	
1700.000000	9.99659e-05	1700.000000	0.000118581	1700.000000	0.000126548	1700.000000	0.000118606	1700.000000	0.000126516	1700.000000	0.000118572	1700.000000	9.13707e-09	
1750.000000	9.99395e-05	1750.000000	0.000118496	1750.000000	0.000126319	1750.000000	0.000118387	1750.000000	0.000126291	1750.000000	0.000118487	1750.000000	8.89562e-09	
1800.000000	9.99483e-05	1800.000000	0.000118446	1800.000000	0.000126119	1800.000000	0.000118196	1800.000000	0.000126094	1800.000000	0.000118438	1800.000000	8.66705e-09	
1850.000000	9.99898e-05	1850.000000	0.00011843	1850.000000	0.000125944	1850.000000	0.000118031	1850.000000	0.000125924	1850.000000	0.000118422	1850.000000	8.45034e-09	
1900.000000	0.000100061	1900.000000	0.000118445	1900.000000	0.000125793	1900.000000	0.000117888	1900.000000	0.000125775	1900.000000	0.000118437	1900.000000	8.24458e-09	
1950.000000	0.000100161	1950.000000	0.000118489	1950.000000	0.000125663	1950.000000	0.000117766	1950.000000	0.000125647	1950.000000	0.000118481	1950.000000	8.04895e-09	
2000.000000	0.000100288	2000.000000	0.000118559	2000.000000	0.000125552	2000.000000	0.000117664	2000.000000	0.00012554	2000.000000	0.000118551	2000.000000	7.86271e-09	
2100.000000	0.000100612	2100.000000	0.000118771	2100.000000	0.000125383	2100.000000	0.000117509	2100.000000	0.000125374	2100.000000	0.000118763	2100.000000	7.5158e-09	
2200.000000	0.000101024	2200.000000	0.000119067	2200.000000	0.000125274	2200.000000	0.000117412	2200.000000	0.000125269	2200.000000	0.00011906	2200.000000	7.19921e-09	
2300.000000	0.000101511	2300.000000	0.000119437	2300.000000	0.000125214	2300.000000	0.000117365	2300.000000	0.000125211	2300.000000	0.00011943	2300.000000	6.90908e-09	
2400.000000	0.000102068	2400.000000	0.000119871	2400.000000	0.000125197	2400.000000	0.000117358	2400.000000	0.000125197	2400.000000	0.000119864	2400.000000	6.6422e-09	
2500.000000	0.000102685	2500.000000	0.000120362	2500.000000	0.000125214	2500.000000	0.000117387	2500.000000	0.000125216	2500.000000	0.000120355	2500.000000	6.39584e-09	
2600.000000	0.000103358	2600.000000	0.000120903	2600.000000	0.000125262	2600.000000	0.000117445	2600.000000	0.000125267	2600.000000	0.000120896	2600.000000	6.16771e-09	
2700.000000	0.000104081	2700.000000	0.000121488	2700.000000	0.000125335	2700.000000	0.000117529	2700.000000	0.000125341	2700.000000	0.000121482	2700.000000	5.95582e-09	
2800.000000	0.000104849	2800.000000	0.000122113	2800.000000	0.00012543	2800.000000	0.000117633	2800.000000	0.000125439	2800.000000	0.000122107	2800.000000	5.75849e-09	
2900.000000	0.000105659	2900.000000	0.000122773	2900.000000	0.000125543	2900.000000	0.000117757	2900.000000	0.000125554	2900.000000	0.000122767	2900.000000	5.57425e-09	
3000.000000	0.000106508	3000.000000	0.000123465	3000.000000	0.000125673	3000.000000	0.000117895	3000.000000	0.000125686	3000.000000	0.00012346	3000.000000	5.40182e-09	
3200.000000	0.000108309	3200.000000	0.000124933	3200.000000	0.000125972	3200.000000	0.000118211	3200.000000	0.000125988	3200.000000	0.000124927	3200.000000	5.08808e-09	
3400.000000	0.000110232	3400.000000	0.000126494	3400.000000	0.000126311	3400.000000	0.000118566	3400.000000	0.000126331	3400.000000	0.000126489	3400.000000	4.80989e-09	
3600.000000	0.000112262	3600.000000	0.000128134	3600.000000	0.000126681	3600.000000	0.00011895	3600.000000	0.000126702	3600.000000	0.000128129	3600.000000	4.56147e-09	
3800.000000	0.000114387	3800.000000	0.000129838	3800.000000	0.000127071	3800.000000	0.000119354	3800.000000	0.000127094	3800.000000	0.000129834	3800.000000	4.33824e-09	
4000.000000	0.000116597	4000.000000	0.000131598	4000.000000	0.000127477	4000.000000	0.000119771	4000.000000	0.0001275 	4000.000000	0.000131593	4000.000000	4.13651e-09	
4200.000000	0.000118883	4200.000000	0.000133404	4200.000000	0.000127892	4200.000000	0.000120198	4200.000000	0.000127917	4200.000000	0.0001334 	4200.000000	3.95329e-09	
4400.000000	0.00012124	4400.000000	0.00013525	4400.000000	0.000128313	4400.000000	0.000120631	4400.000000	0.000128338	4400.000000	0.000135246	4400.000000	3.78611e-09	
4600.000000	0.000123661	4600.000000	0.00013713	4600.000000	0.000128737	4600.000000	0.000121067	4600.000000	0.000128764	4600.000000	0.000137126	4600.000000	3.63294e-09	
4800.000000	0.000126142	4800.000000	0.000139039	4800.000000	0.000129162	4800.000000	0.000121503	4800.000000	0.000129189	4800.000000	0.000139036	4800.000000	3.49206e-09	
5000.000000	0.000128678	5000.000000	0.000140975	5000.000000	0.000129586	5000.000000	0.000121939	5000.000000	0.000129615	5000.000000	0.000140971	5000.000000	3.36205e-09	
5250.000000	0.000131923	5250.000000	0.000143425	5250.000000	0.000130113	5250.000000	0.00012248	5250.000000	0.000130143	5250.000000	0.000143422	5250.000000	3.21295e-09	
5500.000000	0.000135243	5500.000000	0.000145905	5500.000000	0.000130635	5500.000000	0.000123016	5500.000000	0.000130666	5500.000000	0.000145902	5500.000000	3.07692e-09	
6000.000000	0.000142097	6000.000000	0.000150937	6000.000000	0.000131658	6000.000000	0.000124068	6000.000000	0.000131692	6000.000000	0.000150934	6000.000000	2.83768e-09	
6500.000000	0.000149212	6500.000000	0.000156043	6500.000000	0.000132648	6500.000000	0.000125087	6500.000000	0.000132685	6500.000000	0.00015604	6500.000000	2.63398e-09	
7000.000000	0.000156565	7000.000000	0.000161205	7000.000000	0.000133607	7000.000000	0.00012607	7000.000000	0.000133641	7000.000000	0.000161202	7000.000000	2.45837e-09	
7500.000000	0.000164144	7500.000000	0.000166408	7500.000000	0.000134523	7500.000000	0.000127018	7500.000000	0.000134561	7500.000000	0.000166406	7500.000000	2.30537e-09	
8000.000000	0.000171935	8000.000000	0.000171643	8000.000000	0.000135408	8000.000000	0.000127929	8000.000000	0.000135445	8000.000000	0.00017164	8000.000000	2.17083e-09	
8500.000000	0.00017993	8500.000000	0.000176901	8500.000000	0.000136257	8500.000000	0.000128806	8500.000000	0.000136293	8500.000000	0.000176899	8500.000000	2.05158e-09	
9000.000000	0.000188122	9000.000000	0.000182177	9000.000000	0.000137068	9000.000000	0.00012965	9000.000000	0.000137107	9000.000000	0.000182175	9000.000000	1.94512e-09	
9500.000000	0.000196506	9500.000000	0.000187466	9500.000000	0.000137848	9500.000000	0.000130462	9500.000000	0.000137889	9500.000000	0.000187464	9500.000000	1.84949e-09	
10000.000000	0.000205077	10000.000000	0.000192764	10000.000000	0.000138598	10000.000000	0.000131244	10000.000000	0.000138641	10000.000000	0.000192763	10000.000000	1.76308e-09	
11000.000000	0.000222769	11000.000000	0.00020338	11000.000000	0.000140016	11000.000000	0.000132726	11000.000000	0.000140058	11000.000000	0.000203379	11000.000000	1.61306e-09	
12000.000000	0.000241176	12000.000000	0.000214008	12000.000000	0.000141329	12000.000000	0.000134108	12000.000000	0.000141373	12000.000000	0.000214007	12000.000000	1.48722e-09	
13000.000000	0.000260285	13000.000000	0.000224638	13000.000000	0.000142551	13000.000000	0.000135401	13000.000000	0.000142595	13000.000000	0.000224637	13000.000000	1.38011e-09	
14000.000000	0.000280087	14000.000000	0.000235262	14000.000000	0.000143692	14000.000000	0.000136615	14000.000000	0.000143735	14000.000000	0.000235261	14000.000000	1.2878e-09	
15000.000000	0.000300576	15000.000000	0.000245877	15000.000000	0.000144761	15000.000000	0.000137758	15000.000000	0.000144802	15000.000000	0.000245876	15000.000000	1.20739e-09	
16000.000000	0.000321746	16000.000000	0.000256478	16000.000000	0.000145761	16000.000000	0.000138838	16000.000000	0.000145803	16000.000000	0.000256477	16000.000000	1.13671e-09	
17000.000000	0.000343598	17000.000000	0.000267065	17000.000000	0.000146699	17000.000000	0.000139861	17000.000000	0.000146744	17000.000000	0.000267064	17000.000000	1.07406e-09	
18000.000000	0.000366128	18000.000000	0.000277636	18000.000000	0.000147583	18000.000000	0.000140833	18000.000000	0.000147632	18000.000000	0.000277635	18000.000000	1.01815e-09	
19000.000000	0.000389337	19000.000000	0.000288189	19000.000000	0.00014842	19000.000000	0.000141757	19000.000000	0.000148469	19000.000000	0.000288188	19000.000000	9.67934e-10	
20000.000000	0.000413225	20000.000000	0.000298725	20000.000000	0.000149215	20000.000000	0.00014264	20000.000000	0.000149263	20000.000000	0.000298724	20000.000000	9.22573e-10	
21000.000000	0.000437793	21000.000000	0.000309244	21000.000000	0.000149971	21000.000000	0.000143483	21000.000000	0.000150015	21000.000000	0.000309243	21000.000000	8.81392e-10	
22000.000000	0.000463043	22000.000000	0.000319744	22000.000000	0.000150683	22000.000000	0.00014429	22000.000000	0.000150729	22000.000000	0.000319744	22000.000000	8.43832e-10	
23000.000000	0.000488977	23000.000000	0.000330227	23000.000000	0.000151364	23000.000000	0.000145065	23000.000000	0.00015141	23000.000000	0.000330227	23000.000000	8.09432e-10	
24000.000000	0.000515595	24000.000000	0.000340693	24000.000000	0.000152014	24000.000000	0.000145809	24000.000000	0.000152057	24000.000000	0.000340692	24000.000000	7.77805e-10	
25000.000000	0.000542902	25000.000000	0.000351142	25000.000000	0.00015263	25000.000000	0.000146525	25000.000000	0.000152675	25000.000000	0.000351141	25000.000000	7.48626e-10	
26000.000000	0.000570898	26000.000000	0.000361573	26000.000000	0.000153218	26000.000000	0.000147215	26000.000000	0.000153265	26000.000000	0.000361572	26000.000000	7.21619e-10	
27000.000000	0.000599588	27000.000000	0.000371988	27000.000000	0.000153782	27000.000000	0.00014788	27000.000000	0.00015383	27000.000000	0.000371987	27000.000000	6.96547e-10	
28000.000000	0.000628973	28000.000000	0.000382387	28000.000000	0.000154323	28000.000000	0.000148523	28000.000000	0.00015437	28000.000000	0.000382386	28000.000000	6.73208e-10	
29000.000000	0.000659058	29000.000000	0.000392769	29000.000000	0.000154841	29000.000000	0.000149144	29000.000000	0.000154888	29000.000000	0.000392768	29000.000000	6.51426e-10	
30000.000000	0.000689844	30000.000000	0.000403136	30000.000000	0.000155338	30000.000000	0.000149746	30000.000000	0.000155385	30000.000000	0.000403136	30000.000000	6.3105e-10	
32000.000000	0.000753535	32000.000000	0.000423825	32000.000000	0.000156273	32000.000000	0.000150895	32000.000000	0.000156321	32000.000000	0.000423824	32000.000000	5.93997e-10	
34000.000000	0.000820073	34000.000000	0.000444455	34000.000000	0.00015714	34000.000000	0.000151977	34000.000000	0.000157187	34000.000000	0.000444454	34000.000000	5.61167e-10	
36000.000000	0.000889486	36000.000000	0.000465029	36000.000000	0.000157943	36000.000000	0.000153001	36000.000000	0.00015799	36000.000000	0.000465029	36000.000000	5.31871e-10	
38000.000000	0.000961803	38000.000000	0.00048555	38000.000000	0.000158689	38000.000000	0.000153971	38000.000000	0.000158739	38000.000000	0.00048555	38000.000000	5.05562e-10	
40000.000000	0.00103705	40000.000000	0.00050602	40000.000000	0.000159384	40000.000000	0.000154894	40000.000000	0.000159437	40000.000000	0.00050602	40000.000000	4.81802e-10	
42000.000000	0.00111527	42000.000000	0.000526442	42000.000000	0.000160036	42000.000000	0.000155773	42000.000000	0.000160091	42000.000000	0.000526441	42000.000000	4.60235e-10	
44000.000000	0.00119647	44000.000000	0.000546816	44000.000000	0.000160651	44000.000000	0.000156612	44000.000000	0.000160705	44000.000000	0.000546816	44000.000000	4.40567e-10	
46000.000000	0.00128071	46000.000000	0.000567146	46000.000000	0.000161235	46000.000000	0.000157416	46000.000000	0.000161281	46000.000000	0.000567146	46000.000000	4.22556e-10	
48000.000000	0.001368  	48000.000000	0.000587433	48000.000000	0.000161789	48000.000000	0.000158186	48000.000000	0.000161824	48000.000000	0.000587432	48000.000000	4.05999e-10	
50000.000000	0.00145838	50000.000000	0.000607678	50000.000000	0.00016231	50000.000000	0.000158926	50000.000000	0.000162337	50000.000000	0.000607678	50000.000000	3.90725e-10	
