! 200Bi energy loss (dE/dX) in He
! apply ZOOM for details
Energy (MeV/u)1	0 - [He-base] F.Hubert et al, AD&ND Tables 46(1990)1	Energy (MeV/u)2	1 - [H -base] J.F.Ziegler et al,Pergamon Press,NY(low energy)	Energy (MeV/u)3	2 - ATIMA 1.2 LS-theory (recommended for high energy)	Energy (MeV/u)4	3 - ATIMA 1.2 without LS-correction	Energy (MeV/u)5	4 - ATIMA 1.4 H.Weick, improved mean charge formula for HI	Energy (MeV/u)6	5 - electrical component of [1] - J.F.Ziegler et al	Energy (MeV/u)7	6 - nuclear component of [1] - J.F.Ziegler et al	
0.001000	0.000362122	0.001000	0.000463634	0.001000	0.000412405	0.001000	0.000412405	0.001000	0.000412411	0.001000	0.000137082	0.001000	0.000326552	
0.002000	0.000393108	0.002000	0.000510403	0.002000	0.000454042	0.002000	0.000454042	0.002000	0.000454048	0.002000	0.000177773	0.002000	0.00033263	
0.005000	0.000412587	0.005000	0.000549872	0.005000	0.00049117	0.005000	0.00049117	0.005000	0.000491176	0.005000	0.000250665	0.005000	0.000299207	
0.008000	0.0004167 	0.008000	0.000564663	0.008000	0.0005085 	0.008000	0.0005085 	0.008000	0.000508504	0.008000	0.000298978	0.008000	0.000265686	
0.010000	0.000418809	0.010000	0.000572317	0.010000	0.000518717	0.010000	0.000518717	0.010000	0.000518722	0.010000	0.000325072	0.010000	0.000247244	
0.015000	0.00042517	0.015000	0.000590144	0.015000	0.000544173	0.015000	0.000544173	0.015000	0.000544176	0.015000	0.000378455	0.015000	0.000211689	
0.020000	0.00043314	0.020000	0.000607781	0.020000	0.000570132	0.020000	0.000570132	0.020000	0.000570135	0.020000	0.000421567	0.020000	0.000186215	
0.025000	0.00044208	0.025000	0.000625348	0.025000	0.000596219	0.025000	0.000596219	0.025000	0.000596221	0.025000	0.000458361	0.025000	0.000166987	
0.030000	0.00045151	0.030000	0.000642679	0.030000	0.000622083	0.030000	0.000622083	0.030000	0.000622086	0.030000	0.000490795	0.030000	0.000151884	
0.035000	0.000461144	0.035000	0.000659658	0.035000	0.000647528	0.035000	0.000647528	0.035000	0.000647531	0.035000	0.000520002	0.035000	0.000139656	
0.040000	0.000470816	0.040000	0.000676223	0.040000	0.000672456	0.040000	0.000672456	0.040000	0.000672459	0.040000	0.000546704	0.040000	0.000129518	
0.045000	0.000480425	0.045000	0.000692347	0.045000	0.000696827	0.045000	0.000696827	0.045000	0.000696829	0.045000	0.000571393	0.045000	0.000120954	
0.050000	0.000489916	0.050000	0.000708027	0.050000	0.000720629	0.050000	0.000720629	0.050000	0.000720632	0.050000	0.00059442	0.050000	0.000113607	
0.055000	0.000499254	0.055000	0.000723272	0.055000	0.000743873	0.055000	0.000743873	0.055000	0.000743875	0.055000	0.00061605	0.055000	0.000107223	
0.060000	0.000508423	0.060000	0.000738097	0.060000	0.000766574	0.060000	0.000766574	0.060000	0.000766576	0.060000	0.000636483	0.060000	0.000101615	
0.070000	0.000526221	0.070000	0.00076656	0.070000	0.000810438	0.070000	0.000810438	0.070000	0.00081044	0.070000	0.00067436	0.070000	9.22004e-05	
0.080000	0.0005433 	0.080000	0.00079357	0.080000	0.000852411	0.080000	0.000852411	0.080000	0.000852413	0.080000	0.000708988	0.080000	8.45827e-05	
0.090000	0.000559687	0.090000	0.000819277	0.090000	0.000892677	0.090000	0.000892677	0.090000	0.000892679	0.090000	0.000741005	0.090000	7.82724e-05	
0.100000	0.000575427	0.100000	0.000843814	0.100000	0.000931404	0.100000	0.000931404	0.100000	0.000931406	0.100000	0.000770868	0.100000	7.29466e-05	
0.120000	0.000605153	0.120000	0.000889837	0.120000	0.00100481	0.120000	0.00100481	0.120000	0.00100482	0.120000	0.000825416	0.120000	6.44211e-05	
0.140000	0.000632833	0.140000	0.000932405	0.140000	0.00107361	0.140000	0.00107361	0.140000	0.00107361	0.140000	0.000874536	0.140000	5.78689e-05	
0.160000	0.000687423	0.160000	0.000996759	0.160000	0.00114935	0.160000	0.00114935	0.160000	0.00114935	0.160000	0.000944596	0.160000	5.2163e-05	
0.180000	0.000742202	0.180000	0.00109876	0.180000	0.00123674	0.180000	0.00123674	0.180000	0.00123674	0.180000	0.00105081	0.180000	4.79536e-05	
0.200000	0.000796036	0.200000	0.00119184	0.200000	0.00131348	0.200000	0.00131348	0.200000	0.00131348	0.200000	0.0011474 	0.200000	4.44355e-05	
0.250000	0.00090052	0.250000	0.00139043	0.250000	0.00146597	0.250000	0.00146597	0.250000	0.00146597	0.250000	0.00135272	0.250000	3.77124e-05	
0.300000	0.000997236	0.300000	0.00155003	0.300000	0.00157625	0.300000	0.00157625	0.300000	0.00157625	0.300000	0.00151713	0.300000	3.29004e-05	
0.350000	0.00108625	0.350000	0.00168057	0.350000	0.00165877	0.350000	0.00165877	0.350000	0.00165878	0.350000	0.0016513 	0.350000	2.92682e-05	
0.400000	0.00116754	0.400000	0.00178921	0.400000	0.0017235 	0.400000	0.0017235 	0.400000	0.0017235 	0.400000	0.00176279	0.400000	2.6419e-05	
0.450000	0.00124873	0.450000	0.00188755	0.450000	0.00177677	0.450000	0.00177677	0.450000	0.00177677	0.450000	0.00186344	0.450000	2.41182e-05	
0.500000	0.00133004	0.500000	0.00199114	0.500000	0.00182249	0.500000	0.00182249	0.500000	0.00182249	0.500000	0.00196892	0.500000	2.22172e-05	
0.600000	0.00142124	0.600000	0.00215873	0.600000	0.00189977	0.600000	0.00189977	0.600000	0.00189978	0.600000	0.00213948	0.600000	1.92511e-05	
0.700000	0.00147893	0.700000	0.00228728	0.700000	0.00196517	0.700000	0.00196517	0.700000	0.00196517	0.700000	0.00227025	0.700000	1.70348e-05	
0.800000	0.00157134	0.800000	0.00238787	0.800000	0.00202246	0.800000	0.00202246	0.800000	0.00202246	0.800000	0.00237256	0.800000	1.53102e-05	
0.900000	0.00164899	0.900000	0.00246774	0.900000	0.00207334	0.900000	0.00207334	0.900000	0.00207334	0.900000	0.00245382	0.900000	1.39263e-05	
1.000000	0.0017111 	1.000000	0.00252719	1.000000	0.00211874	1.000000	0.00211874	1.000000	0.00211874	1.000000	0.0025144 	1.000000	1.27891e-05	
1.250000	0.0018182 	1.250000	0.00261762	1.250000	0.0022122 	1.250000	0.0022122 	1.250000	0.0022122 	1.250000	0.00260696	1.250000	1.06641e-05	
1.500000	0.00188984	1.500000	0.00267093	1.500000	0.00228266	1.500000	0.00228266	1.500000	0.00228266	1.500000	0.00266175	1.500000	9.18145e-06	
1.750000	0.001938  	1.750000	0.00270125	1.750000	0.00233557	1.750000	0.00233557	1.750000	0.00233557	1.750000	0.00269317	1.750000	8.08337e-06	
2.000000	0.00196522	2.000000	0.00270977	2.000000	0.00237499	2.000000	0.00237499	2.000000	0.00237499	2.000000	0.00270254	2.000000	7.23482e-06	
2.250000	0.00198386	2.250000	0.00270729	2.250000	0.00240396	2.250000	0.00240396	2.250000	0.00240396	2.250000	0.00270074	2.250000	6.55787e-06	
2.500000	0.00331297	2.500000	0.00269972	2.500000	0.00242475	2.500000	0.00242475	2.500000	0.00242475	2.500000	0.00269372	2.500000	6.00426e-06	
3.000000	0.00331341	3.000000	0.00267454	3.000000	0.00247138	3.000000	0.00247138	3.000000	0.00247139	3.000000	0.00266938	3.000000	5.15089e-06	
3.500000	0.00327733	3.500000	0.00264239	3.500000	0.00249909	3.500000	0.00249909	3.500000	0.00249909	3.500000	0.00263787	3.500000	4.52183e-06	
4.000000	0.00322229	4.000000	0.00260626	4.000000	0.00250729	4.000000	0.00250729	4.000000	0.00250729	4.000000	0.00260222	4.000000	4.03754e-06	
4.500000	0.00315773	4.500000	0.00256728	4.500000	0.00250262	4.500000	0.00250262	4.500000	0.00250263	4.500000	0.00256363	4.500000	3.65238e-06	
5.000000	0.00308888	5.000000	0.00252694	5.000000	0.00248934	5.000000	0.00248934	5.000000	0.00248934	5.000000	0.0025236 	5.000000	3.33823e-06	
5.500000	0.00301877	5.500000	0.00248615	5.500000	0.0024702 	5.500000	0.0024702 	5.500000	0.0024702 	5.500000	0.00248307	5.500000	3.07677e-06	
6.000000	0.00294913	6.000000	0.00243407	6.000000	0.00244709	6.000000	0.00244709	6.000000	0.00244709	6.000000	0.00243121	6.000000	2.85553e-06	
6.500000	0.00288098	6.500000	0.00238628	6.500000	0.0024213 	6.500000	0.0024213 	6.500000	0.00242131	6.500000	0.00238361	6.500000	2.66573e-06	
7.000000	0.00281489	7.000000	0.00234233	7.000000	0.00239376	7.000000	0.00239376	7.000000	0.00239376	7.000000	0.00233983	7.000000	2.50099e-06	
7.500000	0.00275115	7.500000	0.00230142	7.500000	0.0023651 	7.500000	0.0023651 	7.500000	0.0023651 	7.500000	0.00229906	7.500000	2.35656e-06	
8.000000	0.00268989	8.000000	0.00226299	8.000000	0.00233579	8.000000	0.00233579	8.000000	0.0023358 	8.000000	0.00226076	8.000000	2.22883e-06	
8.500000	0.00263115	8.500000	0.00222661	8.500000	0.00230619	8.500000	0.00230619	8.500000	0.00230619	8.500000	0.00222449	8.500000	2.11502e-06	
9.000000	0.00257489	9.000000	0.00219198	9.000000	0.00227654	9.000000	0.00227654	9.000000	0.00227654	9.000000	0.00218997	9.000000	2.01292e-06	
9.500000	0.00252103	9.500000	0.00215911	9.500000	0.00224569	9.500000	0.00224569	9.500000	0.00224569	9.500000	0.00215719	9.500000	1.92077e-06	
10.000000	0.0024695 	10.000000	0.00203916	10.000000	0.00221373	10.000000	0.00221373	10.000000	0.00221374	10.000000	0.00203733	10.000000	1.83717e-06	
11.000000	0.00237296	11.000000	0.00200838	11.000000	0.002125  	11.000000	0.00215719	11.000000	0.00219227	11.000000	0.00200669	11.000000	1.69116e-06	
12.000000	0.0022844 	12.000000	0.00197636	12.000000	0.00204336	12.000000	0.00210376	12.000000	0.00216654	12.000000	0.00197479	12.000000	1.56781e-06	
13.000000	0.00220297	13.000000	0.00194364	13.000000	0.00196815	13.000000	0.0020534 	13.000000	0.00213813	13.000000	0.00194218	13.000000	1.46214e-06	
14.000000	0.00212789	14.000000	0.0019106 	14.000000	0.00189874	14.000000	0.00200599	14.000000	0.00210809	14.000000	0.00190923	14.000000	1.37053e-06	
15.000000	0.00205848	15.000000	0.00187768	15.000000	0.00183457	15.000000	0.00196136	15.000000	0.00207718	15.000000	0.00187639	15.000000	1.29031e-06	
16.000000	0.00199413	16.000000	0.00184518	16.000000	0.00177512	16.000000	0.00191937	16.000000	0.00204594	16.000000	0.00184396	16.000000	1.21945e-06	
17.000000	0.0019343 	17.000000	0.00181329	17.000000	0.00171996	17.000000	0.00187983	17.000000	0.00201475	17.000000	0.00181214	17.000000	1.15636e-06	
18.000000	0.00187853	18.000000	0.00178215	18.000000	0.00166873	18.000000	0.0018426 	18.000000	0.00198375	18.000000	0.00178105	18.000000	1.09982e-06	
19.000000	0.00182643	19.000000	0.00175183	19.000000	0.00162109	19.000000	0.0018075 	19.000000	0.00195329	19.000000	0.00175078	19.000000	1.04883e-06	
20.000000	0.00177762	20.000000	0.00172236	20.000000	0.00157672	20.000000	0.00177441	20.000000	0.00192351	20.000000	0.00172136	20.000000	1.00261e-06	
21.000000	0.0017318 	21.000000	0.00169378	21.000000	0.00153535	21.000000	0.00174319	21.000000	0.00189431	21.000000	0.00169281	21.000000	9.605e-07 	
22.000000	0.0016887 	22.000000	0.00166607	22.000000	0.00149671	22.000000	0.00171371	22.000000	0.00186599	22.000000	0.00166514	22.000000	9.21967e-07	
23.000000	0.00164808	23.000000	0.00163923	23.000000	0.00146063	23.000000	0.00168586	23.000000	0.00183843	23.000000	0.00163834	23.000000	8.86567e-07	
24.000000	0.00160971	24.000000	0.00161324	24.000000	0.00142694	24.000000	0.00165953	24.000000	0.00181175	24.000000	0.00161239	24.000000	8.53926e-07	
25.000000	0.00157342	25.000000	0.00158809	25.000000	0.00139544	25.000000	0.00163464	25.000000	0.00178591	25.000000	0.00158726	25.000000	8.23728e-07	
27.000000	0.00150639	27.000000	0.00154017	27.000000	0.00133814	27.000000	0.00158877	27.000000	0.00173683	27.000000	0.0015394 	27.000000	7.69622e-07	
29.000000	0.00144583	29.000000	0.00149526	29.000000	0.00128785	29.000000	0.00154764	29.000000	0.00169113	29.000000	0.00149453	29.000000	7.22519e-07	
31.000000	0.00139083	31.000000	0.00145312	31.000000	0.00125086	31.000000	0.00150506	31.000000	0.00163521	31.000000	0.00145244	31.000000	6.81121e-07	
33.000000	0.00134062	33.000000	0.00141354	33.000000	0.0012233 	33.000000	0.00146033	33.000000	0.00157219	33.000000	0.0014129 	33.000000	6.44434e-07	
35.000000	0.00129458	35.000000	0.00137632	35.000000	0.0011971 	35.000000	0.0014186 	35.000000	0.00151552	35.000000	0.00137571	35.000000	6.11685e-07	
38.000000	0.00123223	38.000000	0.00132448	38.000000	0.00116017	38.000000	0.00136099	38.000000	0.00144025	38.000000	0.00132391	38.000000	5.68641e-07	
41.000000	0.00117671	41.000000	0.00127693	41.000000	0.00112568	41.000000	0.0013086 	41.000000	0.00137433	41.000000	0.0012764 	41.000000	5.31526e-07	
44.000000	0.00112691	44.000000	0.00123316	44.000000	0.0010936 	44.000000	0.00126073	44.000000	0.0013159 	44.000000	0.00123266	44.000000	4.99177e-07	
47.000000	0.00108196	47.000000	0.00119276	47.000000	0.00106367	47.000000	0.00121679	47.000000	0.00126359	47.000000	0.00119229	47.000000	4.70717e-07	
50.000000	0.00104117	50.000000	0.00115534	50.000000	0.00103561	50.000000	0.0011763 	50.000000	0.00121638	50.000000	0.0011549 	50.000000	4.45474e-07	
55.000000	0.000980892	55.000000	0.00109877	55.000000	0.000992757	55.000000	0.00111544	55.000000	0.00114674	55.000000	0.00109836	55.000000	4.09178e-07	
60.000000	0.00092855	60.000000	0.0010484 	60.000000	0.00095404	60.000000	0.00106157	60.000000	0.00108626	60.000000	0.00104802	60.000000	3.78596e-07	
65.000000	0.000882619	65.000000	0.00100326	65.000000	0.000918822	65.000000	0.00101353	65.000000	0.00103302	65.000000	0.00100291	65.000000	3.52459e-07	
70.000000	0.000841951	70.000000	0.000962564	70.000000	0.000886764	70.000000	0.000970414	70.000000	0.000985698	70.000000	0.000962234	70.000000	3.2985e-07	
75.000000	0.00080566	75.000000	0.00092568	75.000000	0.000857406	75.000000	0.000931485	75.000000	0.000942767	75.000000	0.00092537	75.000000	3.1009e-07	
80.000000	0.000773053	80.000000	0.000892093	80.000000	0.000830492	80.000000	0.000896157	80.000000	0.000904223	80.000000	0.0008918 	80.000000	2.92665e-07	
85.000000	0.000743577	85.000000	0.000861375	85.000000	0.000805636	85.000000	0.000863948	85.000000	0.000869407	85.000000	0.000861097	85.000000	2.77179e-07	
90.000000	0.000716787	90.000000	0.000833169	90.000000	0.000782604	90.000000	0.000834461	90.000000	0.000837826	90.000000	0.000832905	90.000000	2.6332e-07	
95.000000	0.000692319	95.000000	0.000807177	95.000000	0.000761295	95.000000	0.000807362	95.000000	0.000809123	95.000000	0.000806926	95.000000	2.50841e-07	
100.000000	0.000669875	100.000000	0.000783146	100.000000	0.000741518	100.000000	0.000782372	100.000000	0.000782878	100.000000	0.000782906	100.000000	2.39542e-07	
105.000000	0.000649203	105.000000	0.00076086	105.000000	0.000723034	105.000000	0.000759253	105.000000	0.000758783	105.000000	0.000760631	105.000000	2.29262e-07	
110.000000	0.000630096	110.000000	0.000740136	110.000000	0.000705794	110.000000	0.000737803	110.000000	0.00073668	110.000000	0.000739916	110.000000	2.19866e-07	
115.000000	0.000612377	115.000000	0.000720812	115.000000	0.000689619	115.000000	0.000717848	115.000000	0.000716191	115.000000	0.000720601	115.000000	2.11244e-07	
120.000000	0.000595893	120.000000	0.000702752	120.000000	0.000674441	120.000000	0.000699237	120.000000	0.000697292	120.000000	0.000702548	120.000000	2.03302e-07	
125.000000	0.000580517	125.000000	0.000685834	125.000000	0.000660179	125.000000	0.00068184	125.000000	0.000679691	125.000000	0.000685638	125.000000	1.95962e-07	
130.000000	0.000566135	130.000000	0.000669953	130.000000	0.00064671	130.000000	0.000665541	130.000000	0.000663365	130.000000	0.000669764	130.000000	1.89156e-07	
135.000000	0.000552653	135.000000	0.000655017	135.000000	0.000634019	135.000000	0.000650241	135.000000	0.000648075	135.000000	0.000654834	135.000000	1.82828e-07	
140.000000	0.000539984	140.000000	0.000640944	140.000000	0.000622052	140.000000	0.000635851	140.000000	0.000633834	140.000000	0.000640767	140.000000	1.76929e-07	
145.000000	0.000528055	145.000000	0.00062766	145.000000	0.000610717	145.000000	0.000622293	145.000000	0.000620407	145.000000	0.000627489	145.000000	1.71414e-07	
150.000000	0.000516801	150.000000	0.000615101	150.000000	0.000599946	150.000000	0.000609497	150.000000	0.000607859	150.000000	0.000614935	150.000000	1.66249e-07	
155.000000	0.000500254	155.000000	0.00060321	155.000000	0.000589739	155.000000	0.000597402	155.000000	0.00059602	155.000000	0.000603049	155.000000	1.61399e-07	
160.000000	0.000490934	160.000000	0.000591935	160.000000	0.000580037	160.000000	0.000585953	160.000000	0.000584868	160.000000	0.000591778	160.000000	1.56836e-07	
165.000000	0.000482104	165.000000	0.000581229	165.000000	0.000570781	165.000000	0.000575099	165.000000	0.00057437	165.000000	0.000581076	165.000000	1.52535e-07	
170.000000	0.000473725	170.000000	0.00057105	170.000000	0.000561966	170.000000	0.000564795	170.000000	0.000564375	170.000000	0.000570902	170.000000	1.48475e-07	
175.000000	0.000465764	175.000000	0.000561361	175.000000	0.000553575	175.000000	0.000555003	175.000000	0.000554952	175.000000	0.000561216	175.000000	1.44634e-07	
180.000000	0.000458189	180.000000	0.000552127	180.000000	0.000545574	180.000000	0.000545684	180.000000	0.000546018	180.000000	0.000551986	180.000000	1.40996e-07	
185.000000	0.000450972	185.000000	0.000543317	185.000000	0.000537919	185.000000	0.000536806	185.000000	0.000537497	185.000000	0.00054318	185.000000	1.37545e-07	
190.000000	0.000444089	190.000000	0.000534903	190.000000	0.000530579	190.000000	0.000528339	190.000000	0.000529428	190.000000	0.000534769	190.000000	1.34265e-07	
195.000000	0.000437516	195.000000	0.000526859	195.000000	0.000523552	195.000000	0.000520256	195.000000	0.000521746	195.000000	0.000526728	195.000000	1.31145e-07	
200.000000	0.000431232	200.000000	0.000519161	200.000000	0.000516827	200.000000	0.000512531	200.000000	0.000514383	200.000000	0.000519033	200.000000	1.28174e-07	
210.000000	0.000419458	210.000000	0.000504719	210.000000	0.000504207	210.000000	0.000498067	210.000000	0.000500719	210.000000	0.000504596	210.000000	1.22634e-07	
220.000000	0.000408635	220.000000	0.000491424	220.000000	0.000492528	220.000000	0.000484786	220.000000	0.000488164	220.000000	0.000491307	220.000000	1.17572e-07	
230.000000	0.00039865	230.000000	0.000479147	230.000000	0.000481722	230.000000	0.000472552	230.000000	0.00047669	230.000000	0.000479034	230.000000	1.12929e-07	
240.000000	0.00038941	240.000000	0.000467775	240.000000	0.000471717	240.000000	0.000461247	240.000000	0.000466093	240.000000	0.000467667	240.000000	1.08653e-07	
250.000000	0.000380833	250.000000	0.000457216	250.000000	0.000462388	250.000000	0.000450773	250.000000	0.000456323	250.000000	0.000457111	250.000000	1.04703e-07	
260.000000	0.00037285	260.000000	0.000447384	260.000000	0.000453679	260.000000	0.000441044	260.000000	0.000447251	260.000000	0.000447283	260.000000	1.01042e-07	
270.000000	0.000365402	270.000000	0.000438211	270.000000	0.000445556	270.000000	0.000431984	270.000000	0.000438851	270.000000	0.000438113	270.000000	9.76383e-08	
280.000000	0.000358436	280.000000	0.000429632	280.000000	0.000437949	280.000000	0.00042353	280.000000	0.000430997	280.000000	0.000429538	280.000000	9.44661e-08	
290.000000	0.000351907	290.000000	0.000421593	290.000000	0.0004308 	290.000000	0.000415623	290.000000	0.000423716	290.000000	0.000421502	290.000000	9.15021e-08	
300.000000	0.000345776	300.000000	0.000414047	300.000000	0.000424086	300.000000	0.000408215	300.000000	0.000416844	300.000000	0.000413958	300.000000	8.8726e-08	
310.000000	0.000340007	310.000000	0.00040695	310.000000	0.000417759	310.000000	0.000401261	310.000000	0.000410441	310.000000	0.000406863	310.000000	8.61203e-08	
320.000000	0.00033457	320.000000	0.000400264	320.000000	0.000411775	320.000000	0.000394722	320.000000	0.000404416	320.000000	0.00040018	320.000000	8.36696e-08	
330.000000	0.000329436	330.000000	0.000393956	330.000000	0.000406147	330.000000	0.000388563	330.000000	0.000398745	330.000000	0.000393875	330.000000	8.13602e-08	
340.000000	0.000324582	340.000000	0.000387996	340.000000	0.000400838	340.000000	0.000382754	340.000000	0.000393435	340.000000	0.000387917	340.000000	7.91801e-08	
350.000000	0.000319986	350.000000	0.000382356	350.000000	0.000395798	350.000000	0.000377267	350.000000	0.000388383	350.000000	0.000382279	350.000000	7.71186e-08	
360.000000	0.000315628	360.000000	0.000377014	360.000000	0.000391005	360.000000	0.000372076	360.000000	0.000383629	360.000000	0.000376938	360.000000	7.51662e-08	
370.000000	0.00031149	370.000000	0.000371945	370.000000	0.000386453	370.000000	0.00036716	370.000000	0.000379157	370.000000	0.000371872	370.000000	7.33142e-08	
380.000000	0.000307557	380.000000	0.000367132	380.000000	0.000382143	380.000000	0.000362498	380.000000	0.000374876	380.000000	0.00036706	380.000000	7.1555e-08	
390.000000	0.000303814	390.000000	0.000362555	390.000000	0.000378051	390.000000	0.000358073	390.000000	0.000370838	390.000000	0.000362485	390.000000	6.98818e-08	
400.000000	0.000300248	400.000000	0.000358199	400.000000	0.000374148	400.000000	0.000353866	400.000000	0.000367025	400.000000	0.000358131	400.000000	6.82882e-08	
410.000000	0.000296847	410.000000	0.000354049	410.000000	0.000370417	410.000000	0.000349864	410.000000	0.000363364	410.000000	0.000353982	410.000000	6.67686e-08	
420.000000	0.000293601	420.000000	0.000350091	420.000000	0.000366849	420.000000	0.000346053	420.000000	0.000359893	420.000000	0.000350026	420.000000	6.5318e-08	
430.000000	0.000290499	430.000000	0.000346314	430.000000	0.000363445	430.000000	0.00034242	430.000000	0.000356605	430.000000	0.00034625	430.000000	6.39316e-08	
440.000000	0.000287533	440.000000	0.000342704	440.000000	0.000360207	440.000000	0.000338953	440.000000	0.000353457	440.000000	0.000342642	440.000000	6.26053e-08	
450.000000	0.000284694	450.000000	0.000339254	450.000000	0.000357114	450.000000	0.000335643	450.000000	0.000350443	450.000000	0.000339192	450.000000	6.13352e-08	
460.000000	0.000281974	460.000000	0.000335951	460.000000	0.000354146	460.000000	0.000332479	460.000000	0.000347578	460.000000	0.000335891	460.000000	6.01176e-08	
470.000000	0.000279367	470.000000	0.000332789	470.000000	0.000351296	470.000000	0.000329453	470.000000	0.000344854	470.000000	0.00033273	470.000000	5.89495e-08	
480.000000	0.000276866	480.000000	0.000329759	480.000000	0.000348566	480.000000	0.000326556	480.000000	0.00034222	480.000000	0.000329701	480.000000	5.78277e-08	
490.000000	0.000274465	490.000000	0.000326852	490.000000	0.000345952	490.000000	0.000323781	490.000000	0.000339702	490.000000	0.000326796	490.000000	5.67496e-08	
500.000000	0.000272159	500.000000	0.000324063	500.000000	0.000343441	500.000000	0.000321121	500.000000	0.0003373 	500.000000	0.000324008	500.000000	5.57125e-08	
520.000000	0.00026781	520.000000	0.000318812	520.000000	0.000338693	520.000000	0.00031612	520.000000	0.000332783	520.000000	0.000318759	520.000000	5.37526e-08	
540.000000	0.000263782	540.000000	0.000313959	540.000000	0.000334317	540.000000	0.000311507	540.000000	0.000328613	540.000000	0.000313907	540.000000	5.19312e-08	
560.000000	0.000260045	560.000000	0.000309464	560.000000	0.000330276	560.000000	0.000307241	560.000000	0.000324774	560.000000	0.000309414	560.000000	5.0234e-08	
580.000000	0.00025657	580.000000	0.000305292	580.000000	0.000326511	580.000000	0.000303289	580.000000	0.000321201	580.000000	0.000305243	580.000000	4.86485e-08	
600.000000	0.000253332	600.000000	0.000301413	600.000000	0.000322995	600.000000	0.000299619	600.000000	0.000317914	600.000000	0.000301366	600.000000	4.71638e-08	
620.000000	0.000250311	620.000000	0.000297799	620.000000	0.00031972	620.000000	0.000296206	620.000000	0.000314826	620.000000	0.000297753	620.000000	4.57707e-08	
640.000000	0.000247488	640.000000	0.000294428	640.000000	0.000316676	640.000000	0.000293025	640.000000	0.000311971	640.000000	0.000294384	640.000000	4.44606e-08	
660.000000	0.000244846	660.000000	0.000291278	660.000000	0.000313832	660.000000	0.000290056	660.000000	0.000309306	660.000000	0.000291235	660.000000	4.32263e-08	
680.000000	0.000242371	680.000000	0.000288332	680.000000	0.00031116	680.000000	0.000287281	680.000000	0.000306805	680.000000	0.00028829	680.000000	4.20614e-08	
700.000000	0.000240049	700.000000	0.000285572	700.000000	0.000308654	700.000000	0.000284684	700.000000	0.000304483	700.000000	0.000285531	700.000000	4.09601e-08	
720.000000	0.000237868	720.000000	0.000282983	720.000000	0.000306307	720.000000	0.000282249	720.000000	0.000302293	720.000000	0.000282943	720.000000	3.99171e-08	
740.000000	0.000235818	740.000000	0.000280553	740.000000	0.0003041 	740.000000	0.000279964	740.000000	0.000300238	740.000000	0.000280514	740.000000	3.89281e-08	
760.000000	0.000233889	760.000000	0.000278269	760.000000	0.000302018	760.000000	0.000277817	760.000000	0.000298322	760.000000	0.000278231	760.000000	3.79887e-08	
780.000000	0.000232073	780.000000	0.000276121	780.000000	0.000300055	780.000000	0.000275798	780.000000	0.000296506	780.000000	0.000276084	780.000000	3.70954e-08	
800.000000	0.000230362	800.000000	0.000274099	800.000000	0.000298205	800.000000	0.000273897	800.000000	0.000294796	800.000000	0.000274062	800.000000	3.62447e-08	
820.000000	0.000228749	820.000000	0.000272194	820.000000	0.000296461	820.000000	0.000272105	820.000000	0.000293195	820.000000	0.000272158	820.000000	3.54337e-08	
840.000000	0.000227226	840.000000	0.000270398	840.000000	0.000294815	840.000000	0.000270414	840.000000	0.000291681	840.000000	0.000270363	840.000000	3.46596e-08	
860.000000	0.00022579	860.000000	0.000268703	860.000000	0.00029326	860.000000	0.000268818	860.000000	0.000290239	860.000000	0.000268669	860.000000	3.39199e-08	
880.000000	0.000224433	880.000000	0.000267104	880.000000	0.00029179	880.000000	0.00026731	880.000000	0.000288879	880.000000	0.000267071	880.000000	3.32123e-08	
900.000000	0.000223151	900.000000	0.000265594	900.000000	0.000290399	900.000000	0.000265884	900.000000	0.000287602	900.000000	0.000265562	900.000000	3.25348e-08	
920.000000	0.00022194	920.000000	0.000264168	920.000000	0.000289082	920.000000	0.000264535	920.000000	0.000286373	920.000000	0.000264136	920.000000	3.18855e-08	
940.000000	0.000220795	940.000000	0.000262819	940.000000	0.000287833	940.000000	0.000263257	940.000000	0.000285214	940.000000	0.000262788	940.000000	3.12625e-08	
960.000000	0.000219712	960.000000	0.000261545	960.000000	0.000286648	960.000000	0.000262046	960.000000	0.000284124	960.000000	0.000261514	960.000000	3.06644e-08	
980.000000	0.000218689	980.000000	0.000260339	980.000000	0.000285522	980.000000	0.000260898	980.000000	0.000283094	980.000000	0.000260309	980.000000	3.00896e-08	
1000.000000	0.000217721	1000.000000	0.000259199	1000.000000	0.000284452	1000.000000	0.000259809	1000.000000	0.0002821 	1000.000000	0.000259169	1000.000000	2.95368e-08	
1020.000000	0.000216806	1020.000000	0.00025812	1020.000000	0.000283435	1020.000000	0.000258776	1020.000000	0.00028118	1020.000000	0.000258091	1020.000000	2.90047e-08	
1040.000000	0.000215941	1040.000000	0.000257099	1040.000000	0.000282469	1040.000000	0.000257795	1040.000000	0.000280312	1040.000000	0.000257071	1040.000000	2.84922e-08	
1060.000000	0.000215123	1060.000000	0.000256134	1060.000000	0.000281551	1060.000000	0.000256863	1060.000000	0.000279493	1060.000000	0.000256106	1060.000000	2.79982e-08	
1080.000000	0.00021435	1080.000000	0.00025522	1080.000000	0.000280679	1080.000000	0.000255977	1080.000000	0.000278696	1080.000000	0.000255192	1080.000000	2.75216e-08	
1100.000000	0.00021362	1100.000000	0.000254355	1100.000000	0.000279849	1100.000000	0.000255135	1100.000000	0.000277942	1100.000000	0.000254328	1100.000000	2.70617e-08	
1120.000000	0.00021293	1120.000000	0.000253537	1120.000000	0.00027906	1120.000000	0.000254334	1120.000000	0.00027723	1120.000000	0.00025351	1120.000000	2.66175e-08	
1140.000000	0.000212278	1140.000000	0.000252763	1140.000000	0.000278309	1140.000000	0.000253572	1140.000000	0.000276556	1140.000000	0.000252737	1140.000000	2.61881e-08	
1160.000000	0.000211664	1160.000000	0.000252031	1160.000000	0.000277594	1160.000000	0.000252847	1160.000000	0.000275908	1160.000000	0.000252005	1160.000000	2.5773e-08	
1180.000000	0.000211084	1180.000000	0.000251339	1180.000000	0.000276912	1180.000000	0.000252157	1180.000000	0.000275285	1180.000000	0.000251314	1180.000000	2.53713e-08	
1200.000000	0.000210537	1200.000000	0.000250685	1200.000000	0.000276262	1200.000000	0.0002515 	1200.000000	0.000274695	1200.000000	0.00025066	1200.000000	2.49824e-08	
1220.000000	0.000210023	1220.000000	0.000250068	1220.000000	0.000275641	1220.000000	0.000250874	1220.000000	0.000274137	1220.000000	0.000250043	1220.000000	2.46057e-08	
1240.000000	0.000209539	1240.000000	0.000249484	1240.000000	0.000275048	1240.000000	0.000250278	1240.000000	0.000273608	1240.000000	0.00024946	1240.000000	2.42406e-08	
1260.000000	0.000209083	1260.000000	0.000248934	1260.000000	0.000274483	1260.000000	0.000249711	1260.000000	0.000273095	1260.000000	0.00024891	1260.000000	2.38866e-08	
1280.000000	0.000208656	1280.000000	0.000248415	1280.000000	0.000273944	1280.000000	0.00024917	1280.000000	0.000272604	1280.000000	0.000248391	1280.000000	2.35432e-08	
1300.000000	0.000208256	1300.000000	0.000247926	1300.000000	0.000273431	1300.000000	0.000248654	1300.000000	0.000272139	1300.000000	0.000247902	1300.000000	2.32099e-08	
1320.000000	0.00020788	1320.000000	0.000247465	1320.000000	0.000272942	1320.000000	0.000248163	1320.000000	0.000271698	1320.000000	0.000247442	1320.000000	2.28863e-08	
1340.000000	0.00020753	1340.000000	0.000247032	1340.000000	0.000272476	1340.000000	0.000247695	1340.000000	0.00027128	1340.000000	0.000247009	1340.000000	2.25719e-08	
1360.000000	0.000207203	1360.000000	0.000246625	1360.000000	0.000272032	1360.000000	0.000247249	1360.000000	0.000270878	1360.000000	0.000246603	1360.000000	2.22664e-08	
1380.000000	0.000206898	1380.000000	0.000246243	1380.000000	0.000271609	1380.000000	0.000246824	1380.000000	0.000270488	1380.000000	0.000246221	1380.000000	2.19693e-08	
1400.000000	0.000206615	1400.000000	0.000245885	1400.000000	0.000271205	1400.000000	0.000246419	1400.000000	0.000270119	1400.000000	0.000245864	1400.000000	2.16804e-08	
1420.000000	0.000206353	1420.000000	0.000245551	1420.000000	0.00027082	1420.000000	0.000246033	1420.000000	0.00026977	1420.000000	0.000245529	1420.000000	2.13993e-08	
1440.000000	0.000206112	1440.000000	0.000245238	1440.000000	0.000270452	1440.000000	0.000245666	1440.000000	0.000269438	1440.000000	0.000245217	1440.000000	2.11256e-08	
1460.000000	0.000205889	1460.000000	0.000244946	1460.000000	0.0002701 	1460.000000	0.000245315	1460.000000	0.000269125	1460.000000	0.000244925	1460.000000	2.08591e-08	
1480.000000	0.000205685	1480.000000	0.000244675	1480.000000	0.000269765	1480.000000	0.000244981	1480.000000	0.000268818	1480.000000	0.000244654	1480.000000	2.05995e-08	
1500.000000	0.000205499	1500.000000	0.000244423	1500.000000	0.000269444	1500.000000	0.000244664	1500.000000	0.000268525	1500.000000	0.000244403	1500.000000	2.03466e-08	
1520.000000	0.00020533	1520.000000	0.000244191	1520.000000	0.000269139	1520.000000	0.000244361	1520.000000	0.000268242	1520.000000	0.00024417	1520.000000	2.01e-08  	
1540.000000	0.000205177	1540.000000	0.000243976	1540.000000	0.000268848	1540.000000	0.000244073	1540.000000	0.000267975	1540.000000	0.000243956	1540.000000	1.98595e-08	
1560.000000	0.000205041	1560.000000	0.000243778	1560.000000	0.000268571	1560.000000	0.000243799	1560.000000	0.000267723	1560.000000	0.000243759	1560.000000	1.96249e-08	
1580.000000	0.000204921	1580.000000	0.000243598	1580.000000	0.000268307	1580.000000	0.000243538	1580.000000	0.000267484	1580.000000	0.000243578	1580.000000	1.93961e-08	
1600.000000	0.000204815	1600.000000	0.000243433	1600.000000	0.000268056	1600.000000	0.000243289	1600.000000	0.000267254	1600.000000	0.000243414	1600.000000	1.91727e-08	
1620.000000	0.000204724	1620.000000	0.000243284	1620.000000	0.000267817	1620.000000	0.000243054	1620.000000	0.000267031	1620.000000	0.000243265	1620.000000	1.89546e-08	
1640.000000	0.000204647	1640.000000	0.00024315	1640.000000	0.000267591	1640.000000	0.000242829	1640.000000	0.000266822	1640.000000	0.000243131	1640.000000	1.87416e-08	
1660.000000	0.000204583	1660.000000	0.00024303	1660.000000	0.000267375	1660.000000	0.000242616	1660.000000	0.000266624	1660.000000	0.000243012	1660.000000	1.85335e-08	
1680.000000	0.000204532	1680.000000	0.000242925	1680.000000	0.000267171	1680.000000	0.000242414	1680.000000	0.000266438	1680.000000	0.000242906	1680.000000	1.83301e-08	
1700.000000	0.000204494	1700.000000	0.000242832	1700.000000	0.000266977	1700.000000	0.000242223	1700.000000	0.000266263	1700.000000	0.000242814	1700.000000	1.81313e-08	
1750.000000	0.000204453	1750.000000	0.000242658	1750.000000	0.000266534	1750.000000	0.000241786	1750.000000	0.000265859	1750.000000	0.00024264	1750.000000	1.76535e-08	
1800.000000	0.000204482	1800.000000	0.000242557	1800.000000	0.000266146	1800.000000	0.000241405	1800.000000	0.000265506	1800.000000	0.00024254	1800.000000	1.7201e-08	
1850.000000	0.000204577	1850.000000	0.000242525	1850.000000	0.000265808	1850.000000	0.000241076	1850.000000	0.000265207	1850.000000	0.000242509	1850.000000	1.6772e-08	
1900.000000	0.000204734	1900.000000	0.000242557	1900.000000	0.000265515	1900.000000	0.000240793	1900.000000	0.000264947	1900.000000	0.00024254	1900.000000	1.63647e-08	
1950.000000	0.000204947	1950.000000	0.000242646	1950.000000	0.000265264	1950.000000	0.000240552	1950.000000	0.000264725	1950.000000	0.00024263	1950.000000	1.59774e-08	
2000.000000	0.000205214	2000.000000	0.00024279	2000.000000	0.000265051	2000.000000	0.000240349	2000.000000	0.000264545	2000.000000	0.000242774	2000.000000	1.56087e-08	
2100.000000	0.000205894	2100.000000	0.000243224	2100.000000	0.000264727	2100.000000	0.000240047	2100.000000	0.000264273	2100.000000	0.000243209	2100.000000	1.49217e-08	
2200.000000	0.000206749	2200.000000	0.000243831	2200.000000	0.00026452	2200.000000	0.000239861	2200.000000	0.000264121	2200.000000	0.000243816	2200.000000	1.42947e-08	
2300.000000	0.00020776	2300.000000	0.000244588	2300.000000	0.00026441	2300.000000	0.000239774	2300.000000	0.00026405	2300.000000	0.000244575	2300.000000	1.37201e-08	
2400.000000	0.000208909	2400.000000	0.000245478	2400.000000	0.000264382	2400.000000	0.00023977	2400.000000	0.000264068	2400.000000	0.000245465	2400.000000	1.31914e-08	
2500.000000	0.000210182	2500.000000	0.000246483	2500.000000	0.000264422	2500.000000	0.000239837	2500.000000	0.000264145	2500.000000	0.000246471	2500.000000	1.27033e-08	
2600.000000	0.000211568	2600.000000	0.000247591	2600.000000	0.000264521	2600.000000	0.000239963	2600.000000	0.000264285	2600.000000	0.000247579	2600.000000	1.22513e-08	
2700.000000	0.000213055	2700.000000	0.00024879	2700.000000	0.000264671	2700.000000	0.000240141	2700.000000	0.000264466	2700.000000	0.000248778	2700.000000	1.18314e-08	
2800.000000	0.000214635	2800.000000	0.000250069	2800.000000	0.000264863	2800.000000	0.000240361	2800.000000	0.000264696	2800.000000	0.000250058	2800.000000	1.14404e-08	
2900.000000	0.0002163 	2900.000000	0.000251422	2900.000000	0.000265094	2900.000000	0.000240618	2900.000000	0.000264952	2900.000000	0.00025141	2900.000000	1.10752e-08	
3000.000000	0.000218043	3000.000000	0.000252839	3000.000000	0.000265356	3000.000000	0.000240907	3000.000000	0.000265244	3000.000000	0.000252828	3000.000000	1.07334e-08	
3200.000000	0.000221739	3200.000000	0.000255844	3200.000000	0.00026596	3200.000000	0.000241562	3200.000000	0.000265894	3200.000000	0.000255834	3200.000000	1.01115e-08	
3400.000000	0.000225685	3400.000000	0.000259042	3400.000000	0.000266645	3400.000000	0.000242295	3400.000000	0.000266618	3400.000000	0.000259032	3400.000000	9.55994e-09	
3600.000000	0.000229849	3600.000000	0.000262399	3600.000000	0.000267392	3600.000000	0.000243085	3600.000000	0.000267398	3600.000000	0.00026239	3600.000000	9.06733e-09	
3800.000000	0.000234206	3800.000000	0.00026589	3800.000000	0.000268182	3800.000000	0.000243916	3800.000000	0.00026821	3800.000000	0.000265881	3800.000000	8.6246e-09	
4000.000000	0.000238736	4000.000000	0.000269493	4000.000000	0.000269001	4000.000000	0.000244775	4000.000000	0.000269047	4000.000000	0.000269485	4000.000000	8.22446e-09	
4200.000000	0.000243422	4200.000000	0.000273192	4200.000000	0.000269836	4200.000000	0.000245652	4200.000000	0.000269904	4200.000000	0.000273184	4200.000000	7.86098e-09	
4400.000000	0.000248251	4400.000000	0.000276972	4400.000000	0.000270679	4400.000000	0.00024654	4400.000000	0.000270763	4400.000000	0.000276964	4400.000000	7.5293e-09	
4600.000000	0.000253211	4600.000000	0.000280822	4600.000000	0.000271522	4600.000000	0.000247434	4600.000000	0.00027163	4600.000000	0.000280815	4600.000000	7.22536e-09	
4800.000000	0.000258294	4800.000000	0.000284733	4800.000000	0.000272363	4800.000000	0.00024833	4800.000000	0.000272494	4800.000000	0.000284726	4800.000000	6.9458e-09	
5000.000000	0.000263491	5000.000000	0.000288696	5000.000000	0.000273198	5000.000000	0.000249223	5000.000000	0.000273355	5000.000000	0.000288689	5000.000000	6.68777e-09	
5250.000000	0.000270137	5250.000000	0.000293714	5250.000000	0.000274232	5250.000000	0.000250332	5250.000000	0.000274421	5250.000000	0.000293708	5250.000000	6.39183e-09	
5500.000000	0.00027694	5500.000000	0.000298792	5500.000000	0.000275253	5500.000000	0.000251431	5500.000000	0.000275474	5500.000000	0.000298786	5500.000000	6.1218e-09	
6000.000000	0.000290979	6000.000000	0.000309097	6000.000000	0.000277256	6000.000000	0.000253585	6000.000000	0.00027753	6000.000000	0.000309091	6000.000000	5.64681e-09	
6500.000000	0.000305551	6500.000000	0.000319554	6500.000000	0.000279212	6500.000000	0.000255671	6500.000000	0.00027951	6500.000000	0.000319549	6500.000000	5.2423e-09	
7000.000000	0.000320613	7000.000000	0.000330125	7000.000000	0.000281083	7000.000000	0.000257684	7000.000000	0.000281411	7000.000000	0.00033012	7000.000000	4.89351e-09	
7500.000000	0.000336133	7500.000000	0.00034078	7500.000000	0.000282875	7500.000000	0.000259623	7500.000000	0.000283232	7500.000000	0.000340776	7500.000000	4.58958e-09	
8000.000000	0.000352089	8000.000000	0.0003515 	8000.000000	0.000284593	8000.000000	0.000261488	8000.000000	0.000284973	8000.000000	0.000351495	8000.000000	4.32229e-09	
8500.000000	0.000368463	8500.000000	0.000362268	8500.000000	0.000286236	8500.000000	0.000263282	8500.000000	0.000286637	8500.000000	0.000362264	8500.000000	4.08533e-09	
9000.000000	0.000385241	9000.000000	0.000373072	9000.000000	0.000287809	9000.000000	0.000265008	9000.000000	0.00028823	9000.000000	0.000373068	9000.000000	3.87377e-09	
9500.000000	0.000402411	9500.000000	0.000383903	9500.000000	0.000289318	9500.000000	0.00026667	9500.000000	0.000289754	9500.000000	0.0003839 	9500.000000	3.68368e-09	
10000.000000	0.000419964	10000.000000	0.000394754	10000.000000	0.000290765	10000.000000	0.00026827	10000.000000	0.000291213	10000.000000	0.000394751	10000.000000	3.51193e-09	
11000.000000	0.000456195	11000.000000	0.000416494	11000.000000	0.000293476	11000.000000	0.000271301	11000.000000	0.000293952	11000.000000	0.000416491	11000.000000	3.21367e-09	
12000.000000	0.000493892	12000.000000	0.000438259	12000.000000	0.000295963	12000.000000	0.000274127	12000.000000	0.000296474	12000.000000	0.000438256	12000.000000	2.96345e-09	
13000.000000	0.000533025	13000.000000	0.000460027	13000.000000	0.000298274	13000.000000	0.000276771	13000.000000	0.000298804	13000.000000	0.000460024	13000.000000	2.75042e-09	
14000.000000	0.000573577	14000.000000	0.000481784	14000.000000	0.000300443	14000.000000	0.000279254	14000.000000	0.000300964	14000.000000	0.000481782	14000.000000	2.56679e-09	
15000.000000	0.000615535	15000.000000	0.000503521	15000.000000	0.000302474	15000.000000	0.000281592	15000.000000	0.000302971	15000.000000	0.000503519	15000.000000	2.40683e-09	
16000.000000	0.00065889	16000.000000	0.000525232	16000.000000	0.000304353	16000.000000	0.0002838 	16000.000000	0.000304842	16000.000000	0.000525229	16000.000000	2.26618e-09	
17000.000000	0.000703639	17000.000000	0.000546912	17000.000000	0.000306088	17000.000000	0.000285892	17000.000000	0.000306592	17000.000000	0.00054691	17000.000000	2.14152e-09	
18000.000000	0.000749778	18000.000000	0.000568559	18000.000000	0.000307699	18000.000000	0.000287878	18000.000000	0.000308231	18000.000000	0.000568557	18000.000000	2.03025e-09	
19000.000000	0.000797306	19000.000000	0.000590171	19000.000000	0.000309206	19000.000000	0.000289769	19000.000000	0.00030977	19000.000000	0.000590169	19000.000000	1.93029e-09	
20000.000000	0.000846226	20000.000000	0.000611747	20000.000000	0.000310627	20000.000000	0.000291572	20000.000000	0.000311219	20000.000000	0.000611746	20000.000000	1.83999e-09	
21000.000000	0.000896539	21000.000000	0.000633288	21000.000000	0.000311976	21000.000000	0.000293296	21000.000000	0.000312585	21000.000000	0.000633286	21000.000000	1.75801e-09	
22000.000000	0.000948247	22000.000000	0.000654792	22000.000000	0.000313263	22000.000000	0.000294947	22000.000000	0.000313875	22000.000000	0.00065479	22000.000000	1.68322e-09	
23000.000000	0.00100135	23000.000000	0.000676259	23000.000000	0.000314478	23000.000000	0.00029653	23000.000000	0.000315097	23000.000000	0.000676258	23000.000000	1.61473e-09	
24000.000000	0.00105587	24000.000000	0.000697692	24000.000000	0.000315628	24000.000000	0.000298051	24000.000000	0.000316255	24000.000000	0.00069769	24000.000000	1.55175e-09	
25000.000000	0.00111179	25000.000000	0.000719089	25000.000000	0.000316724	25000.000000	0.000299515	25000.000000	0.000317354	25000.000000	0.000719087	25000.000000	1.49363e-09	
26000.000000	0.00116912	26000.000000	0.000740451	26000.000000	0.000317768	26000.000000	0.000300925	26000.000000	0.000318399	26000.000000	0.000740449	26000.000000	1.43984e-09	
27000.000000	0.00122787	27000.000000	0.000761779	27000.000000	0.000318763	27000.000000	0.000302286	27000.000000	0.000319394	27000.000000	0.000761778	27000.000000	1.38991e-09	
28000.000000	0.00128805	28000.000000	0.000783074	28000.000000	0.000319708	28000.000000	0.0003036 	28000.000000	0.000320342	28000.000000	0.000783073	28000.000000	1.34342e-09	
29000.000000	0.00134966	29000.000000	0.000804336	29000.000000	0.000320608	29000.000000	0.000304871	29000.000000	0.000321248	29000.000000	0.000804335	29000.000000	1.30002e-09	
30000.000000	0.0014127 	30000.000000	0.000825566	30000.000000	0.000321467	30000.000000	0.000306101	30000.000000	0.000322113	30000.000000	0.000825565	30000.000000	1.25943e-09	
32000.000000	0.00154313	32000.000000	0.000867933	32000.000000	0.000323078	32000.000000	0.000308449	32000.000000	0.000323733	32000.000000	0.000867932	32000.000000	1.18561e-09	
34000.000000	0.00167939	34000.000000	0.000910181	34000.000000	0.000324568	34000.000000	0.000310662	34000.000000	0.000325223	34000.000000	0.00091018	34000.000000	1.12019e-09	
36000.000000	0.00182154	36000.000000	0.000952315	36000.000000	0.000325939	36000.000000	0.000312754	36000.000000	0.000326598	36000.000000	0.000952313	36000.000000	1.0618e-09	
38000.000000	0.00196964	38000.000000	0.000994339	38000.000000	0.000327202	38000.000000	0.000314738	38000.000000	0.000327871	38000.000000	0.000994338	38000.000000	1.00937e-09	
40000.000000	0.00212374	40000.000000	0.00103626	40000.000000	0.000328372	40000.000000	0.000316623	40000.000000	0.000329055	40000.000000	0.00103626	40000.000000	9.62009e-10	
42000.000000	0.00228391	42000.000000	0.00107808	42000.000000	0.000329465	42000.000000	0.000318421	42000.000000	0.000330161	42000.000000	0.00107808	42000.000000	9.19016e-10	
44000.000000	0.00245021	44000.000000	0.0011198 	44000.000000	0.000330495	44000.000000	0.000320137	44000.000000	0.000331191	44000.000000	0.0011198 	44000.000000	8.79806e-10	
46000.000000	0.00262271	46000.000000	0.00116144	46000.000000	0.000331475	46000.000000	0.00032178	46000.000000	0.000332166	46000.000000	0.00116143	46000.000000	8.43896e-10	
48000.000000	0.00280147	48000.000000	0.00120298	48000.000000	0.000332408	48000.000000	0.000323355	48000.000000	0.000333076	48000.000000	0.00120298	48000.000000	8.10884e-10	
50000.000000	0.00298655	50000.000000	0.00124444	50000.000000	0.000333286	50000.000000	0.000324867	50000.000000	0.000333942	50000.000000	0.00124444	50000.000000	7.80428e-10	
