! 51Sc energy loss (dE/dX) in He
! apply ZOOM for details
Energy (MeV/u)1	0 - [He-base] F.Hubert et al, AD&ND Tables 46(1990)1	Energy (MeV/u)2	1 - [H -base] J.F.Ziegler et al,Pergamon Press,NY(low energy)	Energy (MeV/u)3	2 - ATIMA 1.2 LS-theory (recommended for high energy)	Energy (MeV/u)4	3 - ATIMA 1.2 without LS-correction	Energy (MeV/u)5	4 - ATIMA 1.4 H.Weick, improved mean charge formula for HI	Energy (MeV/u)6	5 - electrical component of [1] - J.F.Ziegler et al	Energy (MeV/u)7	6 - nuclear component of [1] - J.F.Ziegler et al	
0.001000	6.02241   	0.001000	6.5668    	0.001000	6.57339   	0.001000	6.57339   	0.001000	6.57379   	0.001000	1.57692   	0.001000	4.98988   	
0.002000	6.05203   	0.002000	6.21449   	0.002000	6.40883   	0.002000	6.40883   	0.002000	6.40912   	0.002000	2.04502   	0.002000	4.16947   	
0.005000	6.20528   	0.005000	5.73655   	0.005000	6.39368   	0.005000	6.39368   	0.005000	6.39384   	0.005000	2.88353   	0.005000	2.85303   	
0.008000	6.48965   	0.008000	5.66423   	0.008000	6.70352   	0.008000	6.70352   	0.008000	6.70363   	0.008000	3.43929   	0.008000	2.22494   	
0.010000	6.69682   	0.010000	5.69551   	0.010000	6.96323   	0.010000	6.96323   	0.010000	6.96332   	0.010000	3.73947   	0.010000	1.95604   	
0.015000	7.54908   	0.015000	5.87774   	0.015000	7.65669   	0.015000	7.65669   	0.015000	7.65676   	0.015000	4.35356   	0.015000	1.52418   	
0.020000	8.3793    	0.020000	6.11287   	0.020000	8.34459   	0.020000	8.34459   	0.020000	8.34464   	0.020000	4.8495    	0.020000	1.26338   	
0.025000	9.37384   	0.025000	6.40914   	0.025000	9.00479   	0.025000	9.00479   	0.025000	9.00483   	0.025000	5.32276   	0.025000	1.08638   	
0.030000	10.2923   	0.030000	7.6468    	0.030000	9.83404   	0.030000	9.83404   	0.030000	9.83408   	0.030000	6.68951   	0.030000	0.957298  	
0.035000	11.1055   	0.035000	8.86313   	0.035000	10.6619   	0.035000	10.6619   	0.035000	10.662    	0.035000	8.01269   	0.035000	0.850447  	
0.040000	11.8125   	0.040000	10.0348   	0.040000	11.4989   	0.040000	11.4989   	0.040000	11.499    	0.040000	9.26184   	0.040000	0.772925  	
0.045000	12.3984   	0.045000	11.1409   	0.045000	12.3313   	0.045000	12.3313   	0.045000	12.3313   	0.045000	10.4313   	0.045000	0.709613  	
0.050000	12.8613   	0.050000	12.1865   	0.050000	13.1558   	0.050000	13.1558   	0.050000	13.1559   	0.050000	11.5297   	0.050000	0.656821  	
0.055000	13.6052   	0.055000	13.1818   	0.055000	13.9699   	0.055000	13.9699   	0.055000	13.9699   	0.055000	12.5697   	0.055000	0.612051  	
0.060000	14.277    	0.060000	14.1365   	0.060000	14.7714   	0.060000	14.7714   	0.060000	14.7714   	0.060000	13.563    	0.060000	0.573551  	
0.070000	15.4102   	0.070000	15.9496   	0.070000	16.3295   	0.070000	16.3295   	0.070000	16.3296   	0.070000	15.439    	0.070000	0.510603  	
0.080000	16.6147   	0.080000	17.6529   	0.080000	17.8191   	0.080000	17.8191   	0.080000	17.8191   	0.080000	17.1917   	0.080000	0.46117   	
0.090000	17.638    	0.090000	19.2514   	0.090000	19.2321   	0.090000	19.2321   	0.090000	19.2321   	0.090000	18.8302   	0.090000	0.421213  	
0.100000	18.5169   	0.100000	20.7443   	0.100000	20.5637   	0.100000	20.5637   	0.100000	20.5637   	0.100000	20.3562   	0.100000	0.388176  	
0.120000	19.5066   	0.120000	23.4155   	0.120000	22.9735   	0.120000	22.9735   	0.120000	22.9736   	0.120000	23.079    	0.120000	0.33658   	
0.140000	20.2589   	0.140000	25.692    	0.140000	25.0477   	0.140000	25.0477   	0.140000	25.0478   	0.140000	25.394    	0.140000	0.297991  	
0.160000	20.9183   	0.160000	27.6216   	0.160000	26.8053   	0.160000	26.8053   	0.160000	26.8053   	0.160000	27.3536   	0.160000	0.267938  	
0.180000	21.5546   	0.180000	29.2574   	0.180000	28.2765   	0.180000	28.2765   	0.180000	28.2766   	0.180000	29.0136   	0.180000	0.24381   	
0.200000	22.1964   	0.200000	30.6487   	0.200000	29.4968   	0.200000	29.4968   	0.200000	29.4968   	0.200000	30.4247   	0.200000	0.223971  	
0.250000	23.1008   	0.250000	33.3138   	0.250000	31.6797   	0.250000	31.6797   	0.250000	31.6797   	0.250000	33.1269   	0.250000	0.186873  	
0.300000	24.1625   	0.300000	35.2803   	0.300000	32.9969   	0.300000	32.9969   	0.300000	32.9969   	0.300000	35.1193   	0.300000	0.160968  	
0.350000	25.35     	0.350000	37.2428   	0.350000	33.7904   	0.350000	33.7904   	0.350000	33.7904   	0.350000	37.1011   	0.350000	0.14177   	
0.400000	26.3434   	0.400000	38.6481   	0.400000	34.4904   	0.400000	34.4904   	0.400000	34.4905   	0.400000	38.5212   	0.400000	0.126927  	
0.450000	27.1648   	0.450000	39.6547   	0.450000	36.637    	0.450000	36.637    	0.450000	36.637    	0.450000	39.5396   	0.450000	0.115081  	
0.500000	27.8372   	0.500000	40.3696   	0.500000	37.1907   	0.500000	37.1907   	0.500000	37.1907   	0.500000	40.2642   	0.500000	0.10539   	
0.600000	28.5659   	0.600000	42.2318   	0.600000	37.768    	0.600000	37.768    	0.600000	37.768    	0.600000	42.1414   	0.600000	0.0904447 	
0.700000	28.7075   	0.700000	43.5154   	0.700000	38.006    	0.700000	38.006    	0.700000	38.0061   	0.700000	43.436    	0.700000	0.0794228 	
0.800000	29.544    	0.800000	44.2338   	0.800000	38.0502   	0.800000	38.0502   	0.800000	38.0502   	0.800000	44.1629   	0.800000	0.0709342 	
0.900000	30.0163   	0.900000	44.4825   	0.900000	37.9696   	0.900000	37.9696   	0.900000	37.9696   	0.900000	44.4183   	0.900000	0.064181  	
1.000000	30.1026   	1.000000	44.0957   	1.000000	37.8021   	1.000000	37.8021   	1.000000	37.8021   	1.000000	44.037    	1.000000	0.0586714 	
1.250000	29.8232   	1.250000	42.7626   	1.250000	37.1406   	1.250000	37.1406   	1.250000	37.1407   	1.250000	42.7141   	1.250000	0.0484763 	
1.500000	29.1735   	1.500000	41.187    	1.500000	36.2588   	1.500000	36.2588   	1.500000	36.2588   	1.500000	41.1455   	1.500000	0.041445  	
1.750000	28.1381   	1.750000	39.1691   	1.750000	35.0161   	1.750000	35.0161   	1.750000	35.0161   	1.750000	39.1328   	1.750000	0.0362838 	
2.000000	27.1041   	2.000000	37.3279   	2.000000	33.8698   	2.000000	33.8698   	2.000000	33.8698   	2.000000	37.2956   	2.000000	0.032324  	
2.250000	26.1075   	2.250000	35.5757   	2.250000	32.8008   	2.250000	32.8008   	2.250000	32.8009   	2.250000	35.5466   	2.250000	0.0291838 	
2.500000	29.0682   	2.500000	34.0575   	2.500000	31.7985   	2.500000	31.7985   	2.500000	31.7985   	2.500000	34.0309   	2.500000	0.0266288 	
3.000000	27.1899   	3.000000	31.2411   	3.000000	29.967    	3.000000	29.967    	3.000000	29.967    	3.000000	31.2184   	3.000000	0.0227147 	
3.500000	25.4987   	3.500000	29.1491   	3.500000	28.3345   	3.500000	28.3345   	3.500000	28.3345   	3.500000	29.1293   	3.500000	0.0198495 	
4.000000	23.9919   	4.000000	27.4577   	4.000000	26.871    	4.000000	26.871    	4.000000	26.871    	4.000000	27.4401   	4.000000	0.0176561 	
4.500000	22.6508   	4.500000	25.9691   	4.500000	25.5525   	4.500000	25.5525   	4.500000	25.5525   	4.500000	25.9532   	4.500000	0.01592   	
5.000000	21.4541   	5.000000	24.6462   	5.000000	24.3587   	5.000000	24.3587   	5.000000	24.3587   	5.000000	24.6317   	5.000000	0.0145097 	
5.500000	20.3818   	5.500000	23.4547   	5.500000	23.2731   	5.500000	23.2731   	5.500000	23.2731   	5.500000	23.4413   	5.500000	0.0133401 	
6.000000	19.4167   	6.000000	22.3749   	6.000000	22.2815   	6.000000	22.2815   	6.000000	22.2816   	6.000000	22.3625   	6.000000	0.0123534 	
6.500000	18.544    	6.500000	21.3916   	6.500000	21.3724   	6.500000	21.3724   	6.500000	21.3724   	6.500000	21.3801   	6.500000	0.0115093 	
7.000000	17.7513   	7.000000	20.4919   	7.000000	20.5357   	7.000000	20.5357   	7.000000	20.5358   	7.000000	20.4811   	7.000000	0.0107785 	
7.500000	17.0282   	7.500000	19.6653   	7.500000	19.7632   	7.500000	19.7632   	7.500000	19.7632   	7.500000	19.6552   	7.500000	0.0101393 	
8.000000	16.366    	8.000000	18.9034   	8.000000	19.0476   	8.000000	19.0476   	8.000000	19.0476   	8.000000	18.8938   	8.000000	0.00957514	
8.500000	15.7572   	8.500000	18.1987   	8.500000	18.3828   	8.500000	18.3828   	8.500000	18.3828   	8.500000	18.1896   	8.500000	0.00907339	
9.000000	15.1956   	9.000000	17.545    	9.000000	17.7635   	9.000000	17.7635   	9.000000	17.7635   	9.000000	17.5364   	9.000000	0.00862407	
9.500000	14.6759   	9.500000	16.937    	9.500000	17.1852   	9.500000	17.1852   	9.500000	17.1852   	9.500000	16.9288   	9.500000	0.00821925	
10.000000	14.1935   	10.000000	15.689    	10.000000	16.6439   	10.000000	16.6439   	10.000000	16.6439   	10.000000	15.6811   	10.000000	0.00785251	
11.000000	13.3255   	11.000000	14.9057   	11.000000	15.5969   	11.000000	15.6752   	11.000000	15.6859   	11.000000	14.8985   	11.000000	0.00721336	
12.000000	12.566    	12.000000	14.1947   	12.000000	14.6808   	12.000000	14.8186   	12.000000	14.8325   	12.000000	14.188    	12.000000	0.00667476	
13.000000	11.8956   	13.000000	13.5477   	13.000000	13.8729   	13.000000	14.0561   	13.000000	14.0686   	13.000000	13.5415   	13.000000	0.00621441	
14.000000	11.2993   	14.000000	12.9574   	14.000000	13.1558   	14.000000	13.3736   	14.000000	13.3816   	14.000000	12.9515   	14.000000	0.00581617	
15.000000	10.7653   	15.000000	12.417    	15.000000	12.5153   	15.000000	12.7593   	15.000000	12.7611   	15.000000	12.4116   	15.000000	0.00546808	
16.000000	10.284    	16.000000	11.921    	16.000000	11.9402   	16.000000	12.2039   	16.000000	12.1986   	16.000000	11.9158   	16.000000	0.0051611 	
17.000000	9.84799   	17.000000	11.4642   	17.000000	11.4213   	17.000000	11.6997   	17.000000	11.6869   	17.000000	11.4593   	17.000000	0.00488826	
18.000000	9.45099   	18.000000	11.0423   	18.000000	10.9513   	18.000000	11.2401   	18.000000	11.2194   	18.000000	11.0377   	18.000000	0.00464407	
19.000000	9.08791   	19.000000	10.6517   	19.000000	10.5239   	19.000000	10.8199   	19.000000	10.7916   	19.000000	10.6472   	19.000000	0.00442418	
20.000000	8.75451   	20.000000	10.2889   	20.000000	10.1335   	20.000000	10.4343   	20.000000	10.399    	20.000000	10.2847   	20.000000	0.00422509	
21.000000	8.44722   	21.000000	9.95132   	21.000000	9.77589   	21.000000	10.0797   	21.000000	10.0372   	21.000000	9.94728   	21.000000	0.00404392	
22.000000	8.16304   	22.000000	9.63633   	22.000000	9.44775   	22.000000	9.75249   	22.000000	9.70376   	22.000000	9.63245   	22.000000	0.00387834	
23.000000	7.89941   	23.000000	9.34178   	23.000000	9.14583   	23.000000	9.45001   	23.000000	9.39526   	23.000000	9.33806   	23.000000	0.00372638	
24.000000	7.65413   	24.000000	9.06578   	24.000000	8.86718   	24.000000	9.16972   	24.000000	9.10961   	24.000000	9.0622    	24.000000	0.00358641	
25.000000	7.42533   	25.000000	8.80665   	25.000000	8.60929   	25.000000	8.90949   	25.000000	8.84444   	25.000000	8.8032    	25.000000	0.00345703	
27.000000	7.0108    	27.000000	8.33321   	27.000000	8.14779   	27.000000	8.44187   	27.000000	8.36841   	27.000000	8.32999   	27.000000	0.00322553	
29.000000	6.64508   	29.000000	7.91145   	29.000000	7.7489    	29.000000	8.03464   	29.000000	7.95457   	29.000000	7.90843   	29.000000	0.00302433	
31.000000	6.31988   	31.000000	7.53339   	31.000000	7.39301   	31.000000	7.65543   	31.000000	7.57448   	31.000000	7.53054   	31.000000	0.00284776	
33.000000	6.02872   	33.000000	7.1926    	33.000000	7.06507   	33.000000	7.29538   	33.000000	7.21856   	33.000000	7.18991   	33.000000	0.0026915 	
35.000000	5.76642   	35.000000	6.88385   	35.000000	6.76735   	35.000000	6.97059   	35.000000	6.89816   	35.000000	6.8813    	35.000000	0.0025522 	
38.000000	5.41821   	38.000000	6.4716    	38.000000	6.36974   	38.000000	6.53897   	38.000000	6.47331   	38.000000	6.46923   	38.000000	0.00236937	
41.000000	5.11476   	41.000000	6.11036   	41.000000	6.02049   	41.000000	6.16261   	41.000000	6.1036    	41.000000	6.10815   	41.000000	0.00221198	
44.000000	4.84784   	44.000000	5.79122   	44.000000	5.71147   	44.000000	5.83152   	44.000000	5.77888   	44.000000	5.78915   	44.000000	0.002075  	
47.000000	4.6111    	47.000000	5.50725   	47.000000	5.43646   	47.000000	5.538     	47.000000	5.49136   	47.000000	5.50529   	47.000000	0.00195466	
50.000000	4.39962   	50.000000	5.25294   	50.000000	5.1894    	50.000000	5.27597   	50.000000	5.23498   	50.000000	5.25109   	50.000000	0.00184805	
55.000000	4.09302   	55.000000	4.88339   	55.000000	4.83022   	55.000000	4.8966    	55.000000	4.86396   	55.000000	4.88169   	55.000000	0.00169498	
60.000000	3.83234   	60.000000	4.56864   	60.000000	4.52396   	60.000000	4.57473   	60.000000	4.54932   	60.000000	4.56707   	60.000000	0.00156624	
65.000000	3.60781   	65.000000	4.29734   	65.000000	4.25969   	65.000000	4.29818   	65.000000	4.27899   	65.000000	4.29589   	65.000000	0.00145638	
70.000000	3.41228   	70.000000	4.06108   	70.000000	4.02945   	70.000000	4.05799   	70.000000	4.04412   	70.000000	4.05971   	70.000000	0.00136148	
75.000000	3.24036   	75.000000	3.85346   	75.000000	3.82656   	75.000000	3.8474    	75.000000	3.83813   	75.000000	3.85218   	75.000000	0.00127865	
80.000000	3.08795   	80.000000	3.66957   	80.000000	3.64692   	80.000000	3.66124   	80.000000	3.65595   	80.000000	3.66836   	80.000000	0.00120569	
85.000000	2.95184   	85.000000	3.50556   	85.000000	3.48634   	85.000000	3.49548   	85.000000	3.49356   	85.000000	3.50441   	85.000000	0.00114091	
90.000000	2.82949   	90.000000	3.35835   	90.000000	3.34187   	90.000000	3.34693   	90.000000	3.3479    	90.000000	3.35727   	90.000000	0.001083  	
95.000000	2.71888   	95.000000	3.2255    	95.000000	3.21156   	95.000000	3.21303   	95.000000	3.21657   	95.000000	3.22447   	95.000000	0.00103091	
100.000000	2.61836   	100.000000	3.10499   	100.000000	3.09339   	100.000000	3.09172   	100.000000	3.09747   	100.000000	3.10401   	100.000000	0.000983789	
105.000000	2.52658   	105.000000	2.99518   	105.000000	2.98576   	105.000000	2.98128   	105.000000	2.98892   	105.000000	2.99424   	105.000000	0.000940948	
110.000000	2.44243   	110.000000	2.89469   	110.000000	2.88707   	110.000000	2.88032   	110.000000	2.8897    	110.000000	2.89379   	110.000000	0.000901824	
115.000000	2.36497   	115.000000	2.80239   	115.000000	2.79611   	115.000000	2.78765   	115.000000	2.79846   	115.000000	2.80153   	115.000000	0.000865948	
120.000000	2.29341   	120.000000	2.71732   	120.000000	2.7124    	120.000000	2.70231   	120.000000	2.71444   	120.000000	2.71648   	120.000000	0.000832924	
125.000000	2.22709   	125.000000	2.63864   	125.000000	2.6351    	125.000000	2.62345   	125.000000	2.63669   	125.000000	2.63784   	125.000000	0.000802423	
130.000000	2.16545   	130.000000	2.56567   	130.000000	2.5632    	130.000000	2.55036   	130.000000	2.56463   	130.000000	2.5649    	130.000000	0.000774162	
135.000000	2.10798   	135.000000	2.49781   	135.000000	2.49635   	135.000000	2.48242   	135.000000	2.49755   	135.000000	2.49706   	135.000000	0.0007479 	
140.000000	2.05428   	140.000000	2.43454   	140.000000	2.43407   	140.000000	2.41911   	140.000000	2.43508   	140.000000	2.43381   	140.000000	0.000723429	
145.000000	2.00398   	145.000000	2.3754    	145.000000	2.37581   	145.000000	2.35998   	145.000000	2.3766    	145.000000	2.3747    	145.000000	0.00070057	
150.000000	1.95674   	150.000000	2.32      	150.000000	2.32109   	150.000000	2.30462   	150.000000	2.32188   	150.000000	2.31932   	150.000000	0.000679166	
155.000000	1.88998   	155.000000	2.268     	155.000000	2.26974   	155.000000	2.25268   	155.000000	2.27048   	155.000000	2.26734   	155.000000	0.000659082	
160.000000	1.85096   	160.000000	2.21909   	160.000000	2.22147   	160.000000	2.20386   	160.000000	2.22214   	160.000000	2.21845   	160.000000	0.000640197	
165.000000	1.81415   	165.000000	2.17301   	165.000000	2.17599   	165.000000	2.15788   	165.000000	2.17663   	165.000000	2.17239   	165.000000	0.000622405	
170.000000	1.77935   	170.000000	2.12952   	170.000000	2.13308   	170.000000	2.1145    	170.000000	2.13362   	170.000000	2.12892   	170.000000	0.000605613	
175.000000	1.74641   	175.000000	2.08841   	175.000000	2.09252   	175.000000	2.07352   	175.000000	2.09299   	175.000000	2.08782   	175.000000	0.000589738	
180.000000	1.71518   	180.000000	2.04948   	180.000000	2.05412   	180.000000	2.03473   	180.000000	2.05452   	180.000000	2.0489    	180.000000	0.000574706	
185.000000	1.68552   	185.000000	2.01256   	185.000000	2.01773   	185.000000	1.99797   	185.000000	2.01802   	185.000000	2.012     	185.000000	0.00056045	
190.000000	1.65732   	190.000000	1.97751   	190.000000	1.98319   	190.000000	1.96308   	190.000000	1.98339   	190.000000	1.97696   	190.000000	0.000546912	
195.000000	1.63047   	195.000000	1.94419   	195.000000	1.9503    	195.000000	1.92992   	195.000000	1.95046   	195.000000	1.94365   	195.000000	0.000534037	
200.000000	1.60488   	200.000000	1.91247   	200.000000	1.91893   	200.000000	1.89838   	200.000000	1.9191    	200.000000	1.91194   	200.000000	0.000521777	
210.000000	1.55713   	210.000000	1.85339   	210.000000	1.86053   	210.000000	1.83967   	210.000000	1.86075   	210.000000	1.85289   	210.000000	0.000498934	
220.000000	1.51346   	220.000000	1.7995    	220.000000	1.8073    	220.000000	1.78617   	220.000000	1.80749   	220.000000	1.79902   	220.000000	0.000478079	
230.000000	1.47336   	230.000000	1.75015   	230.000000	1.75858   	230.000000	1.73721   	230.000000	1.75875   	230.000000	1.74969   	230.000000	0.000458959	
240.000000	1.43642   	240.000000	1.70478   	240.000000	1.71382   	240.000000	1.69226   	240.000000	1.71395   	240.000000	1.70434   	240.000000	0.000441365	
250.000000	1.40227   	250.000000	1.66295   	250.000000	1.67257   	250.000000	1.65083   	250.000000	1.67266   	250.000000	1.66252   	250.000000	0.000425118	
260.000000	1.37061   	260.000000	1.62424   	260.000000	1.63445   	260.000000	1.61255   	260.000000	1.63446   	260.000000	1.62383   	260.000000	0.000410068	
270.000000	1.34117   	270.000000	1.58834   	270.000000	1.59906   	270.000000	1.57707   	270.000000	1.59906   	270.000000	1.58795   	270.000000	0.000396086	
280.000000	1.31372   	280.000000	1.55495   	280.000000	1.56607   	280.000000	1.5441    	280.000000	1.56613   	280.000000	1.55456   	280.000000	0.00038306	
290.000000	1.28808   	290.000000	1.52381   	290.000000	1.53546   	290.000000	1.51339   	290.000000	1.53546   	290.000000	1.52344   	290.000000	0.000370894	
300.000000	1.26407   	300.000000	1.49472   	300.000000	1.50682   	300.000000	1.48472   	300.000000	1.50679   	300.000000	1.49436   	300.000000	0.000359505	
310.000000	1.24155   	310.000000	1.46747   	310.000000	1.47995   	310.000000	1.4579    	310.000000	1.47998   	310.000000	1.46712   	310.000000	0.00034882	
320.000000	1.22037   	320.000000	1.44191   	320.000000	1.45477   	320.000000	1.43276   	320.000000	1.45482   	320.000000	1.44157   	320.000000	0.000338775	
330.000000	1.20042   	330.000000	1.41788   	330.000000	1.43111   	330.000000	1.40914   	330.000000	1.43119   	330.000000	1.41755   	330.000000	0.000329313	
340.000000	1.18161   	340.000000	1.39525   	340.000000	1.40888   	340.000000	1.38693   	340.000000	1.40897   	340.000000	1.39493   	340.000000	0.000320385	
350.000000	1.16383   	350.000000	1.37391   	350.000000	1.38801   	350.000000	1.366     	350.000000	1.388     	350.000000	1.3736    	350.000000	0.000311945	
360.000000	1.14701   	360.000000	1.35375   	360.000000	1.36827   	360.000000	1.34625   	360.000000	1.36821   	360.000000	1.35345   	360.000000	0.000303954	
370.000000	1.13107   	370.000000	1.33469   	370.000000	1.34955   	370.000000	1.32758   	370.000000	1.34952   	370.000000	1.33439   	370.000000	0.000296378	
380.000000	1.11594   	380.000000	1.31662   	380.000000	1.33183   	380.000000	1.30992   	380.000000	1.3318    	380.000000	1.31634   	380.000000	0.000289184	
390.000000	1.10157   	390.000000	1.29949   	390.000000	1.31506   	390.000000	1.29318   	390.000000	1.31502   	390.000000	1.29921   	390.000000	0.000282343	
400.000000	1.08791   	400.000000	1.28323   	400.000000	1.29915   	400.000000	1.2773    	400.000000	1.2991    	400.000000	1.28295   	400.000000	0.00027583	
410.000000	1.0749    	410.000000	1.26777   	410.000000	1.28402   	410.000000	1.26221   	410.000000	1.28396   	410.000000	1.2675    	410.000000	0.000269622	
420.000000	1.06249   	420.000000	1.25305   	420.000000	1.26958   	420.000000	1.24787   	420.000000	1.26957   	420.000000	1.25279   	420.000000	0.000263697	
430.000000	1.05066   	430.000000	1.23903   	430.000000	1.25583   	430.000000	1.23422   	430.000000	1.25588   	430.000000	1.23877   	430.000000	0.000258036	
440.000000	1.03936   	440.000000	1.22566   	440.000000	1.24276   	440.000000	1.22121   	440.000000	1.24282   	440.000000	1.22541   	440.000000	0.000252622	
450.000000	1.02856   	450.000000	1.2129    	450.000000	1.23032   	450.000000	1.20881   	450.000000	1.23036   	450.000000	1.21265   	450.000000	0.000247439	
460.000000	1.01823   	460.000000	1.20071   	460.000000	1.21844   	460.000000	1.19697   	460.000000	1.21847   	460.000000	1.20046   	460.000000	0.000242472	
470.000000	1.00834   	470.000000	1.18905   	470.000000	1.20709   	470.000000	1.18566   	470.000000	1.20712   	470.000000	1.18881   	470.000000	0.000237708	
480.000000	0.998855  	480.000000	1.17789   	480.000000	1.19624   	480.000000	1.17484   	480.000000	1.19624   	480.000000	1.17766   	480.000000	0.000233134	
490.000000	0.989765  	490.000000	1.16721   	490.000000	1.18587   	490.000000	1.16449   	490.000000	1.18584   	490.000000	1.16698   	490.000000	0.000228739	
500.000000	0.981042  	500.000000	1.15697   	500.000000	1.17591   	500.000000	1.15458   	500.000000	1.17588   	500.000000	1.15675   	500.000000	0.000224512	
520.000000	0.964619  	520.000000	1.13773   	520.000000	1.15715   	520.000000	1.13597   	520.000000	1.15717   	520.000000	1.13752   	520.000000	0.000216527	
540.000000	0.949438  	540.000000	1.11999   	540.000000	1.1399    	540.000000	1.11884   	540.000000	1.13994   	540.000000	1.11978   	540.000000	0.00020911	
560.000000	0.935374  	560.000000	1.10359   	560.000000	1.12403   	560.000000	1.10302   	560.000000	1.12403   	560.000000	1.10339   	560.000000	0.000202202	
580.000000	0.922317  	580.000000	1.08839   	580.000000	1.10935   	580.000000	1.08839   	580.000000	1.1093    	580.000000	1.0882    	580.000000	0.000195751	
600.000000	0.910172  	600.000000	1.07429   	600.000000	1.09566   	600.000000	1.07482   	600.000000	1.09564   	600.000000	1.0741    	600.000000	0.000189714	
620.000000	0.898855  	620.000000	1.06117   	620.000000	1.08293   	620.000000	1.06221   	620.000000	1.08294   	620.000000	1.06099   	620.000000	0.00018405	
640.000000	0.888293  	640.000000	1.04895   	640.000000	1.07114   	640.000000	1.05047   	640.000000	1.07112   	640.000000	1.04877   	640.000000	0.000178726	
660.000000	0.87842   	660.000000	1.03755   	660.000000	1.06014   	660.000000	1.03953   	660.000000	1.0601    	660.000000	1.03737   	660.000000	0.000173712	
680.000000	0.869179  	680.000000	1.02689   	680.000000	1.04983   	680.000000	1.02931   	680.000000	1.0498    	680.000000	1.02672   	680.000000	0.000168981	
700.000000	0.860519  	700.000000	1.01692   	700.000000	1.04015   	700.000000	1.01975   	700.000000	1.04017   	700.000000	1.01675   	700.000000	0.00016451	
720.000000	0.852393  	720.000000	1.00757   	720.000000	1.0311    	720.000000	1.0108    	720.000000	1.03114   	720.000000	1.00741   	720.000000	0.000160278	
740.000000	0.844762  	740.000000	0.99881   	740.000000	1.02263   	740.000000	1.0024    	740.000000	1.02267   	740.000000	0.998654  	740.000000	0.000156265	
760.000000	0.837588  	760.000000	0.990582  	760.000000	1.01471   	760.000000	0.99452   	760.000000	1.01472   	760.000000	0.990429  	760.000000	0.000152456	
780.000000	0.830838  	780.000000	0.982848  	780.000000	1.00726   	780.000000	0.98711   	780.000000	1.00724   	780.000000	0.982699  	780.000000	0.000148834	
800.000000	0.824481  	800.000000	0.975573  	800.000000	1.00023   	800.000000	0.980136  	800.000000	1.0002    	800.000000	0.975427  	800.000000	0.000145386	
820.000000	0.818491  	820.000000	0.968723  	820.000000	0.993581  	820.000000	0.973567  	820.000000	0.993577  	820.000000	0.968581  	820.000000	0.000142099	
840.000000	0.812843  	840.000000	0.96227   	840.000000	0.987307  	840.000000	0.967373  	840.000000	0.987324  	840.000000	0.962131  	840.000000	0.000138963	
860.000000	0.807515  	860.000000	0.956186  	860.000000	0.981391  	860.000000	0.961528  	860.000000	0.981417  	860.000000	0.95605   	860.000000	0.000135968	
880.000000	0.802485  	880.000000	0.950446  	880.000000	0.97581   	880.000000	0.956006  	880.000000	0.975842  	880.000000	0.950313  	880.000000	0.000133103	
900.000000	0.797736  	900.000000	0.945029  	900.000000	0.970547  	900.000000	0.950787  	900.000000	0.970574  	900.000000	0.944898  	900.000000	0.00013036	
920.000000	0.793249  	920.000000	0.939913  	920.000000	0.965578  	920.000000	0.94585   	920.000000	0.965581  	920.000000	0.939785  	920.000000	0.000127732	
940.000000	0.78901   	940.000000	0.93508   	940.000000	0.960874  	940.000000	0.941177  	940.000000	0.960856  	940.000000	0.934955  	940.000000	0.000125212	
960.000000	0.785003  	960.000000	0.930512  	960.000000	0.956411  	960.000000	0.93675   	960.000000	0.956382  	960.000000	0.930389  	960.000000	0.000122792	
980.000000	0.781215  	980.000000	0.926194  	980.000000	0.952168  	980.000000	0.932554  	980.000000	0.952143  	980.000000	0.926074  	980.000000	0.000120468	
1000.000000	0.777634  	1000.000000	0.922111  	1000.000000	0.948136  	1000.000000	0.928574  	1000.000000	0.948114  	1000.000000	0.921993  	1000.000000	0.000118233	
1020.000000	0.774249  	1020.000000	0.918249  	1020.000000	0.944307  	1020.000000	0.924798  	1020.000000	0.944294  	1020.000000	0.918133  	1020.000000	0.000116082	
1040.000000	0.771048  	1040.000000	0.914597  	1040.000000	0.940672  	1040.000000	0.921214  	1040.000000	0.940669  	1040.000000	0.914483  	1040.000000	0.00011401	
1060.000000	0.768022  	1060.000000	0.911141  	1060.000000	0.937221  	1060.000000	0.917809  	1060.000000	0.937227  	1060.000000	0.911029  	1060.000000	0.000112014	
1080.000000	0.765162  	1080.000000	0.907872  	1080.000000	0.933942  	1080.000000	0.914574  	1080.000000	0.933948  	1080.000000	0.907762  	1080.000000	0.000110089	
1100.000000	0.76246   	1100.000000	0.90478   	1100.000000	0.930826  	1100.000000	0.911499  	1100.000000	0.930833  	1100.000000	0.904672  	1100.000000	0.000108231	
1120.000000	0.759907  	1120.000000	0.901855  	1120.000000	0.927862  	1120.000000	0.908574  	1120.000000	0.927873  	1120.000000	0.901749  	1120.000000	0.000106437	
1140.000000	0.757496  	1140.000000	0.899089  	1140.000000	0.925042  	1140.000000	0.905793  	1140.000000	0.925058  	1140.000000	0.898985  	1140.000000	0.000104704	
1160.000000	0.75522   	1160.000000	0.896474  	1160.000000	0.922357  	1160.000000	0.903146  	1160.000000	0.922375  	1160.000000	0.896371  	1160.000000	0.000103028	
1180.000000	0.753073  	1180.000000	0.894002  	1180.000000	0.919801  	1180.000000	0.900626  	1180.000000	0.91982   	1180.000000	0.8939    	1180.000000	0.000101407	
1200.000000	0.751049  	1200.000000	0.891665  	1200.000000	0.917366  	1200.000000	0.898228  	1200.000000	0.917388  	1200.000000	0.891566  	1200.000000	9.98372e-05	
1220.000000	0.749142  	1220.000000	0.889459  	1220.000000	0.915046  	1220.000000	0.895943  	1220.000000	0.915073  	1220.000000	0.889361  	1220.000000	9.83174e-05	
1240.000000	0.747347  	1240.000000	0.887376  	1240.000000	0.912836  	1240.000000	0.893768  	1240.000000	0.912869  	1240.000000	0.887279  	1240.000000	9.68447e-05	
1260.000000	0.745659  	1260.000000	0.88541   	1260.000000	0.910732  	1260.000000	0.891695  	1260.000000	0.910765  	1260.000000	0.885315  	1260.000000	9.5417e-05	
1280.000000	0.744073  	1280.000000	0.883557  	1280.000000	0.908728  	1280.000000	0.88972   	1280.000000	0.90876   	1280.000000	0.883463  	1280.000000	9.40322e-05	
1300.000000	0.742585  	1300.000000	0.881811  	1300.000000	0.906821  	1300.000000	0.887839  	1300.000000	0.906849  	1300.000000	0.881718  	1300.000000	9.26884e-05	
1320.000000	0.741191  	1320.000000	0.880167  	1320.000000	0.905006  	1320.000000	0.886045  	1320.000000	0.905029  	1320.000000	0.880075  	1320.000000	9.13837e-05	
1340.000000	0.739886  	1340.000000	0.878621  	1340.000000	0.90328   	1340.000000	0.884336  	1340.000000	0.903295  	1340.000000	0.878531  	1340.000000	9.01165e-05	
1360.000000	0.738667  	1360.000000	0.877168  	1360.000000	0.901636  	1360.000000	0.882707  	1360.000000	0.901641  	1360.000000	0.877079  	1360.000000	8.88852e-05	
1380.000000	0.737532  	1380.000000	0.875805  	1380.000000	0.900069  	1380.000000	0.881155  	1380.000000	0.900061  	1380.000000	0.875718  	1380.000000	8.76882e-05	
1400.000000	0.736475  	1400.000000	0.874528  	1400.000000	0.898576  	1400.000000	0.879675  	1400.000000	0.898556  	1400.000000	0.874442  	1400.000000	8.65242e-05	
1420.000000	0.735495  	1420.000000	0.873333  	1420.000000	0.897151  	1420.000000	0.878264  	1420.000000	0.897121  	1420.000000	0.873248  	1420.000000	8.53917e-05	
1440.000000	0.734588  	1440.000000	0.872217  	1440.000000	0.89579   	1440.000000	0.87692   	1440.000000	0.895755  	1440.000000	0.872133  	1440.000000	8.42894e-05	
1460.000000	0.733752  	1460.000000	0.871177  	1460.000000	0.894491  	1460.000000	0.87564   	1460.000000	0.894454  	1460.000000	0.871094  	1460.000000	8.32162e-05	
1480.000000	0.732983  	1480.000000	0.870209  	1480.000000	0.89325   	1480.000000	0.874419  	1480.000000	0.89321   	1480.000000	0.870127  	1480.000000	8.21709e-05	
1500.000000	0.73228   	1500.000000	0.869311  	1500.000000	0.892066  	1500.000000	0.873257  	1500.000000	0.892025  	1500.000000	0.86923   	1500.000000	8.11525e-05	
1520.000000	0.73164   	1520.000000	0.86848   	1520.000000	0.890936  	1520.000000	0.872149  	1520.000000	0.890896  	1520.000000	0.8684    	1520.000000	8.01598e-05	
1540.000000	0.731061  	1540.000000	0.867714  	1540.000000	0.889859  	1540.000000	0.871095  	1540.000000	0.889821  	1540.000000	0.867635  	1540.000000	7.9192e-05	
1560.000000	0.73054   	1560.000000	0.86701   	1560.000000	0.888833  	1560.000000	0.870091  	1560.000000	0.888798  	1560.000000	0.866931  	1560.000000	7.8248e-05	
1580.000000	0.730076  	1580.000000	0.866365  	1580.000000	0.887856  	1580.000000	0.869136  	1580.000000	0.887825  	1580.000000	0.866287  	1580.000000	7.73271e-05	
1600.000000	0.729666  	1600.000000	0.865778  	1600.000000	0.886926  	1600.000000	0.868227  	1600.000000	0.886897  	1600.000000	0.865701  	1600.000000	7.64283e-05	
1620.000000	0.729309  	1620.000000	0.865246  	1620.000000	0.886041  	1620.000000	0.867362  	1620.000000	0.886013  	1620.000000	0.86517   	1620.000000	7.55508e-05	
1640.000000	0.729003  	1640.000000	0.864767  	1640.000000	0.8852    	1640.000000	0.86654   	1640.000000	0.885172  	1640.000000	0.864693  	1640.000000	7.4694e-05	
1660.000000	0.728747  	1660.000000	0.86434   	1660.000000	0.884401  	1660.000000	0.865759  	1660.000000	0.884373  	1660.000000	0.864266  	1660.000000	7.3857e-05	
1680.000000	0.728538  	1680.000000	0.863963  	1680.000000	0.883642  	1680.000000	0.865017  	1680.000000	0.883614  	1680.000000	0.86389   	1680.000000	7.30392e-05	
1700.000000	0.728375  	1700.000000	0.863633  	1700.000000	0.882921  	1700.000000	0.864313  	1700.000000	0.882895  	1700.000000	0.863561  	1700.000000	7.224e-05 	
1750.000000	0.728161  	1750.000000	0.863009  	1750.000000	0.881275  	1750.000000	0.862708  	1750.000000	0.881249  	1750.000000	0.862938  	1750.000000	7.03188e-05	
1800.000000	0.728205  	1800.000000	0.862649  	1800.000000	0.879836  	1800.000000	0.861306  	1800.000000	0.879808  	1800.000000	0.862581  	1800.000000	6.85004e-05	
1850.000000	0.728488  	1850.000000	0.862534  	1850.000000	0.878584  	1850.000000	0.860091  	1850.000000	0.878559  	1850.000000	0.862467  	1850.000000	6.67768e-05	
1900.000000	0.728994  	1900.000000	0.862643  	1900.000000	0.877501  	1900.000000	0.859043  	1900.000000	0.877476  	1900.000000	0.862578  	1900.000000	6.51405e-05	
1950.000000	0.729706  	1950.000000	0.862961  	1950.000000	0.876574  	1950.000000	0.858148  	1950.000000	0.876548  	1950.000000	0.862897  	1950.000000	6.35851e-05	
2000.000000	0.730612  	2000.000000	0.86347   	2000.000000	0.875789  	2000.000000	0.857393  	2000.000000	0.875764  	2000.000000	0.863408  	2000.000000	6.21046e-05	
2100.000000	0.732951  	2100.000000	0.865011  	2100.000000	0.874596  	2100.000000	0.856253  	2100.000000	0.874566  	2100.000000	0.864951  	2100.000000	5.93476e-05	
2200.000000	0.735926  	2200.000000	0.867168  	2200.000000	0.873836  	2200.000000	0.855539  	2200.000000	0.873803  	2200.000000	0.867111  	2200.000000	5.68323e-05	
2300.000000	0.739461  	2300.000000	0.869861  	2300.000000	0.873434  	2300.000000	0.855182  	2300.000000	0.873398  	2300.000000	0.869807  	2300.000000	5.4528e-05	
2400.000000	0.743497  	2400.000000	0.873024  	2400.000000	0.873332  	2400.000000	0.855128  	2400.000000	0.873302  	2400.000000	0.872971  	2400.000000	5.24089e-05	
2500.000000	0.747981  	2500.000000	0.876598  	2500.000000	0.873483  	2500.000000	0.855328  	2500.000000	0.873462  	2500.000000	0.876548  	2500.000000	5.04533e-05	
2600.000000	0.752869  	2600.000000	0.880537  	2600.000000	0.873851  	2600.000000	0.855745  	2600.000000	0.873845  	2600.000000	0.880489  	2600.000000	4.86429e-05	
2700.000000	0.758123  	2700.000000	0.8848    	2700.000000	0.874407  	2700.000000	0.856346  	2700.000000	0.874411  	2700.000000	0.884753  	2700.000000	4.69618e-05	
2800.000000	0.76371   	2800.000000	0.88935   	2800.000000	0.875126  	2800.000000	0.857105  	2800.000000	0.875141  	2800.000000	0.889305  	2800.000000	4.53966e-05	
2900.000000	0.769603  	2900.000000	0.894159  	2900.000000	0.875984  	2900.000000	0.857997  	2900.000000	0.876003  	2900.000000	0.894115  	2900.000000	4.39355e-05	
3000.000000	0.775775  	3000.000000	0.899199  	3000.000000	0.876962  	3000.000000	0.859004  	3000.000000	0.876984  	3000.000000	0.899157  	3000.000000	4.25684e-05	
3200.000000	0.788879  	3200.000000	0.909886  	3200.000000	0.879209  	3200.000000	0.861297  	3200.000000	0.879229  	3200.000000	0.909846  	3200.000000	4.00818e-05	
3400.000000	0.802876  	3400.000000	0.921259  	3400.000000	0.881753  	3400.000000	0.863878  	3400.000000	0.881766  	3400.000000	0.921221  	3400.000000	3.78778e-05	
3600.000000	0.817655  	3600.000000	0.933199  	3600.000000	0.88451   	3600.000000	0.866666  	3600.000000	0.884517  	3600.000000	0.933163  	3600.000000	3.59104e-05	
3800.000000	0.833124  	3800.000000	0.945613  	3800.000000	0.887418  	3800.000000	0.869601  	3800.000000	0.887418  	3800.000000	0.945579  	3800.000000	3.4143e-05	
4000.000000	0.849213  	4000.000000	0.958427  	4000.000000	0.890432  	4000.000000	0.87264   	4000.000000	0.890425  	4000.000000	0.958395  	4000.000000	3.25465e-05	
4200.000000	0.86586   	4200.000000	0.971581  	4200.000000	0.893515  	4200.000000	0.875748  	4200.000000	0.893505  	4200.000000	0.97155   	4200.000000	3.10968e-05	
4400.000000	0.883019  	4400.000000	0.985024  	4400.000000	0.896641  	4400.000000	0.878898  	4400.000000	0.896627  	4400.000000	0.984994  	4400.000000	2.97745e-05	
4600.000000	0.900647  	4600.000000	0.998717  	4600.000000	0.899789  	4600.000000	0.882069  	4600.000000	0.899775  	4600.000000	0.998688  	4600.000000	2.85632e-05	
4800.000000	0.918712  	4800.000000	1.01262   	4800.000000	0.902944  	4800.000000	0.885247  	4800.000000	0.902928  	4800.000000	1.0126    	4800.000000	2.74496e-05	
5000.000000	0.937183  	5000.000000	1.02672   	5000.000000	0.906093  	5000.000000	0.888418  	5000.000000	0.906078  	5000.000000	1.02669   	5000.000000	2.6422e-05	
5250.000000	0.960809  	5250.000000	1.04456   	5250.000000	0.910007  	5250.000000	0.89236   	5250.000000	0.909993  	5250.000000	1.04454   	5250.000000	2.52439e-05	
5500.000000	0.984993  	5500.000000	1.06263   	5500.000000	0.913884  	5500.000000	0.896264  	5500.000000	0.913872  	5500.000000	1.0626    	5500.000000	2.41694e-05	
6000.000000	1.03491   	6000.000000	1.09927   	6000.000000	0.921491  	6000.000000	0.90392   	6000.000000	0.921482  	6000.000000	1.09925   	6000.000000	2.22803e-05	
6500.000000	1.08672   	6500.000000	1.13646   	6500.000000	0.928871  	6500.000000	0.911341  	6500.000000	0.928858  	6500.000000	1.13644   	6500.000000	2.06726e-05	
7000.000000	1.14027   	7000.000000	1.17406   	7000.000000	0.935994  	7000.000000	0.918503  	7000.000000	0.935977  	7000.000000	1.17404   	7000.000000	1.92873e-05	
7500.000000	1.19546   	7500.000000	1.21195   	7500.000000	0.942813  	7500.000000	0.925402  	7500.000000	0.942835  	7500.000000	1.21193   	7500.000000	1.80808e-05	
8000.000000	1.2522    	8000.000000	1.25007   	8000.000000	0.949423  	8000.000000	0.93204   	8000.000000	0.949432  	8000.000000	1.25006   	8000.000000	1.70203e-05	
8500.000000	1.31043   	8500.000000	1.28837   	8500.000000	0.955788  	8500.000000	0.938427  	8500.000000	0.955777  	8500.000000	1.28835   	8500.000000	1.60806e-05	
9000.000000	1.37009   	9000.000000	1.32679   	9000.000000	0.961888  	9000.000000	0.944572  	9000.000000	0.96188   	9000.000000	1.32678   	9000.000000	1.5242e-05	
9500.000000	1.43115   	9500.000000	1.36531   	9500.000000	0.967752  	9500.000000	0.950488  	9500.000000	0.967754  	9500.000000	1.3653    	9500.000000	1.44889e-05	
10000.000000	1.49358   	10000.000000	1.4039    	10000.000000	0.973401  	10000.000000	0.956187  	10000.000000	0.973409  	10000.000000	1.40389   	10000.000000	1.38086e-05	
11000.000000	1.62243   	11000.000000	1.48122   	11000.000000	0.984096  	11000.000000	0.966982  	11000.000000	0.984114  	11000.000000	1.48121   	11000.000000	1.2628e-05	
12000.000000	1.75649   	12000.000000	1.55862   	12000.000000	0.994059  	12000.000000	0.977049  	12000.000000	0.994086  	12000.000000	1.55861   	12000.000000	1.16382e-05	
13000.000000	1.89566   	13000.000000	1.63604   	13000.000000	1.00339   	13000.000000	0.986468  	13000.000000	1.00341   	13000.000000	1.63603   	13000.000000	1.0796e-05	
14000.000000	2.03987   	14000.000000	1.71342   	14000.000000	1.01216   	14000.000000	0.995311  	14000.000000	1.01214   	14000.000000	1.71341   	14000.000000	1.00705e-05	
15000.000000	2.18909   	15000.000000	1.79072   	15000.000000	1.02043   	15000.000000	1.00364   	15000.000000	1.02036   	15000.000000	1.79071   	15000.000000	9.43883e-06	
16000.000000	2.34328   	16000.000000	1.86793   	16000.000000	1.0282    	16000.000000	1.01151   	16000.000000	1.02811   	16000.000000	1.86792   	16000.000000	8.88369e-06	
17000.000000	2.50242   	17000.000000	1.94503   	17000.000000	1.03554   	17000.000000	1.01896   	17000.000000	1.03544   	17000.000000	1.94503   	17000.000000	8.39186e-06	
18000.000000	2.66651   	18000.000000	2.02202   	18000.000000	1.04247   	18000.000000	1.02604   	18000.000000	1.04239   	18000.000000	2.02201   	18000.000000	7.95303e-06	
19000.000000	2.83554   	19000.000000	2.09888   	19000.000000	1.04904   	19000.000000	1.03278   	19000.000000	1.04899   	19000.000000	2.09887   	19000.000000	7.55899e-06	
20000.000000	3.00952   	20000.000000	2.17562   	20000.000000	1.0553    	20000.000000	1.0392    	20000.000000	1.05528   	20000.000000	2.17561   	20000.000000	7.20315e-06	
21000.000000	3.18845   	21000.000000	2.25222   	21000.000000	1.06126   	21000.000000	1.04534   	21000.000000	1.06128   	21000.000000	2.25221   	21000.000000	6.88018e-06	
22000.000000	3.37234   	22000.000000	2.3287    	22000.000000	1.06698   	22000.000000	1.05123   	22000.000000	1.06701   	22000.000000	2.32869   	22000.000000	6.58567e-06	
23000.000000	3.56122   	23000.000000	2.40505   	23000.000000	1.0725    	23000.000000	1.05687   	23000.000000	1.07249   	23000.000000	2.40504   	23000.000000	6.316e-06 	
24000.000000	3.75508   	24000.000000	2.48127   	24000.000000	1.07778   	24000.000000	1.06229   	24000.000000	1.07775   	24000.000000	2.48126   	24000.000000	6.06813e-06	
25000.000000	3.95395   	25000.000000	2.55736   	25000.000000	1.08281   	25000.000000	1.06751   	25000.000000	1.0828    	25000.000000	2.55736   	25000.000000	5.83948e-06	
26000.000000	4.15785   	26000.000000	2.63334   	26000.000000	1.08763   	26000.000000	1.07253   	26000.000000	1.08765   	26000.000000	2.63333   	26000.000000	5.62789e-06	
27000.000000	4.3668    	27000.000000	2.70919   	27000.000000	1.09229   	27000.000000	1.07738   	27000.000000	1.09232   	27000.000000	2.70918   	27000.000000	5.4315e-06	
28000.000000	4.58081   	28000.000000	2.78492   	28000.000000	1.0968    	28000.000000	1.08206   	28000.000000	1.09682   	28000.000000	2.78491   	28000.000000	5.24872e-06	
29000.000000	4.79991   	29000.000000	2.86054   	29000.000000	1.10115   	29000.000000	1.08659   	29000.000000	1.10116   	29000.000000	2.86053   	29000.000000	5.07816e-06	
30000.000000	5.02413   	30000.000000	2.93604   	30000.000000	1.10534   	30000.000000	1.09098   	30000.000000	1.10534   	30000.000000	2.93603   	30000.000000	4.91864e-06	
32000.000000	5.48799   	32000.000000	3.08671   	32000.000000	1.11332   	32000.000000	1.09934   	32000.000000	1.11331   	32000.000000	3.08671   	32000.000000	4.62861e-06	
34000.000000	5.97259   	34000.000000	3.23696   	34000.000000	1.12079   	34000.000000	1.10723   	34000.000000	1.12077   	34000.000000	3.23696   	34000.000000	4.37171e-06	
36000.000000	6.47812   	36000.000000	3.38681   	36000.000000	1.12779   	36000.000000	1.11468   	36000.000000	1.12777   	36000.000000	3.3868    	36000.000000	4.14253e-06	
38000.000000	7.00481   	38000.000000	3.53626   	38000.000000	1.13439   	38000.000000	1.12175   	38000.000000	1.13438   	38000.000000	3.53626   	38000.000000	3.93677e-06	
40000.000000	7.55285   	40000.000000	3.68534   	40000.000000	1.14062   	40000.000000	1.12848   	40000.000000	1.14062   	40000.000000	3.68534   	40000.000000	3.75099e-06	
42000.000000	8.12248   	42000.000000	3.83407   	42000.000000	1.14653   	42000.000000	1.13488   	42000.000000	1.14652   	42000.000000	3.83407   	42000.000000	3.58239e-06	
44000.000000	8.71392   	44000.000000	3.98246   	44000.000000	1.15214   	44000.000000	1.141     	44000.000000	1.15212   	44000.000000	3.98246   	44000.000000	3.42867e-06	
46000.000000	9.32739   	46000.000000	4.13052   	46000.000000	1.1575    	46000.000000	1.14685   	46000.000000	1.15743   	46000.000000	4.13052   	46000.000000	3.28793e-06	
48000.000000	9.96312   	48000.000000	4.27827   	48000.000000	1.16261   	48000.000000	1.15247   	48000.000000	1.1625    	48000.000000	4.27827   	48000.000000	3.15858e-06	
50000.000000	10.6214   	50000.000000	4.42572   	50000.000000	1.16747   	50000.000000	1.15786   	50000.000000	1.16732   	50000.000000	4.42572   	50000.000000	3.03927e-06	
