! 53Ti energy loss (dE/dX) in He
! apply ZOOM for details
Energy (MeV/u)1	0 - [He-base] F.Hubert et al, AD&ND Tables 46(1990)1	Energy (MeV/u)2	1 - [H -base] J.F.Ziegler et al,Pergamon Press,NY(low energy)	Energy (MeV/u)3	2 - ATIMA 1.2 LS-theory (recommended for high energy)	Energy (MeV/u)4	3 - ATIMA 1.2 without LS-correction	Energy (MeV/u)5	4 - ATIMA 1.4 H.Weick, improved mean charge formula for HI	Energy (MeV/u)6	5 - electrical component of [1] - J.F.Ziegler et al	Energy (MeV/u)7	6 - nuclear component of [1] - J.F.Ziegler et al	
0.001000	6.29978   	0.001000	6.9183    	0.001000	6.80473   	0.001000	6.80473   	0.001000	6.80515   	0.001000	1.66315   	0.001000	5.25515   	
0.002000	6.33625   	0.002000	6.57907   	0.002000	6.6136    	0.002000	6.6136    	0.002000	6.6139    	0.002000	2.15684   	0.002000	4.42223   	
0.005000	6.47864   	0.005000	6.09266   	0.005000	6.51622   	0.005000	6.51622   	0.005000	6.51639   	0.005000	3.0412    	0.005000	3.05145   	
0.008000	6.75701   	0.008000	6.01543   	0.008000	6.77066   	0.008000	6.77066   	0.008000	6.77078   	0.008000	3.62736   	0.008000	2.38808   	
0.010000	6.96296   	0.010000	6.0465    	0.010000	7.00242   	0.010000	7.00242   	0.010000	7.00252   	0.010000	3.94395   	0.010000	2.10255   	
0.015000	7.69989   	0.015000	6.23384   	0.015000	7.64329   	0.015000	7.64329   	0.015000	7.64336   	0.015000	4.59162   	0.015000	1.64222   	
0.020000	8.50826   	0.020000	6.47788   	0.020000	8.29263   	0.020000	8.29263   	0.020000	8.29269   	0.020000	5.11467   	0.020000	1.36321   	
0.025000	9.48495   	0.025000	6.73449   	0.025000	8.92074   	0.025000	8.92074   	0.025000	8.92079   	0.025000	5.56108   	0.025000	1.17342   	
0.030000	10.3872   	0.030000	7.80524   	0.030000	9.7312    	0.030000	9.7312    	0.030000	9.73125   	0.030000	6.77046   	0.030000	1.03478   	
0.035000	11.1924   	0.035000	9.00316   	0.035000	10.5805   	0.035000	10.5805   	0.035000	10.5805   	0.035000	8.08345   	0.035000	0.919704  	
0.040000	11.8799   	0.040000	10.156    	0.040000	11.4433   	0.040000	11.4433   	0.040000	11.4434   	0.040000	9.31969   	0.040000	0.836332  	
0.045000	12.4551   	0.045000	11.2432   	0.045000	12.3042   	0.045000	12.3042   	0.045000	12.3043   	0.045000	10.475    	0.045000	0.768175  	
0.050000	12.909    	0.050000	12.2703   	0.050000	13.1593   	0.050000	13.1593   	0.050000	13.1593   	0.050000	11.559    	0.050000	0.711298  	
0.055000	13.6457   	0.055000	13.2483   	0.055000	14.0054   	0.055000	14.0054   	0.055000	14.0054   	0.055000	12.5853   	0.055000	0.663033  	
0.060000	14.3117   	0.060000	14.1872   	0.060000	14.84     	0.060000	14.84     	0.060000	14.84     	0.060000	13.5657   	0.060000	0.621504  	
0.070000	15.478    	0.070000	15.9735   	0.070000	16.4666   	0.070000	16.4666   	0.070000	16.4666   	0.070000	15.4199   	0.070000	0.553557  	
0.080000	16.7309   	0.080000	17.6994   	0.080000	18.0259   	0.080000	18.0259   	0.080000	18.026    	0.080000	17.1992   	0.080000	0.500157  	
0.090000	17.8026   	0.090000	19.3575   	0.090000	19.509    	0.090000	19.509    	0.090000	19.509    	0.090000	18.9005   	0.090000	0.456969  	
0.100000	18.7286   	0.100000	20.9118   	0.100000	20.9096   	0.100000	20.9096   	0.100000	20.9096   	0.100000	20.4906   	0.100000	0.421242  	
0.120000	19.8007   	0.120000	23.7064   	0.120000	23.4522   	0.120000	23.4522   	0.120000	23.4523   	0.120000	23.341    	0.120000	0.365413  	
0.140000	20.6257   	0.140000	26.1023   	0.140000	25.6494   	0.140000	25.6494   	0.140000	25.6494   	0.140000	25.7786   	0.140000	0.323631  	
0.160000	21.3044   	0.160000	28.1442   	0.160000	27.5185   	0.160000	27.5185   	0.160000	27.5185   	0.160000	27.8532   	0.160000	0.291075  	
0.180000	21.908    	0.180000	29.7446   	0.180000	29.0897   	0.180000	29.0897   	0.180000	29.0897   	0.180000	29.4796   	0.180000	0.264925  	
0.200000	22.5304   	0.200000	31.0927   	0.200000	30.3986   	0.200000	30.3986   	0.200000	30.3986   	0.200000	30.8493   	0.200000	0.243418  	
0.250000	23.4179   	0.250000	33.7172   	0.250000	32.7601   	0.250000	32.7601   	0.250000	32.7602   	0.250000	33.514    	0.250000	0.203181  	
0.300000	24.3298   	0.300000	35.5931   	0.300000	34.2082   	0.300000	34.2082   	0.300000	34.2082   	0.300000	35.418    	0.300000	0.175068  	
0.350000	25.759    	0.350000	37.7016   	0.350000	35.0995   	0.350000	35.0995   	0.350000	35.0996   	0.350000	37.5474   	0.350000	0.154226  	
0.400000	26.956    	0.400000	39.4372   	0.400000	36.5327   	0.400000	36.5327   	0.400000	36.5328   	0.400000	39.2991   	0.400000	0.138107  	
0.450000	27.9505   	0.450000	40.7172   	0.450000	38.0231   	0.450000	38.0231   	0.450000	38.0231   	0.450000	40.5919   	0.450000	0.125239  	
0.500000	28.7709   	0.500000	41.6592   	0.500000	38.6202   	0.500000	38.6202   	0.500000	38.6203   	0.500000	41.5444   	0.500000	0.114709  	
0.600000	29.3273   	0.600000	43.2862   	0.600000	39.3376   	0.600000	39.3376   	0.600000	39.3376   	0.600000	43.1877   	0.600000	0.0984664 	
0.700000	29.4899   	0.700000	44.6041   	0.700000	39.6821   	0.700000	39.6821   	0.700000	39.6822   	0.700000	44.5177   	0.700000	0.0864837 	
0.800000	30.3707   	0.800000	45.3506   	0.800000	39.8097   	0.800000	39.8097   	0.800000	39.8097   	0.800000	45.2734   	0.800000	0.0772528 	
0.900000	30.965    	0.900000	45.7082   	0.900000	39.7956   	0.900000	39.7956   	0.900000	39.7956   	0.900000	45.6383   	0.900000	0.0699076 	
1.000000	31.2708   	1.000000	45.6902   	1.000000	39.6816   	1.000000	39.6816   	1.000000	39.6816   	1.000000	45.6263   	1.000000	0.0639138 	
1.250000	31.3213   	1.250000	44.8591   	1.250000	39.1126   	1.250000	39.1126   	1.250000	39.1126   	1.250000	44.8062   	1.250000	0.0528204 	
1.500000	30.9087   	1.500000	43.6109   	1.500000	38.3058   	1.500000	38.3058   	1.500000	38.3058   	1.500000	43.5657   	1.500000	0.0451672 	
1.750000	29.9725   	1.750000	41.76     	1.750000	37.1675   	1.750000	37.1675   	1.750000	37.1675   	1.750000	41.7205   	1.750000	0.0395483 	
2.000000	28.9458   	2.000000	39.8913   	2.000000	35.992    	2.000000	35.992    	2.000000	35.992    	2.000000	39.8561   	2.000000	0.0352366 	
2.250000	27.8908   	2.250000	38.0342   	2.250000	34.8935   	2.250000	34.8935   	2.250000	34.8935   	2.250000	38.0024   	2.250000	0.0318168 	
2.500000	31.1976   	2.500000	36.3846   	2.500000	33.8612   	2.500000	33.8612   	2.500000	33.8612   	2.500000	36.3556   	2.500000	0.0290339 	
3.000000	29.2401   	3.000000	33.4629   	3.000000	31.9694   	3.000000	31.9694   	3.000000	31.9695   	3.000000	33.4381   	3.000000	0.02477   	
3.500000	27.4653   	3.500000	31.1635   	3.500000	30.2772   	3.500000	30.2772   	3.500000	30.2772   	3.500000	31.1418   	3.500000	0.0216483 	
4.000000	25.8764   	4.000000	29.37     	4.000000	28.7554   	4.000000	28.7554   	4.000000	28.7554   	4.000000	29.3508   	4.000000	0.0192581 	
4.500000	24.4573   	4.500000	27.81     	4.500000	27.3805   	4.500000	27.3805   	4.500000	27.3805   	4.500000	27.7927   	4.500000	0.017366  	
5.000000	23.1874   	5.000000	26.4234   	5.000000	26.1326   	5.000000	26.1326   	5.000000	26.1326   	5.000000	26.4076   	5.000000	0.0158288 	
5.500000	22.0471   	5.500000	25.1768   	5.500000	24.9952   	5.500000	24.9952   	5.500000	24.9952   	5.500000	25.1622   	5.500000	0.0145538 	
6.000000	21.0188   	6.000000	24.0439   	6.000000	23.9543   	6.000000	23.9543   	6.000000	23.9543   	6.000000	24.0305   	6.000000	0.0134782 	
6.500000	20.0875   	6.500000	23.01     	6.500000	22.9981   	6.500000	22.9981   	6.500000	22.9982   	6.500000	22.9974   	6.500000	0.012558  	
7.000000	19.2403   	7.000000	22.0623   	7.000000	22.1167   	7.000000	22.1167   	7.000000	22.1167   	7.000000	22.0505   	7.000000	0.0117612 	
7.500000	18.4666   	7.500000	21.1903   	7.500000	21.3016   	7.500000	21.3016   	7.500000	21.3016   	7.500000	21.1792   	7.500000	0.0110641 	
8.000000	17.7572   	8.000000	20.3851   	8.000000	20.5454   	8.000000	20.5454   	8.000000	20.5454   	8.000000	20.3747   	8.000000	0.010449  	
8.500000	17.1044   	8.500000	19.6394   	8.500000	19.842    	8.500000	19.842    	8.500000	19.842    	8.500000	19.6295   	8.500000	0.00990183	
9.000000	16.5018   	9.000000	18.9468   	9.000000	19.1859   	9.000000	19.1859   	9.000000	19.1859   	9.000000	18.9373   	9.000000	0.00941182	
9.500000	15.9436   	9.500000	18.3016   	9.500000	18.5725   	9.500000	18.5725   	9.500000	18.5726   	9.500000	18.2927   	9.500000	0.00897032	
10.000000	15.4251   	10.000000	16.9631   	10.000000	17.9977   	10.000000	17.9977   	10.000000	17.9978   	10.000000	16.9545   	10.000000	0.00857035	
11.000000	14.4911   	11.000000	16.1335   	11.000000	16.8792   	11.000000	16.9689   	11.000000	16.9833   	11.000000	16.1256   	11.000000	0.00787322	
12.000000	13.673    	12.000000	15.3786   	12.000000	15.8992   	12.000000	16.0574   	12.000000	16.0772   	12.000000	15.3713   	12.000000	0.00728573	
13.000000	12.9501   	13.000000	14.6902   	13.000000	15.034    	13.000000	15.2449   	13.000000	15.2642   	13.000000	14.6834   	13.000000	0.00678356	
14.000000	12.3065   	14.000000	14.0608   	14.000000	14.2653   	14.000000	14.5164   	14.000000	14.5314   	14.000000	14.0545   	14.000000	0.00634911	
15.000000	11.7296   	15.000000	13.4839   	15.000000	13.5782   	15.000000	13.86     	15.000000	13.8685   	15.000000	13.4779   	15.000000	0.00596936	
16.000000	11.2094   	16.000000	12.9534   	16.000000	12.9606   	16.000000	13.2658   	16.000000	13.2665   	16.000000	12.9478   	16.000000	0.00563445	
17.000000	10.7377   	17.000000	12.4643   	17.000000	12.4027   	17.000000	12.7257   	17.000000	12.7181   	17.000000	12.459    	17.000000	0.00533676	
18.000000	10.308    	18.000000	12.012    	18.000000	11.8969   	18.000000	12.233    	18.000000	12.2164   	18.000000	12.007    	18.000000	0.00507032	
19.000000	9.91476   	19.000000	11.5928   	19.000000	11.4367   	19.000000	11.782    	19.000000	11.7567   	19.000000	11.5879   	19.000000	0.00483039	
20.000000	9.5535    	20.000000	11.2031   	20.000000	11.0165   	20.000000	11.3679   	20.000000	11.3344   	20.000000	11.1984   	20.000000	0.00461314	
21.000000	9.22037   	21.000000	10.84     	21.000000	10.6315   	21.000000	10.9865   	21.000000	10.9448   	21.000000	10.8356   	21.000000	0.00441545	
22.000000	8.91216   	22.000000	10.5009   	22.000000	10.2777   	22.000000	10.6346   	22.000000	10.5854   	22.000000	10.4967   	22.000000	0.00423476	
23.000000	8.62611   	23.000000	10.1836   	23.000000	9.95187   	23.000000	10.3089   	23.000000	10.2526   	23.000000	10.1796   	23.000000	0.00406893	
24.000000	8.35989   	24.000000	9.88608   	24.000000	9.65122   	24.000000	10.0069   	24.000000	9.94422   	24.000000	9.88216   	24.000000	0.00391617	
25.000000	8.11145   	25.000000	9.60651   	25.000000	9.37319   	25.000000	9.72631   	25.000000	9.65774   	25.000000	9.60274   	25.000000	0.00377498	
27.000000	7.66112   	27.000000	9.09524   	27.000000	8.87565   	27.000000	9.22169   	27.000000	9.14293   	27.000000	9.09172   	27.000000	0.00352232	
29.000000	7.26358   	29.000000	8.63923   	29.000000	8.44484   	29.000000	8.78175   	29.000000	8.69485   	29.000000	8.63592   	29.000000	0.00330272	
31.000000	6.90991   	31.000000	8.23002   	31.000000	8.06046   	31.000000	8.37103   	31.000000	8.28235   	31.000000	8.22691   	31.000000	0.00311   	
33.000000	6.59309   	33.000000	7.8608    	33.000000	7.7067    	33.000000	7.98015   	33.000000	7.89535   	33.000000	7.85786   	33.000000	0.00293944	
35.000000	6.30756   	35.000000	7.52601   	35.000000	7.38534   	35.000000	7.62725   	35.000000	7.54681   	35.000000	7.52322   	35.000000	0.00278739	
38.000000	5.92831   	38.000000	7.07854   	38.000000	6.95525   	38.000000	7.15783   	38.000000	7.08434   	38.000000	7.07596   	38.000000	0.00258781	
41.000000	5.59765   	41.000000	6.68604   	41.000000	6.5779    	41.000000	6.74811   	41.000000	6.68163   	41.000000	6.68362   	41.000000	0.00241599	
44.000000	5.30665   	44.000000	6.33897   	44.000000	6.24329   	44.000000	6.38738   	44.000000	6.32771   	44.000000	6.3367    	44.000000	0.00226646	
47.000000	5.04846   	47.000000	6.02989   	47.000000	5.94474   	47.000000	6.06734   	47.000000	6.01419   	47.000000	6.02775   	47.000000	0.00213507	
50.000000	4.81773   	50.000000	5.75289   	50.000000	5.67708   	50.000000	5.78146   	50.000000	5.7345    	50.000000	5.75088   	50.000000	0.00201867	
55.000000	4.48307   	55.000000	5.35006   	55.000000	5.28633   	55.000000	5.36724   	55.000000	5.32951   	55.000000	5.34821   	55.000000	0.00185156	
60.000000	4.1984    	60.000000	5.00665   	60.000000	4.95314   	60.000000	5.01554   	60.000000	4.98587   	60.000000	5.00494   	60.000000	0.00171098	
65.000000	3.95311   	65.000000	4.71044   	65.000000	4.66548   	65.000000	4.71318   	65.000000	4.69048   	65.000000	4.70884   	65.000000	0.00159102	
70.000000	3.73942   	70.000000	4.4523    	70.000000	4.41417   	70.000000	4.45042   	70.000000	4.43373   	70.000000	4.45081   	70.000000	0.0014874 	
75.000000	3.55148   	75.000000	4.22534   	75.000000	4.19289   	75.000000	4.21994   	75.000000	4.20847   	75.000000	4.22395   	75.000000	0.00139694	
80.000000	3.38481   	80.000000	4.02423   	80.000000	3.997     	80.000000	4.01613   	80.000000	4.0092    	80.000000	4.02292   	80.000000	0.00131727	
85.000000	3.23593   	85.000000	3.84479   	85.000000	3.82181   	85.000000	3.8346    	85.000000	3.83152   	85.000000	3.84354   	85.000000	0.00124653	
90.000000	3.10209   	90.000000	3.68368   	90.000000	3.66414   	90.000000	3.67187   	90.000000	3.67211   	90.000000	3.6825    	90.000000	0.00118329	
95.000000	2.98105   	95.000000	3.53823   	95.000000	3.52187   	95.000000	3.52516   	95.000000	3.52836   	95.000000	3.53711   	95.000000	0.0011264 	
100.000000	2.87104   	100.000000	3.40626   	100.000000	3.39244   	100.000000	3.39221   	100.000000	3.39798   	100.000000	3.40519   	100.000000	0.00107493	
105.000000	2.77058   	105.000000	3.28598   	105.000000	3.27451   	105.000000	3.27116   	105.000000	3.27912   	105.000000	3.28495   	105.000000	0.00102814	
110.000000	2.67845   	110.000000	3.17589   	110.000000	3.16665   	110.000000	3.16048   	110.000000	3.17047   	110.000000	3.17491   	110.000000	0.000985409	
115.000000	2.59364   	115.000000	3.07475   	115.000000	3.06735   	115.000000	3.05889   	115.000000	3.07054   	115.000000	3.07381   	115.000000	0.000946223	
120.000000	2.51528   	120.000000	2.98151   	120.000000	2.97569   	120.000000	2.96531   	120.000000	2.97852   	120.000000	2.9806    	120.000000	0.000910153	
125.000000	2.44265   	125.000000	2.89528   	125.000000	2.891     	125.000000	2.87883   	125.000000	2.89334   	125.000000	2.8944    	125.000000	0.000876838	
130.000000	2.37513   	130.000000	2.81529   	130.000000	2.81243   	130.000000	2.79867   	130.000000	2.8144    	130.000000	2.81444   	130.000000	0.000845968	
135.000000	2.31219   	135.000000	2.74089   	135.000000	2.73913   	135.000000	2.72416   	135.000000	2.74091   	135.000000	2.74007   	135.000000	0.000817281	
140.000000	2.25336   	140.000000	2.67151   	140.000000	2.67092   	140.000000	2.65472   	140.000000	2.67246   	140.000000	2.67072   	140.000000	0.000790551	
145.000000	2.19824   	145.000000	2.60666   	145.000000	2.60728   	145.000000	2.58986   	145.000000	2.60837   	145.000000	2.60589   	145.000000	0.000765581	
150.000000	2.14649   	150.000000	2.5459    	150.000000	2.54747   	150.000000	2.52913   	150.000000	2.54841   	150.000000	2.54516   	150.000000	0.0007422 	
155.000000	2.0733    	155.000000	2.48888   	155.000000	2.49115   	155.000000	2.47215   	155.000000	2.49208   	155.000000	2.48816   	155.000000	0.00072026	
160.000000	2.03055   	160.000000	2.43524   	160.000000	2.43822   	160.000000	2.41859   	160.000000	2.4391    	160.000000	2.43454   	160.000000	0.00069963	
165.000000	1.99021   	165.000000	2.38469   	165.000000	2.3885    	165.000000	2.36815   	165.000000	2.38922   	165.000000	2.38401   	165.000000	0.000680194	
170.000000	1.95208   	170.000000	2.33699   	170.000000	2.3415    	170.000000	2.32056   	170.000000	2.34207   	170.000000	2.33632   	170.000000	0.00066185	
175.000000	1.91598   	175.000000	2.29188   	175.000000	2.29696   	175.000000	2.27559   	175.000000	2.29753   	175.000000	2.29124   	175.000000	0.000644507	
180.000000	1.88174   	180.000000	2.24917   	180.000000	2.25482   	180.000000	2.23304   	180.000000	2.25536   	180.000000	2.24855   	180.000000	0.000628085	
185.000000	1.84923   	185.000000	2.20868   	185.000000	2.21488   	185.000000	2.1927    	185.000000	2.21535   	185.000000	2.20806   	185.000000	0.000612512	
190.000000	1.81832   	190.000000	2.17022   	190.000000	2.17695   	190.000000	2.15442   	190.000000	2.17738   	190.000000	2.16963   	190.000000	0.000597721	
195.000000	1.7889    	195.000000	2.13366   	195.000000	2.14092   	195.000000	2.11804   	195.000000	2.14129   	195.000000	2.13308   	195.000000	0.000583655	
200.000000	1.76084   	200.000000	2.09886   	200.000000	2.10663   	200.000000	2.08343   	200.000000	2.10689   	200.000000	2.09829   	200.000000	0.000570262	
210.000000	1.70849   	210.000000	2.03404   	210.000000	2.04255   	210.000000	2.01901   	210.000000	2.04292   	210.000000	2.0335    	210.000000	0.000545305	
220.000000	1.66062   	220.000000	1.97491   	220.000000	1.9843    	220.000000	1.9603    	220.000000	1.98451   	220.000000	1.97439   	220.000000	0.00052252	
230.000000	1.61666   	230.000000	1.92076   	230.000000	1.93087   	230.000000	1.90657   	230.000000	1.93107   	230.000000	1.92025   	230.000000	0.00050163	
240.000000	1.57615   	240.000000	1.87098   	240.000000	1.88169   	240.000000	1.85724   	240.000000	1.88194   	240.000000	1.87049   	240.000000	0.000482407	
250.000000	1.5387    	250.000000	1.82507   	250.000000	1.83652   	250.000000	1.81178   	250.000000	1.83665   	250.000000	1.8246    	250.000000	0.000464656	
260.000000	1.50397   	260.000000	1.7826    	260.000000	1.79478   	260.000000	1.76977   	260.000000	1.79476   	260.000000	1.78215   	260.000000	0.000448212	
270.000000	1.47169   	270.000000	1.7432    	270.000000	1.7559    	270.000000	1.73084   	270.000000	1.75593   	270.000000	1.74276   	270.000000	0.000432935	
280.000000	1.44159   	280.000000	1.70655   	280.000000	1.71967   	280.000000	1.69465   	280.000000	1.71981   	280.000000	1.70613   	280.000000	0.000418702	
290.000000	1.41347   	290.000000	1.67238   	290.000000	1.68603   	290.000000	1.66095   	290.000000	1.68617   	290.000000	1.67198   	290.000000	0.000405409	
300.000000	1.38714   	300.000000	1.64045   	300.000000	1.65468   	300.000000	1.62949   	300.000000	1.65472   	300.000000	1.64006   	300.000000	0.000392965	
310.000000	1.36243   	310.000000	1.61055   	310.000000	1.62527   	310.000000	1.60005   	310.000000	1.6253    	310.000000	1.61017   	310.000000	0.000381289	
320.000000	1.3392    	320.000000	1.5825    	320.000000	1.59761   	320.000000	1.57246   	320.000000	1.59771   	320.000000	1.58213   	320.000000	0.000370313	
330.000000	1.31732   	330.000000	1.55612   	330.000000	1.57171   	330.000000	1.54654   	330.000000	1.57178   	330.000000	1.55576   	330.000000	0.000359974	
340.000000	1.29668   	340.000000	1.53129   	340.000000	1.54737   	340.000000	1.52216   	340.000000	1.5474    	340.000000	1.53094   	340.000000	0.000350217	
350.000000	1.27718   	350.000000	1.50787   	350.000000	1.52433   	350.000000	1.49919   	350.000000	1.5244    	350.000000	1.50753   	350.000000	0.000340995	
360.000000	1.25873   	360.000000	1.48575   	360.000000	1.50263   	360.000000	1.47751   	360.000000	1.50269   	360.000000	1.48542   	360.000000	0.000332263	
370.000000	1.24124   	370.000000	1.46482   	370.000000	1.48218   	370.000000	1.45703   	370.000000	1.48218   	370.000000	1.4645    	370.000000	0.000323984	
380.000000	1.22465   	380.000000	1.445     	380.000000	1.46277   	380.000000	1.43764   	380.000000	1.46274   	380.000000	1.44468   	380.000000	0.000316122	
390.000000	1.20889   	390.000000	1.4262    	390.000000	1.44432   	390.000000	1.41927   	390.000000	1.44433   	390.000000	1.42589   	390.000000	0.000308647	
400.000000	1.1939    	400.000000	1.40835   	400.000000	1.42683   	400.000000	1.40184   	400.000000	1.42686   	400.000000	1.40805   	400.000000	0.000301529	
410.000000	1.17962   	410.000000	1.39138   	410.000000	1.41022   	410.000000	1.38529   	410.000000	1.41025   	410.000000	1.39108   	410.000000	0.000294745	
420.000000	1.16602   	420.000000	1.37523   	420.000000	1.39442   	420.000000	1.36955   	420.000000	1.39446   	420.000000	1.37494   	420.000000	0.00028827	
430.000000	1.15304   	430.000000	1.35984   	430.000000	1.37938   	430.000000	1.35457   	430.000000	1.37943   	430.000000	1.35956   	430.000000	0.000282084	
440.000000	1.14064   	440.000000	1.34517   	440.000000	1.36505   	440.000000	1.34029   	440.000000	1.3651    	440.000000	1.34489   	440.000000	0.000276167	
450.000000	1.12879   	450.000000	1.33116   	450.000000	1.35138   	450.000000	1.32668   	450.000000	1.35143   	450.000000	1.33089   	450.000000	0.000270503	
460.000000	1.11745   	460.000000	1.31778   	460.000000	1.33833   	460.000000	1.31368   	460.000000	1.33838   	460.000000	1.31752   	460.000000	0.000265075	
470.000000	1.1066    	470.000000	1.30499   	470.000000	1.32586   	470.000000	1.30127   	470.000000	1.32592   	470.000000	1.30473   	470.000000	0.000259868	
480.000000	1.0962    	480.000000	1.29274   	480.000000	1.31394   	480.000000	1.2894    	480.000000	1.31399   	480.000000	1.29249   	480.000000	0.000254869	
490.000000	1.08622   	490.000000	1.28102   	490.000000	1.30252   	490.000000	1.27804   	490.000000	1.30257   	490.000000	1.28077   	490.000000	0.000250066	
500.000000	1.07665   	500.000000	1.26978   	500.000000	1.2916    	500.000000	1.26716   	500.000000	1.29164   	500.000000	1.26954   	500.000000	0.000245447	
520.000000	1.05863   	520.000000	1.24867   	520.000000	1.27108   	520.000000	1.24674   	520.000000	1.27111   	520.000000	1.24843   	520.000000	0.00023672	
540.000000	1.04198   	540.000000	1.22919   	540.000000	1.25218   	540.000000	1.22793   	540.000000	1.2522    	540.000000	1.22897   	540.000000	0.000228614	
560.000000	1.02654   	560.000000	1.21119   	560.000000	1.23473   	560.000000	1.21057   	560.000000	1.23474   	560.000000	1.21097   	560.000000	0.000221064	
580.000000	1.01222   	580.000000	1.19452   	580.000000	1.21858   	580.000000	1.19451   	580.000000	1.21857   	580.000000	1.1943    	580.000000	0.000214014	
600.000000	0.998891  	600.000000	1.17904   	600.000000	1.20361   	600.000000	1.17962   	600.000000	1.20359   	600.000000	1.17883   	600.000000	0.000207414	
620.000000	0.986473  	620.000000	1.16464   	620.000000	1.18969   	620.000000	1.16578   	620.000000	1.18964   	620.000000	1.16444   	620.000000	0.000201224	
640.000000	0.974883  	640.000000	1.15123   	640.000000	1.17667   	640.000000	1.1529    	640.000000	1.17667   	640.000000	1.15103   	640.000000	0.000195405	
660.000000	0.964049  	660.000000	1.13871   	660.000000	1.16453   	660.000000	1.14089   	660.000000	1.16457   	660.000000	1.13852   	660.000000	0.000189925	
680.000000	0.953909  	680.000000	1.12702   	680.000000	1.15324   	680.000000	1.12967   	680.000000	1.15326   	680.000000	1.12683   	680.000000	0.000184755	
700.000000	0.944406  	700.000000	1.11607   	700.000000	1.1427    	700.000000	1.11918   	700.000000	1.14269   	700.000000	1.11589   	700.000000	0.000179868	
720.000000	0.93549   	720.000000	1.10582   	720.000000	1.13282   	720.000000	1.10936   	720.000000	1.13278   	720.000000	1.10564   	720.000000	0.000175242	
740.000000	0.927116  	740.000000	1.0962    	740.000000	1.12353   	740.000000	1.10014   	740.000000	1.12348   	740.000000	1.09603   	740.000000	0.000170856	
760.000000	0.919243  	760.000000	1.08717   	760.000000	1.11477   	760.000000	1.09149   	760.000000	1.11476   	760.000000	1.087     	760.000000	0.000166692	
780.000000	0.911836  	780.000000	1.07868   	780.000000	1.10653   	780.000000	1.08336   	780.000000	1.10655   	780.000000	1.07852   	780.000000	0.000162733	
800.000000	0.904861  	800.000000	1.0707    	800.000000	1.09882   	800.000000	1.07571   	800.000000	1.09882   	800.000000	1.07054   	800.000000	0.000158964	
820.000000	0.898288  	820.000000	1.06318   	820.000000	1.09156   	820.000000	1.0685    	820.000000	1.09155   	820.000000	1.06302   	820.000000	0.000155372	
840.000000	0.89209   	840.000000	1.0561    	840.000000	1.08471   	840.000000	1.0617    	840.000000	1.08468   	840.000000	1.05594   	840.000000	0.000151944	
860.000000	0.886242  	860.000000	1.04942   	860.000000	1.07821   	860.000000	1.05528   	860.000000	1.0782    	860.000000	1.04927   	860.000000	0.000148669	
880.000000	0.880723  	880.000000	1.04312   	880.000000	1.07206   	880.000000	1.04922   	880.000000	1.07208   	880.000000	1.04297   	880.000000	0.000145537	
900.000000	0.875511  	900.000000	1.03717   	900.000000	1.06627   	900.000000	1.0435    	900.000000	1.0663    	900.000000	1.03703   	900.000000	0.00014254	
920.000000	0.870588  	920.000000	1.03156   	920.000000	1.06081   	920.000000	1.03808   	920.000000	1.06081   	920.000000	1.03142   	920.000000	0.000139667	
940.000000	0.865935  	940.000000	1.02625   	940.000000	1.05565   	940.000000	1.03295   	940.000000	1.05563   	940.000000	1.02612   	940.000000	0.000136912	
960.000000	0.861538  	960.000000	1.02124   	960.000000	1.05075   	960.000000	1.02809   	960.000000	1.05072   	960.000000	1.02111   	960.000000	0.000134267	
980.000000	0.857381  	980.000000	1.0165    	980.000000	1.04608   	980.000000	1.02348   	980.000000	1.04606   	980.000000	1.01637   	980.000000	0.000131726	
1000.000000	0.853452  	1000.000000	1.01202   	1000.000000	1.04164   	1000.000000	1.01912   	1000.000000	1.04164   	1000.000000	1.01189   	1000.000000	0.000129283	
1020.000000	0.849737  	1020.000000	1.00778   	1020.000000	1.03744   	1020.000000	1.01497   	1020.000000	1.03744   	1020.000000	1.00766   	1020.000000	0.000126931	
1040.000000	0.846224  	1040.000000	1.00377   	1040.000000	1.03345   	1040.000000	1.01104   	1040.000000	1.03346   	1040.000000	1.00365   	1040.000000	0.000124667	
1060.000000	0.842904  	1060.000000	0.999982  	1060.000000	1.02969   	1060.000000	1.0073    	1060.000000	1.02969   	1060.000000	0.99986   	1060.000000	0.000122485	
1080.000000	0.839765  	1080.000000	0.996395  	1080.000000	1.02611   	1080.000000	1.00375   	1080.000000	1.02609   	1080.000000	0.996274  	1080.000000	0.000120381	
1100.000000	0.836799  	1100.000000	0.993001  	1100.000000	1.02271   	1100.000000	1.00038   	1100.000000	1.02267   	1100.000000	0.992883  	1100.000000	0.00011835	
1120.000000	0.833998  	1120.000000	0.989791  	1120.000000	1.01946   	1120.000000	0.997166  	1120.000000	1.01941   	1120.000000	0.989675  	1120.000000	0.000116389	
1140.000000	0.831352  	1140.000000	0.986755  	1140.000000	1.01637   	1140.000000	0.994113  	1140.000000	1.01632   	1140.000000	0.986641  	1140.000000	0.000114494	
1160.000000	0.828855  	1160.000000	0.983885  	1160.000000	1.01341   	1160.000000	0.991208  	1160.000000	1.01338   	1160.000000	0.983772  	1160.000000	0.000112661	
1180.000000	0.826499  	1180.000000	0.981171  	1180.000000	1.0106    	1180.000000	0.988443  	1180.000000	1.01057   	1180.000000	0.981061  	1180.000000	0.000110889	
1200.000000	0.824277  	1200.000000	0.978607  	1200.000000	1.00792   	1200.000000	0.98581   	1200.000000	1.0079    	1200.000000	0.978498  	1200.000000	0.000109173	
1220.000000	0.822185  	1220.000000	0.976186  	1220.000000	1.00536   	1220.000000	0.983303  	1220.000000	1.00536   	1220.000000	0.976078  	1220.000000	0.000107512	
1240.000000	0.820215  	1240.000000	0.973899  	1240.000000	1.00293   	1240.000000	0.980916  	1240.000000	1.00294   	1240.000000	0.973794  	1240.000000	0.000105902	
1260.000000	0.818362  	1260.000000	0.971742  	1260.000000	1.00061   	1260.000000	0.978641  	1260.000000	1.00063   	1260.000000	0.971638  	1260.000000	0.000104341	
1280.000000	0.816622  	1280.000000	0.969708  	1280.000000	0.998407  	1280.000000	0.976473  	1280.000000	0.998428  	1280.000000	0.969605  	1280.000000	0.000102827	
1300.000000	0.814989  	1300.000000	0.967792  	1300.000000	0.996309  	1300.000000	0.974408  	1300.000000	0.99633   	1300.000000	0.96769   	1300.000000	0.000101358	
1320.000000	0.813458  	1320.000000	0.965988  	1320.000000	0.994314  	1320.000000	0.97244   	1320.000000	0.994332  	1320.000000	0.965888  	1320.000000	9.99318e-05	
1340.000000	0.812027  	1340.000000	0.964291  	1340.000000	0.992416  	1340.000000	0.970564  	1340.000000	0.992428  	1340.000000	0.964192  	1340.000000	9.85465e-05	
1360.000000	0.810689  	1360.000000	0.962697  	1360.000000	0.99061   	1360.000000	0.968776  	1360.000000	0.990611  	1360.000000	0.9626    	1360.000000	9.72003e-05	
1380.000000	0.809443  	1380.000000	0.961201  	1380.000000	0.98889   	1380.000000	0.967072  	1380.000000	0.988876  	1380.000000	0.961105  	1380.000000	9.58917e-05	
1400.000000	0.808284  	1400.000000	0.959799  	1400.000000	0.987249  	1400.000000	0.965448  	1400.000000	0.987223  	1400.000000	0.959705  	1400.000000	9.46191e-05	
1420.000000	0.807208  	1420.000000	0.958488  	1420.000000	0.985683  	1420.000000	0.963901  	1420.000000	0.985648  	1420.000000	0.958395  	1420.000000	9.3381e-05	
1440.000000	0.806213  	1440.000000	0.957263  	1440.000000	0.984189  	1440.000000	0.962425  	1440.000000	0.984148  	1440.000000	0.957171  	1440.000000	9.21759e-05	
1460.000000	0.805295  	1460.000000	0.956121  	1460.000000	0.98276   	1460.000000	0.96102   	1460.000000	0.982719  	1460.000000	0.95603   	1460.000000	9.10027e-05	
1480.000000	0.804451  	1480.000000	0.955059  	1480.000000	0.981396  	1480.000000	0.95968   	1480.000000	0.981353  	1480.000000	0.954969  	1480.000000	8.98599e-05	
1500.000000	0.80368   	1500.000000	0.954074  	1500.000000	0.980094  	1500.000000	0.958404  	1500.000000	0.980051  	1500.000000	0.953985  	1500.000000	8.87464e-05	
1520.000000	0.802977  	1520.000000	0.953162  	1520.000000	0.978851  	1520.000000	0.957189  	1520.000000	0.978811  	1520.000000	0.953074  	1520.000000	8.76612e-05	
1540.000000	0.802342  	1540.000000	0.952321  	1540.000000	0.977666  	1540.000000	0.956032  	1540.000000	0.977631  	1540.000000	0.952234  	1540.000000	8.6603e-05	
1560.000000	0.80177   	1560.000000	0.951548  	1560.000000	0.976536  	1560.000000	0.95493   	1560.000000	0.976507  	1560.000000	0.951462  	1560.000000	8.5571e-05	
1580.000000	0.801261  	1580.000000	0.95084   	1580.000000	0.975461  	1580.000000	0.953882  	1580.000000	0.975439  	1580.000000	0.950755  	1580.000000	8.45641e-05	
1600.000000	0.800811  	1600.000000	0.950195  	1600.000000	0.974437  	1600.000000	0.952884  	1600.000000	0.974419  	1600.000000	0.950112  	1600.000000	8.35815e-05	
1620.000000	0.80042   	1620.000000	0.949612  	1620.000000	0.973464  	1620.000000	0.951935  	1620.000000	0.973447  	1620.000000	0.949529  	1620.000000	8.26222e-05	
1640.000000	0.800084  	1640.000000	0.949087  	1640.000000	0.972538  	1640.000000	0.951033  	1640.000000	0.972524  	1640.000000	0.949005  	1640.000000	8.16854e-05	
1660.000000	0.799803  	1660.000000	0.948618  	1660.000000	0.971658  	1660.000000	0.950176  	1660.000000	0.971646  	1660.000000	0.948537  	1660.000000	8.07703e-05	
1680.000000	0.799573  	1680.000000	0.948204  	1680.000000	0.970822  	1680.000000	0.949362  	1680.000000	0.970813  	1680.000000	0.948124  	1680.000000	7.98762e-05	
1700.000000	0.799395  	1700.000000	0.947842  	1700.000000	0.970029  	1700.000000	0.948589  	1700.000000	0.970023  	1700.000000	0.947763  	1700.000000	7.90024e-05	
1750.000000	0.79916   	1750.000000	0.947157  	1750.000000	0.968217  	1750.000000	0.946827  	1750.000000	0.968215  	1750.000000	0.94708   	1750.000000	7.69019e-05	
1800.000000	0.799208  	1800.000000	0.946762  	1800.000000	0.966633  	1800.000000	0.945289  	1800.000000	0.966632  	1800.000000	0.946687  	1800.000000	7.49139e-05	
1850.000000	0.799519  	1850.000000	0.946636  	1850.000000	0.965255  	1850.000000	0.943954  	1850.000000	0.965259  	1850.000000	0.946563  	1850.000000	7.30293e-05	
1900.000000	0.800074  	1900.000000	0.946756  	1900.000000	0.964064  	1900.000000	0.942805  	1900.000000	0.96407   	1900.000000	0.946685  	1900.000000	7.12403e-05	
1950.000000	0.800856  	1950.000000	0.947104  	1950.000000	0.963042  	1950.000000	0.941823  	1950.000000	0.96305   	1950.000000	0.947034  	1950.000000	6.95397e-05	
2000.000000	0.80185   	2000.000000	0.947663  	2000.000000	0.962176  	2000.000000	0.940994  	2000.000000	0.962188  	2000.000000	0.947595  	2000.000000	6.7921e-05	
2100.000000	0.804418  	2100.000000	0.949354  	2100.000000	0.960856  	2100.000000	0.939743  	2100.000000	0.960871  	2100.000000	0.949289  	2100.000000	6.49065e-05	
2200.000000	0.807682  	2200.000000	0.951721  	2200.000000	0.960011  	2200.000000	0.938959  	2200.000000	0.960031  	2200.000000	0.951659  	2200.000000	6.21563e-05	
2300.000000	0.811563  	2300.000000	0.954677  	2300.000000	0.959565  	2300.000000	0.938568  	2300.000000	0.959584  	2300.000000	0.954618  	2300.000000	5.96368e-05	
2400.000000	0.815992  	2400.000000	0.958148  	2400.000000	0.959454  	2400.000000	0.938507  	2400.000000	0.959477  	2400.000000	0.958091  	2400.000000	5.73197e-05	
2500.000000	0.820913  	2500.000000	0.962071  	2500.000000	0.959628  	2500.000000	0.938727  	2500.000000	0.959651  	2500.000000	0.962016  	2500.000000	5.51815e-05	
2600.000000	0.826277  	2600.000000	0.966394  	2600.000000	0.960044  	2600.000000	0.939185  	2600.000000	0.960069  	2600.000000	0.966341  	2600.000000	5.32018e-05	
2700.000000	0.832044  	2700.000000	0.971073  	2700.000000	0.960666  	2700.000000	0.939845  	2700.000000	0.960689  	2700.000000	0.971021  	2700.000000	5.13637e-05	
2800.000000	0.838176  	2800.000000	0.976067  	2800.000000	0.961464  	2800.000000	0.940677  	2800.000000	0.961489  	2800.000000	0.976017  	2800.000000	4.96522e-05	
2900.000000	0.844643  	2900.000000	0.981345  	2900.000000	0.962413  	2900.000000	0.941657  	2900.000000	0.962434  	2900.000000	0.981296  	2900.000000	4.80545e-05	
3000.000000	0.851418  	3000.000000	0.986876  	3000.000000	0.963491  	3000.000000	0.942762  	3000.000000	0.963509  	3000.000000	0.98683   	3000.000000	4.65597e-05	
3200.000000	0.865799  	3200.000000	0.998605  	3200.000000	0.96596   	3200.000000	0.945279  	3200.000000	0.96597   	3200.000000	0.998561  	3200.000000	4.38405e-05	
3400.000000	0.881161  	3400.000000	1.01109   	3400.000000	0.968748  	3400.000000	0.948111  	3400.000000	0.968753  	3400.000000	1.01104   	3400.000000	4.14304e-05	
3600.000000	0.897381  	3600.000000	1.02419   	3600.000000	0.971767  	3600.000000	0.95117   	3600.000000	0.97177   	3600.000000	1.02415   	3600.000000	3.9279e-05	
3800.000000	0.914359  	3800.000000	1.03782   	3800.000000	0.974949  	3800.000000	0.954392  	3800.000000	0.974952  	3800.000000	1.03778   	3800.000000	3.73463e-05	
4000.000000	0.932016  	4000.000000	1.05188   	4000.000000	0.978247  	4000.000000	0.957728  	4000.000000	0.978251  	4000.000000	1.05184   	4000.000000	3.56003e-05	
4200.000000	0.950287  	4200.000000	1.06632   	4200.000000	0.981622  	4200.000000	0.961138  	4200.000000	0.98163   	4200.000000	1.06628   	4200.000000	3.4015e-05	
4400.000000	0.969118  	4400.000000	1.08107   	4400.000000	0.985046  	4400.000000	0.964595  	4400.000000	0.985055  	4400.000000	1.08104   	4400.000000	3.25689e-05	
4600.000000	0.988465  	4600.000000	1.0961    	4600.000000	0.988497  	4600.000000	0.968076  	4600.000000	0.988508  	4600.000000	1.09607   	4600.000000	3.12443e-05	
4800.000000	1.00829   	4800.000000	1.11136   	4800.000000	0.991958  	4800.000000	0.971563  	4800.000000	0.991968  	4800.000000	1.11133   	4800.000000	3.00264e-05	
5000.000000	1.02856   	5000.000000	1.12683   	5000.000000	0.995414  	5000.000000	0.975044  	5000.000000	0.995423  	5000.000000	1.1268    	5000.000000	2.89026e-05	
5250.000000	1.05449   	5250.000000	1.14642   	5250.000000	0.999713  	5250.000000	0.97937   	5250.000000	0.999719  	5250.000000	1.14639   	5250.000000	2.76142e-05	
5500.000000	1.08104   	5500.000000	1.16624   	5500.000000	1.00397   	5500.000000	0.983654  	5500.000000	1.00397   	5500.000000	1.16621   	5500.000000	2.64391e-05	
6000.000000	1.13582   	6000.000000	1.20646   	6000.000000	1.01233   	6000.000000	0.992058  	6000.000000	1.01232   	6000.000000	1.20643   	6000.000000	2.43731e-05	
6500.000000	1.19268   	6500.000000	1.24727   	6500.000000	1.02043   	6500.000000	1.0002    	6500.000000	1.02042   	6500.000000	1.24725   	6500.000000	2.26147e-05	
7000.000000	1.25146   	7000.000000	1.28853   	7000.000000	1.02825   	7000.000000	1.00806   	7000.000000	1.02823   	7000.000000	1.28851   	7000.000000	2.10996e-05	
7500.000000	1.31203   	7500.000000	1.33012   	7500.000000	1.03572   	7500.000000	1.01563   	7500.000000	1.03575   	7500.000000	1.3301    	7500.000000	1.978e-05 	
8000.000000	1.3743    	8000.000000	1.37196   	8000.000000	1.04297   	8000.000000	1.02292   	8000.000000	1.04299   	8000.000000	1.37194   	8000.000000	1.86201e-05	
8500.000000	1.43821   	8500.000000	1.41399   	8500.000000	1.04996   	8500.000000	1.02993   	8500.000000	1.04995   	8500.000000	1.41397   	8500.000000	1.75923e-05	
9000.000000	1.50369   	9000.000000	1.45616   	9000.000000	1.05665   	9000.000000	1.03667   	9000.000000	1.05665   	9000.000000	1.45615   	9000.000000	1.6675e-05	
9500.000000	1.5707    	9500.000000	1.49844   	9500.000000	1.06309   	9500.000000	1.04317   	9500.000000	1.06309   	9500.000000	1.49842   	9500.000000	1.58513e-05	
10000.000000	1.63921   	10000.000000	1.54079   	10000.000000	1.06928   	10000.000000	1.04942   	10000.000000	1.06929   	10000.000000	1.54078   	10000.000000	1.51072e-05	
11000.000000	1.78062   	11000.000000	1.62565   	11000.000000	1.08102   	11000.000000	1.06127   	11000.000000	1.08104   	11000.000000	1.62563   	11000.000000	1.38158e-05	
12000.000000	1.92775   	12000.000000	1.7106    	12000.000000	1.09196   	12000.000000	1.07232   	12000.000000	1.09198   	12000.000000	1.71059   	12000.000000	1.27331e-05	
13000.000000	2.0805    	13000.000000	1.79556   	13000.000000	1.1022    	13000.000000	1.08265   	13000.000000	1.1022    	13000.000000	1.79555   	13000.000000	1.18119e-05	
14000.000000	2.23877   	14000.000000	1.88048   	14000.000000	1.11182   	14000.000000	1.09236   	14000.000000	1.11178   	14000.000000	1.88047   	14000.000000	1.10183e-05	
15000.000000	2.40254   	15000.000000	1.96533   	15000.000000	1.12088   	15000.000000	1.1015    	15000.000000	1.1208    	15000.000000	1.96532   	15000.000000	1.03273e-05	
16000.000000	2.57176   	16000.000000	2.05007   	16000.000000	1.1294    	16000.000000	1.11014   	16000.000000	1.1293    	16000.000000	2.05006   	16000.000000	9.72e-06  	
17000.000000	2.74642   	17000.000000	2.13469   	17000.000000	1.13743   	17000.000000	1.11832   	17000.000000	1.13733   	17000.000000	2.13468   	17000.000000	9.18198e-06	
18000.000000	2.92651   	18000.000000	2.21918   	18000.000000	1.14502   	18000.000000	1.12608   	18000.000000	1.14495   	18000.000000	2.21917   	18000.000000	8.70192e-06	
19000.000000	3.11202   	19000.000000	2.30353   	19000.000000	1.15223   	19000.000000	1.13348   	19000.000000	1.15219   	19000.000000	2.30353   	19000.000000	8.27085e-06	
20000.000000	3.30296   	20000.000000	2.38775   	20000.000000	1.15908   	20000.000000	1.14053   	20000.000000	1.15908   	20000.000000	2.38774   	20000.000000	7.88158e-06	
21000.000000	3.49934   	21000.000000	2.47183   	21000.000000	1.16563   	21000.000000	1.14727   	21000.000000	1.16566   	21000.000000	2.47182   	21000.000000	7.52825e-06	
22000.000000	3.70117   	22000.000000	2.55576   	22000.000000	1.17192   	22000.000000	1.15373   	22000.000000	1.17194   	22000.000000	2.55575   	22000.000000	7.20607e-06	
23000.000000	3.90845   	23000.000000	2.63955   	23000.000000	1.17794   	23000.000000	1.15992   	23000.000000	1.17795   	23000.000000	2.63954   	23000.000000	6.91105e-06	
24000.000000	4.12122   	24000.000000	2.7232    	24000.000000	1.1837    	24000.000000	1.16587   	24000.000000	1.18371   	24000.000000	2.7232    	24000.000000	6.63987e-06	
25000.000000	4.33948   	25000.000000	2.80672   	25000.000000	1.18924   	25000.000000	1.17159   	25000.000000	1.18924   	25000.000000	2.80671   	25000.000000	6.38973e-06	
26000.000000	4.56326   	26000.000000	2.8901    	26000.000000	1.19458   	26000.000000	1.17711   	26000.000000	1.19456   	26000.000000	2.89009   	26000.000000	6.15825e-06	
27000.000000	4.79258   	27000.000000	2.97335   	27000.000000	1.1997    	27000.000000	1.18243   	27000.000000	1.19967   	27000.000000	2.97334   	27000.000000	5.94339e-06	
28000.000000	5.02747   	28000.000000	3.05647   	28000.000000	1.20464   	28000.000000	1.18757   	28000.000000	1.2046    	28000.000000	3.05646   	28000.000000	5.74342e-06	
29000.000000	5.26793   	29000.000000	3.13946   	29000.000000	1.2094    	29000.000000	1.19254   	29000.000000	1.20935   	29000.000000	3.13945   	29000.000000	5.55682e-06	
30000.000000	5.51401   	30000.000000	3.22232   	30000.000000	1.21398   	30000.000000	1.19735   	30000.000000	1.21394   	30000.000000	3.22231   	30000.000000	5.38229e-06	
32000.000000	6.0231    	32000.000000	3.38769   	32000.000000	1.22269   	32000.000000	1.20654   	32000.000000	1.22265   	32000.000000	3.38768   	32000.000000	5.06498e-06	
34000.000000	6.55495   	34000.000000	3.55259   	34000.000000	1.23086   	34000.000000	1.21519   	34000.000000	1.23082   	34000.000000	3.55258   	34000.000000	4.78391e-06	
36000.000000	7.10978   	36000.000000	3.71704   	36000.000000	1.23852   	36000.000000	1.22337   	36000.000000	1.23849   	36000.000000	3.71703   	36000.000000	4.53316e-06	
38000.000000	7.68781   	38000.000000	3.88107   	38000.000000	1.24572   	38000.000000	1.23113   	38000.000000	1.24571   	38000.000000	3.88106   	38000.000000	4.30804e-06	
40000.000000	8.2893    	40000.000000	4.04469   	40000.000000	1.25251   	40000.000000	1.23851   	40000.000000	1.25253   	40000.000000	4.04468   	40000.000000	4.10477e-06	
42000.000000	8.91447   	42000.000000	4.20792   	42000.000000	1.25895   	42000.000000	1.24554   	42000.000000	1.25899   	42000.000000	4.20791   	42000.000000	3.9203e-06	
44000.000000	9.56357   	44000.000000	4.37077   	44000.000000	1.26509   	44000.000000	1.25225   	44000.000000	1.26511   	44000.000000	4.37077   	44000.000000	3.75211e-06	
46000.000000	10.2369   	46000.000000	4.53327   	46000.000000	1.27096   	46000.000000	1.25868   	46000.000000	1.27092   	46000.000000	4.53327   	46000.000000	3.59812e-06	
48000.000000	10.9346   	48000.000000	4.69543   	48000.000000	1.27658   	48000.000000	1.26484   	48000.000000	1.27645   	48000.000000	4.69542   	48000.000000	3.45659e-06	
50000.000000	11.657    	50000.000000	4.85725   	50000.000000	1.28192   	50000.000000	1.27075   	50000.000000	1.28171   	50000.000000	4.85725   	50000.000000	3.32605e-06	
