! 52Ti energy loss (dE/dX) in He
! apply ZOOM for details
Energy (MeV/u)1	0 - [He-base] F.Hubert et al, AD&ND Tables 46(1990)1	Energy (MeV/u)2	1 - [H -base] J.F.Ziegler et al,Pergamon Press,NY(low energy)	Energy (MeV/u)3	2 - ATIMA 1.2 LS-theory (recommended for high energy)	Energy (MeV/u)4	3 - ATIMA 1.2 without LS-correction	Energy (MeV/u)5	4 - ATIMA 1.4 H.Weick, improved mean charge formula for HI	Energy (MeV/u)6	5 - electrical component of [1] - J.F.Ziegler et al	Energy (MeV/u)7	6 - nuclear component of [1] - J.F.Ziegler et al	
0.001000	6.29039   	0.001000	6.91245   	0.001000	6.79887   	0.001000	6.79887   	0.001000	6.79933   	0.001000	1.66315   	0.001000	5.2493    	
0.002000	6.32966   	0.002000	6.57498   	0.002000	6.60951   	0.002000	6.60951   	0.002000	6.60984   	0.002000	2.15684   	0.002000	4.41815   	
0.005000	6.47518   	0.005000	6.09053   	0.005000	6.51409   	0.005000	6.51409   	0.005000	6.51427   	0.005000	3.0412    	0.005000	3.04932   	
0.008000	6.75467   	0.008000	6.01399   	0.008000	6.76922   	0.008000	6.76922   	0.008000	6.76935   	0.008000	3.62736   	0.008000	2.38664   	
0.010000	6.96104   	0.010000	6.04532   	0.010000	7.00123   	0.010000	7.00123   	0.010000	7.00134   	0.010000	3.94395   	0.010000	2.10137   	
0.015000	7.69855   	0.015000	6.23302   	0.015000	7.64247   	0.015000	7.64247   	0.015000	7.64255   	0.015000	4.59162   	0.015000	1.6414    	
0.020000	8.50724   	0.020000	6.47725   	0.020000	8.292     	0.020000	8.292     	0.020000	8.29207   	0.020000	5.11467   	0.020000	1.36258   	
0.025000	9.48412   	0.025000	6.73399   	0.025000	8.92023   	0.025000	8.92023   	0.025000	8.92028   	0.025000	5.56108   	0.025000	1.17291   	
0.030000	10.3865   	0.030000	7.80481   	0.030000	9.73078   	0.030000	9.73078   	0.030000	9.73082   	0.030000	6.77046   	0.030000	1.03436   	
0.035000	11.1918   	0.035000	9.01157   	0.035000	10.5889   	0.035000	10.5889   	0.035000	10.5889   	0.035000	8.08345   	0.035000	0.928114  	
0.040000	11.8794   	0.040000	10.1557   	0.040000	11.443    	0.040000	11.443    	0.040000	11.4431   	0.040000	9.31969   	0.040000	0.836011  	
0.045000	12.4546   	0.045000	11.2429   	0.045000	12.304    	0.045000	12.304    	0.045000	12.304    	0.045000	10.475    	0.045000	0.767889  	
0.050000	12.9086   	0.050000	12.2701   	0.050000	13.159    	0.050000	13.159    	0.050000	13.1591   	0.050000	11.559    	0.050000	0.711041  	
0.055000	13.6453   	0.055000	13.2481   	0.055000	14.0051   	0.055000	14.0051   	0.055000	14.0052   	0.055000	12.5853   	0.055000	0.6628    	
0.060000	14.3113   	0.060000	14.187    	0.060000	14.8398   	0.060000	14.8398   	0.060000	14.8398   	0.060000	13.5657   	0.060000	0.62129   	
0.070000	15.4777   	0.070000	15.9733   	0.070000	16.4664   	0.070000	16.4664   	0.070000	16.4664   	0.070000	15.4199   	0.070000	0.553373  	
0.080000	16.7306   	0.080000	17.6992   	0.080000	18.0258   	0.080000	18.0258   	0.080000	18.0258   	0.080000	17.1992   	0.080000	0.499997  	
0.090000	17.8023   	0.090000	19.3574   	0.090000	19.5088   	0.090000	19.5088   	0.090000	19.5088   	0.090000	18.9005   	0.090000	0.456826  	
0.100000	18.7284   	0.100000	20.9117   	0.100000	20.9095   	0.100000	20.9095   	0.100000	20.9095   	0.100000	20.4906   	0.100000	0.421114  	
0.120000	19.8005   	0.120000	23.7063   	0.120000	23.4521   	0.120000	23.4521   	0.120000	23.4521   	0.120000	23.341    	0.120000	0.365306  	
0.140000	20.6256   	0.140000	26.1022   	0.140000	25.6493   	0.140000	25.6493   	0.140000	25.6493   	0.140000	25.7786   	0.140000	0.323539  	
0.160000	21.3043   	0.160000	28.1441   	0.160000	27.5184   	0.160000	27.5184   	0.160000	27.5184   	0.160000	27.8532   	0.160000	0.290994  	
0.180000	21.9078   	0.180000	29.7445   	0.180000	29.0896   	0.180000	29.0896   	0.180000	29.0896   	0.180000	29.4796   	0.180000	0.264854  	
0.200000	22.5302   	0.200000	31.0926   	0.200000	30.3985   	0.200000	30.3985   	0.200000	30.3985   	0.200000	30.8493   	0.200000	0.243354  	
0.250000	23.4178   	0.250000	33.7172   	0.250000	32.7601   	0.250000	32.7601   	0.250000	32.7601   	0.250000	33.514    	0.250000	0.203129  	
0.300000	24.3297   	0.300000	35.593    	0.300000	34.2081   	0.300000	34.2081   	0.300000	34.2082   	0.300000	35.418    	0.300000	0.175026  	
0.350000	25.7589   	0.350000	37.7015   	0.350000	35.0995   	0.350000	35.0995   	0.350000	35.0995   	0.350000	37.5474   	0.350000	0.15419   	
0.400000	26.9559   	0.400000	39.4371   	0.400000	36.5327   	0.400000	36.5327   	0.400000	36.5327   	0.400000	39.2991   	0.400000	0.138075  	
0.450000	27.9504   	0.450000	40.7172   	0.450000	38.023    	0.450000	38.023    	0.450000	38.0231   	0.450000	40.5919   	0.450000	0.12521   	
0.500000	28.7708   	0.500000	41.6591   	0.500000	38.6202   	0.500000	38.6202   	0.500000	38.6202   	0.500000	41.5444   	0.500000	0.114683  	
0.600000	29.3273   	0.600000	43.2862   	0.600000	39.3376   	0.600000	39.3376   	0.600000	39.3376   	0.600000	43.1877   	0.600000	0.098445  	
0.700000	29.4898   	0.700000	44.6041   	0.700000	39.6821   	0.700000	39.6821   	0.700000	39.6821   	0.700000	44.5177   	0.700000	0.0864654 	
0.800000	30.3707   	0.800000	45.3506   	0.800000	39.8097   	0.800000	39.8097   	0.800000	39.8097   	0.800000	45.2734   	0.800000	0.0772367 	
0.900000	30.965    	0.900000	45.7081   	0.900000	39.7956   	0.900000	39.7956   	0.900000	39.7956   	0.900000	45.6383   	0.900000	0.0698933 	
1.000000	31.2708   	1.000000	45.6902   	1.000000	39.6816   	1.000000	39.6816   	1.000000	39.6816   	1.000000	45.6263   	1.000000	0.063901  	
1.250000	31.3212   	1.250000	44.8591   	1.250000	39.1126   	1.250000	39.1126   	1.250000	39.1126   	1.250000	44.8062   	1.250000	0.0528101 	
1.500000	30.9087   	1.500000	43.6108   	1.500000	38.3058   	1.500000	38.3058   	1.500000	38.3058   	1.500000	43.5657   	1.500000	0.0451586 	
1.750000	29.9725   	1.750000	41.76     	1.750000	37.1675   	1.750000	37.1675   	1.750000	37.1675   	1.750000	41.7205   	1.750000	0.039541  	
2.000000	28.9458   	2.000000	39.8913   	2.000000	35.992    	2.000000	35.992    	2.000000	35.992    	2.000000	39.8561   	2.000000	0.0352302 	
2.250000	27.8908   	2.250000	38.0342   	2.250000	34.8935   	2.250000	34.8935   	2.250000	34.8935   	2.250000	38.0024   	2.250000	0.0318111 	
2.500000	31.1976   	2.500000	36.3846   	2.500000	33.8612   	2.500000	33.8612   	2.500000	33.8612   	2.500000	36.3556   	2.500000	0.0290288 	
3.000000	29.2401   	3.000000	33.4629   	3.000000	31.9694   	3.000000	31.9694   	3.000000	31.9695   	3.000000	33.4381   	3.000000	0.0247658 	
3.500000	27.4653   	3.500000	31.1635   	3.500000	30.2772   	3.500000	30.2772   	3.500000	30.2772   	3.500000	31.1418   	3.500000	0.0216446 	
4.000000	25.8764   	4.000000	29.37     	4.000000	28.7554   	4.000000	28.7554   	4.000000	28.7554   	4.000000	29.3508   	4.000000	0.0192549 	
4.500000	24.4573   	4.500000	27.81     	4.500000	27.3805   	4.500000	27.3805   	4.500000	27.3805   	4.500000	27.7927   	4.500000	0.0173632 	
5.000000	23.1874   	5.000000	26.4234   	5.000000	26.1326   	5.000000	26.1326   	5.000000	26.1326   	5.000000	26.4076   	5.000000	0.0158263 	
5.500000	22.0471   	5.500000	25.1768   	5.500000	24.9952   	5.500000	24.9952   	5.500000	24.9952   	5.500000	25.1622   	5.500000	0.0145515 	
6.000000	21.0188   	6.000000	24.0439   	6.000000	23.9543   	6.000000	23.9543   	6.000000	23.9543   	6.000000	24.0305   	6.000000	0.0134761 	
6.500000	20.0875   	6.500000	23.0099   	6.500000	22.9981   	6.500000	22.9981   	6.500000	22.9982   	6.500000	22.9974   	6.500000	0.012556  	
7.000000	19.2403   	7.000000	22.0623   	7.000000	22.1167   	7.000000	22.1167   	7.000000	22.1167   	7.000000	22.0505   	7.000000	0.0117593 	
7.500000	18.4666   	7.500000	21.1903   	7.500000	21.3016   	7.500000	21.3016   	7.500000	21.3016   	7.500000	21.1792   	7.500000	0.0110624 	
8.000000	17.7572   	8.000000	20.3851   	8.000000	20.5454   	8.000000	20.5454   	8.000000	20.5454   	8.000000	20.3747   	8.000000	0.0104474 	
8.500000	17.1044   	8.500000	19.6394   	8.500000	19.842    	8.500000	19.842    	8.500000	19.842    	8.500000	19.6295   	8.500000	0.00990032	
9.000000	16.5018   	9.000000	18.9468   	9.000000	19.1859   	9.000000	19.1859   	9.000000	19.1859   	9.000000	18.9373   	9.000000	0.0094104 	
9.500000	15.9436   	9.500000	18.3016   	9.500000	18.5725   	9.500000	18.5725   	9.500000	18.5725   	9.500000	18.2927   	9.500000	0.00896897	
10.000000	15.4251   	10.000000	16.9631   	10.000000	17.9977   	10.000000	17.9977   	10.000000	17.9978   	10.000000	16.9545   	10.000000	0.00856906	
11.000000	14.4911   	11.000000	16.1335   	11.000000	16.8792   	11.000000	16.9689   	11.000000	16.9833   	11.000000	16.1256   	11.000000	0.00787205	
12.000000	13.673    	12.000000	15.3786   	12.000000	15.8991   	12.000000	16.0574   	12.000000	16.0772   	12.000000	15.3713   	12.000000	0.00728466	
13.000000	12.9501   	13.000000	14.6902   	13.000000	15.034    	13.000000	15.2449   	13.000000	15.2642   	13.000000	14.6834   	13.000000	0.00678257	
14.000000	12.3065   	14.000000	14.0608   	14.000000	14.2653   	14.000000	14.5164   	14.000000	14.5314   	14.000000	14.0545   	14.000000	0.00634819	
15.000000	11.7296   	15.000000	13.4839   	15.000000	13.5782   	15.000000	13.86     	15.000000	13.8685   	15.000000	13.4779   	15.000000	0.00596851	
16.000000	11.2094   	16.000000	12.9534   	16.000000	12.9606   	16.000000	13.2658   	16.000000	13.2665   	16.000000	12.9478   	16.000000	0.00563364	
17.000000	10.7377   	17.000000	12.4643   	17.000000	12.4027   	17.000000	12.7257   	17.000000	12.7181   	17.000000	12.459    	17.000000	0.005336  	
18.000000	10.308    	18.000000	12.012    	18.000000	11.8969   	18.000000	12.233    	18.000000	12.2164   	18.000000	12.007    	18.000000	0.00506961	
19.000000	9.91476   	19.000000	11.5928   	19.000000	11.4367   	19.000000	11.782    	19.000000	11.7567   	19.000000	11.5879   	19.000000	0.00482971	
20.000000	9.5535    	20.000000	11.2031   	20.000000	11.0165   	20.000000	11.3679   	20.000000	11.3344   	20.000000	11.1984   	20.000000	0.0046125 	
21.000000	9.22037   	21.000000	10.84     	21.000000	10.6315   	21.000000	10.9865   	21.000000	10.9448   	21.000000	10.8356   	21.000000	0.00441484	
22.000000	8.91216   	22.000000	10.5009   	22.000000	10.2777   	22.000000	10.6346   	22.000000	10.5854   	22.000000	10.4967   	22.000000	0.00423418	
23.000000	8.62611   	23.000000	10.1836   	23.000000	9.95187   	23.000000	10.3089   	23.000000	10.2526   	23.000000	10.1796   	23.000000	0.00406837	
24.000000	8.35989   	24.000000	9.88608   	24.000000	9.65122   	24.000000	10.0069   	24.000000	9.94422   	24.000000	9.88216   	24.000000	0.00391564	
25.000000	8.11145   	25.000000	9.60651   	25.000000	9.37319   	25.000000	9.72631   	25.000000	9.65774   	25.000000	9.60274   	25.000000	0.00377446	
27.000000	7.66112   	27.000000	9.09524   	27.000000	8.87565   	27.000000	9.22169   	27.000000	9.14293   	27.000000	9.09172   	27.000000	0.00352185	
29.000000	7.26358   	29.000000	8.63923   	29.000000	8.44484   	29.000000	8.78175   	29.000000	8.69485   	29.000000	8.63592   	29.000000	0.00330228	
31.000000	6.90991   	31.000000	8.23002   	31.000000	8.06046   	31.000000	8.37103   	31.000000	8.28235   	31.000000	8.22691   	31.000000	0.00310959	
33.000000	6.59309   	33.000000	7.8608    	33.000000	7.7067    	33.000000	7.98015   	33.000000	7.89535   	33.000000	7.85786   	33.000000	0.00293906	
35.000000	6.30756   	35.000000	7.52601   	35.000000	7.38539   	35.000000	7.62725   	35.000000	7.54681   	35.000000	7.52322   	35.000000	0.00278702	
38.000000	5.92831   	38.000000	7.07854   	38.000000	6.95527   	38.000000	7.15783   	38.000000	7.08434   	38.000000	7.07596   	38.000000	0.00258747	
41.000000	5.59765   	41.000000	6.68604   	41.000000	6.5779    	41.000000	6.74811   	41.000000	6.68163   	41.000000	6.68362   	41.000000	0.00241568	
44.000000	5.30665   	44.000000	6.33897   	44.000000	6.24329   	44.000000	6.38738   	44.000000	6.32771   	44.000000	6.3367    	44.000000	0.00226616	
47.000000	5.04846   	47.000000	6.02989   	47.000000	5.94473   	47.000000	6.06734   	47.000000	6.01419   	47.000000	6.02775   	47.000000	0.0021348 	
50.000000	4.81773   	50.000000	5.75289   	50.000000	5.67708   	50.000000	5.78146   	50.000000	5.7345    	50.000000	5.75088   	50.000000	0.00201842	
55.000000	4.48307   	55.000000	5.35006   	55.000000	5.28633   	55.000000	5.36724   	55.000000	5.32951   	55.000000	5.34821   	55.000000	0.00185132	
60.000000	4.1984    	60.000000	5.00665   	60.000000	4.95314   	60.000000	5.01554   	60.000000	4.98587   	60.000000	5.00494   	60.000000	0.00171077	
65.000000	3.95311   	65.000000	4.71044   	65.000000	4.66548   	65.000000	4.71317   	65.000000	4.69048   	65.000000	4.70884   	65.000000	0.00159083	
70.000000	3.73942   	70.000000	4.4523    	70.000000	4.41417   	70.000000	4.45042   	70.000000	4.43373   	70.000000	4.45081   	70.000000	0.00148721	
75.000000	3.55148   	75.000000	4.22534   	75.000000	4.19289   	75.000000	4.21994   	75.000000	4.20847   	75.000000	4.22395   	75.000000	0.00139677	
80.000000	3.38481   	80.000000	4.02423   	80.000000	3.997     	80.000000	4.01613   	80.000000	4.0092    	80.000000	4.02292   	80.000000	0.00131711	
85.000000	3.23593   	85.000000	3.84479   	85.000000	3.82181   	85.000000	3.8346    	85.000000	3.83152   	85.000000	3.84354   	85.000000	0.00124638	
90.000000	3.10209   	90.000000	3.68368   	90.000000	3.66414   	90.000000	3.67187   	90.000000	3.67211   	90.000000	3.6825    	90.000000	0.00118315	
95.000000	2.98105   	95.000000	3.53823   	95.000000	3.52187   	95.000000	3.52516   	95.000000	3.52836   	95.000000	3.53711   	95.000000	0.00112626	
100.000000	2.87104   	100.000000	3.40626   	100.000000	3.39244   	100.000000	3.39221   	100.000000	3.39798   	100.000000	3.40519   	100.000000	0.0010748 	
105.000000	2.77058   	105.000000	3.28598   	105.000000	3.27451   	105.000000	3.27116   	105.000000	3.27912   	105.000000	3.28495   	105.000000	0.00102802	
110.000000	2.67845   	110.000000	3.17589   	110.000000	3.16665   	110.000000	3.16048   	110.000000	3.17047   	110.000000	3.17491   	110.000000	0.000985292	
115.000000	2.59364   	115.000000	3.07475   	115.000000	3.06735   	115.000000	3.05889   	115.000000	3.07054   	115.000000	3.07381   	115.000000	0.000946111	
120.000000	2.51528   	120.000000	2.98151   	120.000000	2.97568   	120.000000	2.96531   	120.000000	2.97852   	120.000000	2.9806    	120.000000	0.000910046	
125.000000	2.44265   	125.000000	2.89528   	125.000000	2.891     	125.000000	2.87883   	125.000000	2.89334   	125.000000	2.8944    	125.000000	0.000876735	
130.000000	2.37513   	130.000000	2.81529   	130.000000	2.81243   	130.000000	2.79867   	130.000000	2.8144    	130.000000	2.81444   	130.000000	0.000845869	
135.000000	2.31219   	135.000000	2.74089   	135.000000	2.73913   	135.000000	2.72416   	135.000000	2.74091   	135.000000	2.74007   	135.000000	0.000817186	
140.000000	2.25336   	140.000000	2.67151   	140.000000	2.67092   	140.000000	2.65472   	140.000000	2.67246   	140.000000	2.67072   	140.000000	0.000790459	
145.000000	2.19824   	145.000000	2.60666   	145.000000	2.60728   	145.000000	2.58986   	145.000000	2.60837   	145.000000	2.60589   	145.000000	0.000765492	
150.000000	2.14649   	150.000000	2.5459    	150.000000	2.54747   	150.000000	2.52913   	150.000000	2.54841   	150.000000	2.54516   	150.000000	0.000742115	
155.000000	2.0733    	155.000000	2.48888   	155.000000	2.49115   	155.000000	2.47215   	155.000000	2.49208   	155.000000	2.48816   	155.000000	0.000720177	
160.000000	2.03055   	160.000000	2.43524   	160.000000	2.43822   	160.000000	2.41859   	160.000000	2.4391    	160.000000	2.43454   	160.000000	0.00069955	
165.000000	1.99021   	165.000000	2.38469   	165.000000	2.3885    	165.000000	2.36815   	165.000000	2.38922   	165.000000	2.38401   	165.000000	0.000680116	
170.000000	1.95208   	170.000000	2.33698   	170.000000	2.3415    	170.000000	2.32056   	170.000000	2.34207   	170.000000	2.33632   	170.000000	0.000661774	
175.000000	1.91598   	175.000000	2.29188   	175.000000	2.29696   	175.000000	2.27559   	175.000000	2.29753   	175.000000	2.29124   	175.000000	0.000644434	
180.000000	1.88174   	180.000000	2.24917   	180.000000	2.25482   	180.000000	2.23304   	180.000000	2.25536   	180.000000	2.24855   	180.000000	0.000628014	
185.000000	1.84923   	185.000000	2.20868   	185.000000	2.21488   	185.000000	2.1927    	185.000000	2.21535   	185.000000	2.20806   	185.000000	0.000612442	
190.000000	1.81832   	190.000000	2.17022   	190.000000	2.17695   	190.000000	2.15442   	190.000000	2.17738   	190.000000	2.16963   	190.000000	0.000597654	
195.000000	1.7889    	195.000000	2.13366   	195.000000	2.14092   	195.000000	2.11804   	195.000000	2.14129   	195.000000	2.13308   	195.000000	0.00058359	
200.000000	1.76084   	200.000000	2.09886   	200.000000	2.10663   	200.000000	2.08343   	200.000000	2.1069    	200.000000	2.09829   	200.000000	0.000570198	
210.000000	1.70849   	210.000000	2.03404   	210.000000	2.04255   	210.000000	2.01901   	210.000000	2.04292   	210.000000	2.0335    	210.000000	0.000545244	
220.000000	1.66062   	220.000000	1.97491   	220.000000	1.9843    	220.000000	1.9603    	220.000000	1.98451   	220.000000	1.97439   	220.000000	0.000522461	
230.000000	1.61666   	230.000000	1.92076   	230.000000	1.93087   	230.000000	1.90657   	230.000000	1.93107   	230.000000	1.92025   	230.000000	0.000501575	
240.000000	1.57615   	240.000000	1.87098   	240.000000	1.88169   	240.000000	1.85724   	240.000000	1.88194   	240.000000	1.87049   	240.000000	0.000482354	
250.000000	1.5387    	250.000000	1.82507   	250.000000	1.83652   	250.000000	1.81178   	250.000000	1.83665   	250.000000	1.8246    	250.000000	0.000464605	
260.000000	1.50397   	260.000000	1.7826    	260.000000	1.79478   	260.000000	1.76977   	260.000000	1.79476   	260.000000	1.78215   	260.000000	0.000448163	
270.000000	1.47169   	270.000000	1.7432    	270.000000	1.7559    	270.000000	1.73084   	270.000000	1.75593   	270.000000	1.74276   	270.000000	0.000432887	
280.000000	1.44159   	280.000000	1.70655   	280.000000	1.71967   	280.000000	1.69465   	280.000000	1.71981   	280.000000	1.70613   	280.000000	0.000418656	
290.000000	1.41347   	290.000000	1.67238   	290.000000	1.68603   	290.000000	1.66095   	290.000000	1.68617   	290.000000	1.67198   	290.000000	0.000405365	
300.000000	1.38714   	300.000000	1.64045   	300.000000	1.65468   	300.000000	1.62949   	300.000000	1.65472   	300.000000	1.64006   	300.000000	0.000392922	
310.000000	1.36243   	310.000000	1.61055   	310.000000	1.62527   	310.000000	1.60005   	310.000000	1.62531   	310.000000	1.61017   	310.000000	0.000381248	
320.000000	1.3392    	320.000000	1.5825    	320.000000	1.59761   	320.000000	1.57246   	320.000000	1.59771   	320.000000	1.58213   	320.000000	0.000370273	
330.000000	1.31732   	330.000000	1.55612   	330.000000	1.57171   	330.000000	1.54654   	330.000000	1.57178   	330.000000	1.55576   	330.000000	0.000359935	
340.000000	1.29668   	340.000000	1.53129   	340.000000	1.54737   	340.000000	1.52216   	340.000000	1.5474    	340.000000	1.53094   	340.000000	0.000350179	
350.000000	1.27718   	350.000000	1.50787   	350.000000	1.52433   	350.000000	1.49919   	350.000000	1.5244    	350.000000	1.50753   	350.000000	0.000340958	
360.000000	1.25873   	360.000000	1.48575   	360.000000	1.50263   	360.000000	1.47751   	360.000000	1.50269   	360.000000	1.48542   	360.000000	0.000332227	
370.000000	1.24124   	370.000000	1.46482   	370.000000	1.48218   	370.000000	1.45703   	370.000000	1.48218   	370.000000	1.4645    	370.000000	0.000323949	
380.000000	1.22465   	380.000000	1.445     	380.000000	1.46277   	380.000000	1.43764   	380.000000	1.46274   	380.000000	1.44468   	380.000000	0.000316088	
390.000000	1.20889   	390.000000	1.4262    	390.000000	1.44432   	390.000000	1.41927   	390.000000	1.44433   	390.000000	1.42589   	390.000000	0.000308614	
400.000000	1.1939    	400.000000	1.40835   	400.000000	1.42683   	400.000000	1.40184   	400.000000	1.42686   	400.000000	1.40805   	400.000000	0.000301497	
410.000000	1.17962   	410.000000	1.39138   	410.000000	1.41022   	410.000000	1.38529   	410.000000	1.41025   	410.000000	1.39108   	410.000000	0.000294714	
420.000000	1.16602   	420.000000	1.37523   	420.000000	1.39442   	420.000000	1.36955   	420.000000	1.39446   	420.000000	1.37494   	420.000000	0.00028824	
430.000000	1.15304   	430.000000	1.35984   	430.000000	1.37938   	430.000000	1.35457   	430.000000	1.37943   	430.000000	1.35956   	430.000000	0.000282054	
440.000000	1.14064   	440.000000	1.34517   	440.000000	1.36505   	440.000000	1.34029   	440.000000	1.3651    	440.000000	1.34489   	440.000000	0.000276138	
450.000000	1.12879   	450.000000	1.33116   	450.000000	1.35138   	450.000000	1.32668   	450.000000	1.35143   	450.000000	1.33089   	450.000000	0.000270474	
460.000000	1.11745   	460.000000	1.31778   	460.000000	1.33833   	460.000000	1.31368   	460.000000	1.33838   	460.000000	1.31752   	460.000000	0.000265047	
470.000000	1.1066    	470.000000	1.30499   	470.000000	1.32586   	470.000000	1.30127   	470.000000	1.32592   	470.000000	1.30473   	470.000000	0.00025984	
480.000000	1.0962    	480.000000	1.29274   	480.000000	1.31394   	480.000000	1.2894    	480.000000	1.31399   	480.000000	1.29249   	480.000000	0.000254842	
490.000000	1.08622   	490.000000	1.28102   	490.000000	1.30252   	490.000000	1.27804   	490.000000	1.30257   	490.000000	1.28077   	490.000000	0.000250039	
500.000000	1.07665   	500.000000	1.26978   	500.000000	1.2916    	500.000000	1.26716   	500.000000	1.29164   	500.000000	1.26954   	500.000000	0.000245421	
520.000000	1.05863   	520.000000	1.24867   	520.000000	1.27108   	520.000000	1.24674   	520.000000	1.27111   	520.000000	1.24843   	520.000000	0.000236696	
540.000000	1.04198   	540.000000	1.22919   	540.000000	1.25218   	540.000000	1.22793   	540.000000	1.2522    	540.000000	1.22897   	540.000000	0.00022859	
560.000000	1.02654   	560.000000	1.21119   	560.000000	1.23473   	560.000000	1.21057   	560.000000	1.23474   	560.000000	1.21097   	560.000000	0.000221041	
580.000000	1.01222   	580.000000	1.19452   	580.000000	1.21858   	580.000000	1.19451   	580.000000	1.21857   	580.000000	1.1943    	580.000000	0.000213991	
600.000000	0.998891  	600.000000	1.17904   	600.000000	1.20361   	600.000000	1.17962   	600.000000	1.20359   	600.000000	1.17883   	600.000000	0.000207393	
620.000000	0.986473  	620.000000	1.16464   	620.000000	1.18969   	620.000000	1.16578   	620.000000	1.18964   	620.000000	1.16444   	620.000000	0.000201203	
640.000000	0.974883  	640.000000	1.15123   	640.000000	1.17667   	640.000000	1.1529    	640.000000	1.17667   	640.000000	1.15103   	640.000000	0.000195385	
660.000000	0.964049  	660.000000	1.13871   	660.000000	1.16453   	660.000000	1.14089   	660.000000	1.16457   	660.000000	1.13852   	660.000000	0.000189906	
680.000000	0.953909  	680.000000	1.12702   	680.000000	1.15324   	680.000000	1.12967   	680.000000	1.15326   	680.000000	1.12683   	680.000000	0.000184736	
700.000000	0.944406  	700.000000	1.11607   	700.000000	1.1427    	700.000000	1.11918   	700.000000	1.14269   	700.000000	1.11589   	700.000000	0.000179849	
720.000000	0.93549   	720.000000	1.10582   	720.000000	1.13282   	720.000000	1.10936   	720.000000	1.13278   	720.000000	1.10564   	720.000000	0.000175224	
740.000000	0.927116  	740.000000	1.0962    	740.000000	1.12353   	740.000000	1.10014   	740.000000	1.12348   	740.000000	1.09603   	740.000000	0.000170838	
760.000000	0.919243  	760.000000	1.08717   	760.000000	1.11477   	760.000000	1.09149   	760.000000	1.11476   	760.000000	1.087     	760.000000	0.000166675	
780.000000	0.911836  	780.000000	1.07868   	780.000000	1.10653   	780.000000	1.08336   	780.000000	1.10655   	780.000000	1.07852   	780.000000	0.000162716	
800.000000	0.904861  	800.000000	1.0707    	800.000000	1.09882   	800.000000	1.07571   	800.000000	1.09882   	800.000000	1.07054   	800.000000	0.000158948	
820.000000	0.898288  	820.000000	1.06318   	820.000000	1.09156   	820.000000	1.0685    	820.000000	1.09155   	820.000000	1.06302   	820.000000	0.000155356	
840.000000	0.89209   	840.000000	1.0561    	840.000000	1.08471   	840.000000	1.0617    	840.000000	1.08468   	840.000000	1.05594   	840.000000	0.000151928	
860.000000	0.886242  	860.000000	1.04942   	860.000000	1.07821   	860.000000	1.05528   	860.000000	1.0782    	860.000000	1.04927   	860.000000	0.000148654	
880.000000	0.880723  	880.000000	1.04312   	880.000000	1.07206   	880.000000	1.04922   	880.000000	1.07208   	880.000000	1.04297   	880.000000	0.000145523	
900.000000	0.875511  	900.000000	1.03717   	900.000000	1.06627   	900.000000	1.0435    	900.000000	1.0663    	900.000000	1.03703   	900.000000	0.000142525	
920.000000	0.870588  	920.000000	1.03156   	920.000000	1.06081   	920.000000	1.03808   	920.000000	1.06081   	920.000000	1.03142   	920.000000	0.000139653	
940.000000	0.865935  	940.000000	1.02625   	940.000000	1.05565   	940.000000	1.03295   	940.000000	1.05563   	940.000000	1.02612   	940.000000	0.000136898	
960.000000	0.861538  	960.000000	1.02124   	960.000000	1.05075   	960.000000	1.02809   	960.000000	1.05072   	960.000000	1.02111   	960.000000	0.000134254	
980.000000	0.857381  	980.000000	1.0165    	980.000000	1.04608   	980.000000	1.02348   	980.000000	1.04606   	980.000000	1.01637   	980.000000	0.000131713	
1000.000000	0.853452  	1000.000000	1.01202   	1000.000000	1.04164   	1000.000000	1.01912   	1000.000000	1.04164   	1000.000000	1.01189   	1000.000000	0.00012927	
1020.000000	0.849737  	1020.000000	1.00778   	1020.000000	1.03744   	1020.000000	1.01497   	1020.000000	1.03744   	1020.000000	1.00766   	1020.000000	0.000126919	
1040.000000	0.846224  	1040.000000	1.00377   	1040.000000	1.03345   	1040.000000	1.01104   	1040.000000	1.03346   	1040.000000	1.00365   	1040.000000	0.000124655	
1060.000000	0.842904  	1060.000000	0.999982  	1060.000000	1.02968   	1060.000000	1.0073    	1060.000000	1.02969   	1060.000000	0.99986   	1060.000000	0.000122473	
1080.000000	0.839765  	1080.000000	0.996395  	1080.000000	1.02611   	1080.000000	1.00375   	1080.000000	1.02609   	1080.000000	0.996274  	1080.000000	0.000120369	
1100.000000	0.836799  	1100.000000	0.993001  	1100.000000	1.02271   	1100.000000	1.00038   	1100.000000	1.02267   	1100.000000	0.992883  	1100.000000	0.000118338	
1120.000000	0.833998  	1120.000000	0.989791  	1120.000000	1.01946   	1120.000000	0.997166  	1120.000000	1.01941   	1120.000000	0.989675  	1120.000000	0.000116377	
1140.000000	0.831352  	1140.000000	0.986755  	1140.000000	1.01637   	1140.000000	0.994113  	1140.000000	1.01632   	1140.000000	0.986641  	1140.000000	0.000114482	
1160.000000	0.828855  	1160.000000	0.983885  	1160.000000	1.01341   	1160.000000	0.991208  	1160.000000	1.01338   	1160.000000	0.983772  	1160.000000	0.00011265	
1180.000000	0.826499  	1180.000000	0.981171  	1180.000000	1.0106    	1180.000000	0.988443  	1180.000000	1.01057   	1180.000000	0.981061  	1180.000000	0.000110878	
1200.000000	0.824277  	1200.000000	0.978607  	1200.000000	1.00792   	1200.000000	0.98581   	1200.000000	1.0079    	1200.000000	0.978498  	1200.000000	0.000109163	
1220.000000	0.822185  	1220.000000	0.976186  	1220.000000	1.00536   	1220.000000	0.983303  	1220.000000	1.00536   	1220.000000	0.976078  	1220.000000	0.000107501	
1240.000000	0.820215  	1240.000000	0.973899  	1240.000000	1.00293   	1240.000000	0.980916  	1240.000000	1.00294   	1240.000000	0.973794  	1240.000000	0.000105892	
1260.000000	0.818362  	1260.000000	0.971742  	1260.000000	1.00061   	1260.000000	0.978641  	1260.000000	1.00063   	1260.000000	0.971638  	1260.000000	0.000104331	
1280.000000	0.816622  	1280.000000	0.969708  	1280.000000	0.998407  	1280.000000	0.976473  	1280.000000	0.998428  	1280.000000	0.969605  	1280.000000	0.000102817	
1300.000000	0.814989  	1300.000000	0.967792  	1300.000000	0.996309  	1300.000000	0.974408  	1300.000000	0.99633   	1300.000000	0.96769   	1300.000000	0.000101348	
1320.000000	0.813458  	1320.000000	0.965988  	1320.000000	0.994314  	1320.000000	0.97244   	1320.000000	0.994332  	1320.000000	0.965888  	1320.000000	9.99221e-05	
1340.000000	0.812027  	1340.000000	0.964291  	1340.000000	0.992416  	1340.000000	0.970564  	1340.000000	0.992428  	1340.000000	0.964192  	1340.000000	9.85369e-05	
1360.000000	0.810689  	1360.000000	0.962697  	1360.000000	0.99061   	1360.000000	0.968776  	1360.000000	0.990611  	1360.000000	0.9626    	1360.000000	9.71909e-05	
1380.000000	0.809443  	1380.000000	0.961201  	1380.000000	0.98889   	1380.000000	0.967072  	1380.000000	0.988876  	1380.000000	0.961105  	1380.000000	9.58824e-05	
1400.000000	0.808284  	1400.000000	0.959799  	1400.000000	0.987249  	1400.000000	0.965448  	1400.000000	0.987223  	1400.000000	0.959705  	1400.000000	9.46099e-05	
1420.000000	0.807208  	1420.000000	0.958488  	1420.000000	0.985683  	1420.000000	0.963901  	1420.000000	0.985648  	1420.000000	0.958395  	1420.000000	9.33719e-05	
1440.000000	0.806213  	1440.000000	0.957263  	1440.000000	0.984189  	1440.000000	0.962425  	1440.000000	0.984148  	1440.000000	0.957171  	1440.000000	9.2167e-05	
1460.000000	0.805295  	1460.000000	0.956121  	1460.000000	0.98276   	1460.000000	0.96102   	1460.000000	0.982719  	1460.000000	0.95603   	1460.000000	9.09939e-05	
1480.000000	0.804451  	1480.000000	0.955059  	1480.000000	0.981396  	1480.000000	0.95968   	1480.000000	0.981353  	1480.000000	0.954969  	1480.000000	8.98512e-05	
1500.000000	0.80368   	1500.000000	0.954074  	1500.000000	0.980094  	1500.000000	0.958404  	1500.000000	0.980051  	1500.000000	0.953985  	1500.000000	8.87379e-05	
1520.000000	0.802977  	1520.000000	0.953162  	1520.000000	0.978851  	1520.000000	0.957189  	1520.000000	0.978811  	1520.000000	0.953074  	1520.000000	8.76527e-05	
1540.000000	0.802342  	1540.000000	0.952321  	1540.000000	0.977666  	1540.000000	0.956032  	1540.000000	0.977631  	1540.000000	0.952234  	1540.000000	8.65947e-05	
1560.000000	0.80177   	1560.000000	0.951548  	1560.000000	0.976536  	1560.000000	0.95493   	1560.000000	0.976508  	1560.000000	0.951462  	1560.000000	8.55628e-05	
1580.000000	0.801261  	1580.000000	0.95084   	1580.000000	0.975461  	1580.000000	0.953882  	1580.000000	0.975439  	1580.000000	0.950755  	1580.000000	8.4556e-05	
1600.000000	0.800811  	1600.000000	0.950195  	1600.000000	0.974437  	1600.000000	0.952884  	1600.000000	0.97442   	1600.000000	0.950112  	1600.000000	8.35735e-05	
1620.000000	0.80042   	1620.000000	0.949612  	1620.000000	0.973464  	1620.000000	0.951935  	1620.000000	0.973448  	1620.000000	0.949529  	1620.000000	8.26143e-05	
1640.000000	0.800084  	1640.000000	0.949087  	1640.000000	0.972538  	1640.000000	0.951033  	1640.000000	0.972524  	1640.000000	0.949005  	1640.000000	8.16776e-05	
1660.000000	0.799803  	1660.000000	0.948618  	1660.000000	0.971658  	1660.000000	0.950176  	1660.000000	0.971647  	1660.000000	0.948537  	1660.000000	8.07626e-05	
1680.000000	0.799573  	1680.000000	0.948204  	1680.000000	0.970822  	1680.000000	0.949362  	1680.000000	0.970814  	1680.000000	0.948124  	1680.000000	7.98686e-05	
1700.000000	0.799395  	1700.000000	0.947842  	1700.000000	0.970029  	1700.000000	0.948589  	1700.000000	0.970023  	1700.000000	0.947763  	1700.000000	7.89949e-05	
1750.000000	0.79916   	1750.000000	0.947157  	1750.000000	0.968217  	1750.000000	0.946827  	1750.000000	0.968215  	1750.000000	0.94708   	1750.000000	7.68946e-05	
1800.000000	0.799208  	1800.000000	0.946762  	1800.000000	0.966633  	1800.000000	0.945289  	1800.000000	0.966633  	1800.000000	0.946687  	1800.000000	7.49067e-05	
1850.000000	0.799519  	1850.000000	0.946636  	1850.000000	0.965255  	1850.000000	0.943954  	1850.000000	0.965259  	1850.000000	0.946563  	1850.000000	7.30224e-05	
1900.000000	0.800074  	1900.000000	0.946756  	1900.000000	0.964064  	1900.000000	0.942805  	1900.000000	0.96407   	1900.000000	0.946685  	1900.000000	7.12336e-05	
1950.000000	0.800856  	1950.000000	0.947104  	1950.000000	0.963042  	1950.000000	0.941823  	1950.000000	0.96305   	1950.000000	0.947034  	1950.000000	6.95331e-05	
2000.000000	0.80185   	2000.000000	0.947663  	2000.000000	0.962176  	2000.000000	0.940994  	2000.000000	0.962188  	2000.000000	0.947595  	2000.000000	6.79146e-05	
2100.000000	0.804418  	2100.000000	0.949354  	2100.000000	0.960856  	2100.000000	0.939742  	2100.000000	0.960871  	2100.000000	0.949289  	2100.000000	6.49004e-05	
2200.000000	0.807682  	2200.000000	0.951721  	2200.000000	0.960011  	2200.000000	0.938959  	2200.000000	0.960032  	2200.000000	0.951659  	2200.000000	6.21505e-05	
2300.000000	0.811563  	2300.000000	0.954677  	2300.000000	0.959565  	2300.000000	0.938567  	2300.000000	0.959585  	2300.000000	0.954618  	2300.000000	5.96312e-05	
2400.000000	0.815992  	2400.000000	0.958148  	2400.000000	0.959454  	2400.000000	0.938507  	2400.000000	0.959478  	2400.000000	0.958091  	2400.000000	5.73144e-05	
2500.000000	0.820913  	2500.000000	0.962071  	2500.000000	0.959627  	2500.000000	0.938727  	2500.000000	0.959651  	2500.000000	0.962016  	2500.000000	5.51763e-05	
2600.000000	0.826277  	2600.000000	0.966394  	2600.000000	0.960043  	2600.000000	0.939185  	2600.000000	0.96007   	2600.000000	0.966341  	2600.000000	5.31969e-05	
2700.000000	0.832044  	2700.000000	0.971073  	2700.000000	0.960665  	2700.000000	0.939845  	2700.000000	0.96069   	2700.000000	0.971021  	2700.000000	5.13589e-05	
2800.000000	0.838176  	2800.000000	0.976067  	2800.000000	0.961463  	2800.000000	0.940677  	2800.000000	0.96149   	2800.000000	0.976017  	2800.000000	4.96476e-05	
2900.000000	0.844643  	2900.000000	0.981345  	2900.000000	0.962413  	2900.000000	0.941657  	2900.000000	0.962434  	2900.000000	0.981296  	2900.000000	4.80501e-05	
3000.000000	0.851418  	3000.000000	0.986876  	3000.000000	0.963492  	3000.000000	0.942762  	3000.000000	0.96351   	3000.000000	0.98683   	3000.000000	4.65554e-05	
3200.000000	0.865799  	3200.000000	0.998605  	3200.000000	0.965962  	3200.000000	0.945279  	3200.000000	0.965971  	3200.000000	0.998561  	3200.000000	4.38365e-05	
3400.000000	0.881161  	3400.000000	1.01109   	3400.000000	0.96875   	3400.000000	0.948111  	3400.000000	0.968754  	3400.000000	1.01104   	3400.000000	4.14266e-05	
3600.000000	0.897381  	3600.000000	1.02419   	3600.000000	0.971768  	3600.000000	0.95117   	3600.000000	0.971771  	3600.000000	1.02415   	3600.000000	3.92754e-05	
3800.000000	0.914359  	3800.000000	1.03782   	3800.000000	0.974949  	3800.000000	0.954392  	3800.000000	0.974954  	3800.000000	1.03778   	3800.000000	3.73429e-05	
4000.000000	0.932016  	4000.000000	1.05188   	4000.000000	0.978243  	4000.000000	0.957728  	4000.000000	0.978253  	4000.000000	1.05184   	4000.000000	3.55971e-05	
4200.000000	0.950287  	4200.000000	1.06632   	4200.000000	0.981615  	4200.000000	0.961138  	4200.000000	0.981632  	4200.000000	1.06628   	4200.000000	3.4012e-05	
4400.000000	0.969118  	4400.000000	1.08107   	4400.000000	0.985038  	4400.000000	0.964595  	4400.000000	0.985057  	4400.000000	1.08104   	4400.000000	3.2566e-05	
4600.000000	0.988465  	4600.000000	1.0961    	4600.000000	0.988488  	4600.000000	0.968076  	4600.000000	0.98851   	4600.000000	1.09607   	4600.000000	3.12415e-05	
4800.000000	1.00829   	4800.000000	1.11136   	4800.000000	0.991948  	4800.000000	0.971563  	4800.000000	0.99197   	4800.000000	1.11133   	4800.000000	3.00237e-05	
5000.000000	1.02856   	5000.000000	1.12683   	5000.000000	0.995406  	5000.000000	0.975044  	5000.000000	0.995425  	5000.000000	1.1268    	5000.000000	2.89e-05  	
5250.000000	1.05449   	5250.000000	1.14642   	5250.000000	0.999707  	5250.000000	0.97937   	5250.000000	0.999721  	5250.000000	1.14639   	5250.000000	2.76118e-05	
5500.000000	1.08104   	5500.000000	1.16624   	5500.000000	1.00397   	5500.000000	0.983654  	5500.000000	1.00398   	5500.000000	1.16621   	5500.000000	2.64367e-05	
6000.000000	1.13582   	6000.000000	1.20646   	6000.000000	1.01234   	6000.000000	0.992058  	6000.000000	1.01233   	6000.000000	1.20643   	6000.000000	2.43709e-05	
6500.000000	1.19268   	6500.000000	1.24727   	6500.000000	1.02044   	6500.000000	1.0002    	6500.000000	1.02042   	6500.000000	1.24725   	6500.000000	2.26128e-05	
7000.000000	1.25146   	7000.000000	1.28853   	7000.000000	1.02825   	7000.000000	1.00806   	7000.000000	1.02823   	7000.000000	1.28851   	7000.000000	2.10977e-05	
7500.000000	1.31203   	7500.000000	1.33012   	7500.000000	1.03573   	7500.000000	1.01563   	7500.000000	1.03576   	7500.000000	1.3301    	7500.000000	1.97783e-05	
8000.000000	1.3743    	8000.000000	1.37196   	8000.000000	1.04298   	8000.000000	1.02292   	8000.000000	1.04299   	8000.000000	1.37194   	8000.000000	1.86185e-05	
8500.000000	1.43821   	8500.000000	1.41399   	8500.000000	1.04996   	8500.000000	1.02993   	8500.000000	1.04996   	8500.000000	1.41397   	8500.000000	1.75908e-05	
9000.000000	1.50369   	9000.000000	1.45616   	9000.000000	1.05666   	9000.000000	1.03667   	9000.000000	1.05665   	9000.000000	1.45615   	9000.000000	1.66736e-05	
9500.000000	1.5707    	9500.000000	1.49844   	9500.000000	1.06309   	9500.000000	1.04317   	9500.000000	1.0631    	9500.000000	1.49842   	9500.000000	1.58499e-05	
10000.000000	1.63921   	10000.000000	1.54079   	10000.000000	1.06929   	10000.000000	1.04942   	10000.000000	1.0693    	10000.000000	1.54078   	10000.000000	1.51059e-05	
11000.000000	1.78062   	11000.000000	1.62565   	11000.000000	1.08103   	11000.000000	1.06127   	11000.000000	1.08105   	11000.000000	1.62563   	11000.000000	1.38147e-05	
12000.000000	1.92775   	12000.000000	1.7106    	12000.000000	1.09197   	12000.000000	1.07232   	12000.000000	1.09199   	12000.000000	1.71059   	12000.000000	1.27321e-05	
13000.000000	2.0805    	13000.000000	1.79556   	13000.000000	1.10221   	13000.000000	1.08265   	13000.000000	1.10221   	13000.000000	1.79555   	13000.000000	1.18109e-05	
14000.000000	2.23877   	14000.000000	1.88048   	14000.000000	1.11183   	14000.000000	1.09236   	14000.000000	1.11179   	14000.000000	1.88047   	14000.000000	1.10174e-05	
15000.000000	2.40254   	15000.000000	1.96533   	15000.000000	1.12088   	15000.000000	1.1015    	15000.000000	1.12081   	15000.000000	1.96532   	15000.000000	1.03264e-05	
16000.000000	2.57176   	16000.000000	2.05007   	16000.000000	1.1294    	16000.000000	1.11014   	16000.000000	1.12931   	16000.000000	2.05006   	16000.000000	9.7192e-06	
17000.000000	2.74642   	17000.000000	2.13469   	17000.000000	1.13744   	17000.000000	1.11832   	17000.000000	1.13735   	17000.000000	2.13468   	17000.000000	9.18123e-06	
18000.000000	2.92651   	18000.000000	2.21918   	18000.000000	1.14504   	18000.000000	1.12608   	18000.000000	1.14497   	18000.000000	2.21917   	18000.000000	8.70121e-06	
19000.000000	3.11202   	19000.000000	2.30353   	19000.000000	1.15225   	19000.000000	1.13348   	19000.000000	1.15221   	19000.000000	2.30353   	19000.000000	8.27018e-06	
20000.000000	3.30296   	20000.000000	2.38775   	20000.000000	1.15911   	20000.000000	1.14053   	20000.000000	1.15911   	20000.000000	2.38774   	20000.000000	7.88094e-06	
21000.000000	3.49934   	21000.000000	2.47183   	21000.000000	1.16566   	21000.000000	1.14727   	21000.000000	1.16568   	21000.000000	2.47182   	21000.000000	7.52764e-06	
22000.000000	3.70117   	22000.000000	2.55576   	22000.000000	1.17195   	22000.000000	1.15373   	22000.000000	1.17196   	22000.000000	2.55575   	22000.000000	7.20549e-06	
23000.000000	3.90845   	23000.000000	2.63955   	23000.000000	1.17797   	23000.000000	1.15992   	23000.000000	1.17798   	23000.000000	2.63954   	23000.000000	6.91049e-06	
24000.000000	4.12122   	24000.000000	2.7232    	24000.000000	1.18373   	24000.000000	1.16587   	24000.000000	1.18374   	24000.000000	2.7232    	24000.000000	6.63934e-06	
25000.000000	4.33948   	25000.000000	2.80672   	25000.000000	1.18928   	25000.000000	1.17159   	25000.000000	1.18928   	25000.000000	2.80671   	25000.000000	6.38922e-06	
26000.000000	4.56326   	26000.000000	2.8901    	26000.000000	1.19461   	26000.000000	1.17711   	26000.000000	1.19459   	26000.000000	2.89009   	26000.000000	6.15775e-06	
27000.000000	4.79258   	27000.000000	2.97335   	27000.000000	1.19974   	27000.000000	1.18243   	27000.000000	1.19971   	27000.000000	2.97334   	27000.000000	5.94292e-06	
28000.000000	5.02747   	28000.000000	3.05647   	28000.000000	1.20468   	28000.000000	1.18757   	28000.000000	1.20464   	28000.000000	3.05646   	28000.000000	5.74296e-06	
29000.000000	5.26793   	29000.000000	3.13946   	29000.000000	1.20944   	29000.000000	1.19254   	29000.000000	1.20939   	29000.000000	3.13945   	29000.000000	5.55638e-06	
30000.000000	5.51401   	30000.000000	3.22232   	30000.000000	1.21403   	30000.000000	1.19735   	30000.000000	1.21398   	30000.000000	3.22231   	30000.000000	5.38186e-06	
32000.000000	6.0231    	32000.000000	3.38769   	32000.000000	1.22275   	32000.000000	1.20654   	32000.000000	1.22271   	32000.000000	3.38768   	32000.000000	5.06458e-06	
34000.000000	6.55495   	34000.000000	3.55259   	34000.000000	1.23092   	34000.000000	1.21519   	34000.000000	1.23087   	34000.000000	3.55258   	34000.000000	4.78354e-06	
36000.000000	7.10978   	36000.000000	3.71704   	36000.000000	1.23858   	36000.000000	1.22337   	36000.000000	1.23855   	36000.000000	3.71703   	36000.000000	4.53281e-06	
38000.000000	7.68781   	38000.000000	3.88107   	38000.000000	1.24579   	38000.000000	1.23113   	38000.000000	1.24578   	38000.000000	3.88106   	38000.000000	4.3077e-06	
40000.000000	8.2893    	40000.000000	4.04469   	40000.000000	1.25259   	40000.000000	1.23851   	40000.000000	1.25261   	40000.000000	4.04468   	40000.000000	4.10445e-06	
42000.000000	8.91447   	42000.000000	4.20792   	42000.000000	1.25904   	42000.000000	1.24554   	42000.000000	1.25907   	42000.000000	4.20791   	42000.000000	3.92e-06  	
44000.000000	9.56357   	44000.000000	4.37077   	44000.000000	1.26519   	44000.000000	1.25225   	44000.000000	1.2652    	44000.000000	4.37077   	44000.000000	3.75182e-06	
46000.000000	10.2369   	46000.000000	4.53327   	46000.000000	1.27106   	46000.000000	1.25868   	46000.000000	1.27101   	46000.000000	4.53327   	46000.000000	3.59784e-06	
48000.000000	10.9346   	48000.000000	4.69543   	48000.000000	1.27668   	48000.000000	1.26484   	48000.000000	1.27655   	48000.000000	4.69542   	48000.000000	3.45632e-06	
50000.000000	11.657    	50000.000000	4.85725   	50000.000000	1.28203   	50000.000000	1.27075   	50000.000000	1.28182   	50000.000000	4.85725   	50000.000000	3.3258e-06	
