! 55V energy loss (dE/dX) in He
! apply ZOOM for details
Energy (MeV/u)1	0 - [He-base] F.Hubert et al, AD&ND Tables 46(1990)1	Energy (MeV/u)2	1 - [H -base] J.F.Ziegler et al,Pergamon Press,NY(low energy)	Energy (MeV/u)3	2 - ATIMA 1.2 LS-theory (recommended for high energy)	Energy (MeV/u)4	3 - ATIMA 1.2 without LS-correction	Energy (MeV/u)5	4 - ATIMA 1.4 H.Weick, improved mean charge formula for HI	Energy (MeV/u)6	5 - electrical component of [1] - J.F.Ziegler et al	Energy (MeV/u)7	6 - nuclear component of [1] - J.F.Ziegler et al	
0.001000	6.58754   	0.001000	7.29776   	0.001000	7.03773   	0.001000	7.03773   	0.001000	7.03817   	0.001000	1.77905   	0.001000	5.51872   	
0.002000	6.63582   	0.002000	6.98268   	0.002000	6.82368   	0.002000	6.82368   	0.002000	6.82401   	0.002000	2.30714   	0.002000	4.67554   	
0.005000	6.77466   	0.005000	6.50565   	0.005000	6.64894   	0.005000	6.64894   	0.005000	6.64912   	0.005000	3.25313   	0.005000	3.25253   	
0.008000	7.05111   	0.008000	6.4343    	0.008000	6.8503    	0.008000	6.8503    	0.008000	6.85043   	0.008000	3.88013   	0.008000	2.55418   	
0.010000	7.25791   	0.010000	6.47081   	0.010000	7.05523   	0.010000	7.05523   	0.010000	7.05533   	0.010000	4.21878   	0.010000	2.25203   	
0.015000	7.85776   	0.015000	6.67462   	0.015000	7.64571   	0.015000	7.64571   	0.015000	7.64579   	0.015000	4.91158   	0.015000	1.76304   	
0.020000	8.64311   	0.020000	6.93667   	0.020000	8.2583    	0.020000	8.2583    	0.020000	8.25836   	0.020000	5.47108   	0.020000	1.46558   	
0.025000	9.60058   	0.025000	7.21139   	0.025000	8.85727   	0.025000	8.85727   	0.025000	8.85732   	0.025000	5.9486    	0.025000	1.26279   	
0.030000	10.4852   	0.030000	7.97507   	0.030000	9.58686   	0.030000	9.58686   	0.030000	9.5869    	0.030000	6.86064   	0.030000	1.11443   	
0.035000	11.2742   	0.035000	9.16362   	0.035000	10.4621   	0.035000	10.4621   	0.035000	10.4621   	0.035000	8.16309   	0.035000	1.00053   	
0.040000	11.9468   	0.040000	10.2872   	0.040000	11.3368   	0.040000	11.3368   	0.040000	11.3368   	0.040000	9.38564   	0.040000	0.901577  	
0.045000	12.5096   	0.045000	11.3542   	0.045000	12.2222   	0.045000	12.2222   	0.045000	12.2222   	0.045000	10.5257   	0.045000	0.828473  	
0.050000	12.9529   	0.050000	12.3616   	0.050000	13.1041   	0.050000	13.1041   	0.050000	13.1042   	0.050000	11.5942   	0.050000	0.767421  	
0.055000	13.6806   	0.055000	13.3209   	0.055000	13.979    	0.055000	13.979    	0.055000	13.979    	0.055000	12.6053   	0.055000	0.715579  	
0.060000	14.339    	0.060000	14.2424   	0.060000	14.8438   	0.060000	14.8438   	0.060000	14.8439   	0.060000	13.5714   	0.060000	0.670946  	
0.070000	15.4851   	0.070000	15.9984   	0.070000	16.534    	0.070000	16.534    	0.070000	16.534    	0.070000	15.4005   	0.070000	0.597874  	
0.080000	16.7835   	0.080000	17.6738   	0.080000	18.1593   	0.080000	18.1593   	0.080000	18.1593   	0.080000	17.1334   	0.080000	0.540403  	
0.090000	17.9014   	0.090000	19.3868   	0.090000	19.7092   	0.090000	19.7092   	0.090000	19.7093   	0.090000	18.8929   	0.090000	0.493894  	
0.100000	18.8732   	0.100000	20.9986   	0.100000	21.1766   	0.100000	21.1766   	0.100000	21.1767   	0.100000	20.5432   	0.100000	0.455402  	
0.120000	20.0281   	0.120000	23.9109   	0.120000	23.8492   	0.120000	23.8492   	0.120000	23.8493   	0.120000	23.5157   	0.120000	0.395216  	
0.140000	20.9269   	0.140000	26.4228   	0.140000	26.1684   	0.140000	26.1684   	0.140000	26.1684   	0.140000	26.0727   	0.140000	0.350145  	
0.160000	21.7185   	0.160000	28.5755   	0.160000	28.1494   	0.160000	28.1494   	0.160000	28.1494   	0.160000	28.2605   	0.160000	0.315009  	
0.180000	22.4771   	0.180000	30.4192   	0.180000	29.8217   	0.180000	29.8217   	0.180000	29.8217   	0.180000	30.1324   	0.180000	0.286776  	
0.200000	23.2346   	0.200000	32.0024   	0.200000	31.2211   	0.200000	31.2211   	0.200000	31.2211   	0.200000	31.7389   	0.200000	0.263547  	
0.250000	24.3688   	0.250000	35.0825   	0.250000	33.7672   	0.250000	33.7672   	0.250000	33.7672   	0.250000	34.8624   	0.250000	0.220069  	
0.300000	25.4578   	0.300000	37.2704   	0.300000	35.3524   	0.300000	35.3524   	0.300000	35.3524   	0.300000	37.0807   	0.300000	0.189677  	
0.350000	26.9587   	0.350000	39.3941   	0.350000	36.3476   	0.350000	36.3476   	0.350000	36.3476   	0.350000	39.2269   	0.350000	0.167136  	
0.400000	28.5079   	0.400000	41.7062   	0.400000	38.344    	0.400000	38.344    	0.400000	38.3441   	0.400000	41.5565   	0.400000	0.149696  	
0.450000	29.7998   	0.450000	43.4602   	0.450000	39.3077   	0.450000	39.3077   	0.450000	39.3077   	0.450000	43.3244   	0.450000	0.135771  	
0.500000	30.8718   	0.500000	44.7913   	0.500000	39.9953   	0.500000	39.9953   	0.500000	39.9953   	0.500000	44.6669   	0.500000	0.124373  	
0.600000	31.4439   	0.600000	46.5927   	0.600000	40.8574   	0.600000	40.8574   	0.600000	40.8574   	0.600000	46.4859   	0.600000	0.106787  	
0.700000	31.4899   	0.700000	47.7899   	0.700000	41.3129   	0.700000	41.3129   	0.700000	41.313    	0.700000	47.6961   	0.700000	0.0938095 	
0.800000	32.3308   	0.800000	48.4159   	0.800000	41.5281   	0.800000	41.5281   	0.800000	41.5282   	0.800000	48.332    	0.800000	0.0838097 	
0.900000	32.8856   	0.900000	48.6596   	0.900000	41.5845   	0.900000	41.5845   	0.900000	41.5845   	0.900000	48.5838   	0.900000	0.0758511 	
1.000000	33.2043   	1.000000	48.6348   	1.000000	41.5276   	1.000000	41.5276   	1.000000	41.5276   	1.000000	48.5654   	1.000000	0.0693557 	
1.250000	33.0367   	1.250000	47.3549   	1.250000	41.0592   	1.250000	41.0592   	1.250000	41.0592   	1.250000	47.2975   	1.250000	0.057331  	
1.500000	32.4801   	1.500000	45.8141   	1.500000	40.3116   	1.500000	40.3116   	1.500000	40.3117   	1.500000	45.7651   	1.500000	0.049033  	
1.750000	31.6227   	1.750000	44.0557   	1.750000	39.323    	1.750000	39.323    	1.750000	39.323    	1.750000	44.0127   	1.750000	0.0429393 	
2.000000	30.5476   	2.000000	42.0875   	2.000000	38.1207   	2.000000	38.1207   	2.000000	38.1207   	2.000000	42.0492   	2.000000	0.0382625 	
2.250000	29.5519   	2.250000	40.301    	2.250000	36.9947   	2.250000	36.9947   	2.250000	36.9947   	2.250000	40.2665   	2.250000	0.0345525 	
2.500000	33.3668   	2.500000	38.6187   	2.500000	35.9344   	2.500000	35.9344   	2.500000	35.9345   	2.500000	38.5872   	2.500000	0.0315332 	
3.000000	31.3326   	3.000000	35.7067   	3.000000	33.9858   	3.000000	33.9858   	3.000000	33.9858   	3.000000	35.6798   	3.000000	0.0269062 	
3.500000	29.4756   	3.500000	33.2423   	3.500000	32.2366   	3.500000	32.2366   	3.500000	32.2366   	3.500000	33.2188   	3.500000	0.023518  	
4.000000	27.8054   	4.000000	31.3073   	4.000000	30.6589   	4.000000	30.6589   	4.000000	30.6589   	4.000000	31.2864   	4.000000	0.0209235 	
4.500000	26.3085   	4.500000	29.6732   	4.500000	29.2296   	4.500000	29.2296   	4.500000	29.2296   	4.500000	29.6544   	4.500000	0.0188694 	
5.000000	24.9656   	5.000000	28.2215   	5.000000	27.9293   	5.000000	27.9293   	5.000000	27.9293   	5.000000	28.2043   	5.000000	0.0172004 	
5.500000	23.757    	5.500000	26.9197   	5.500000	26.7415   	5.500000	26.7415   	5.500000	26.7416   	5.500000	26.9039   	5.500000	0.015816  	
6.000000	22.6651   	6.000000	25.736    	6.000000	25.6525   	6.000000	25.6525   	6.000000	25.6525   	6.000000	25.7213   	6.000000	0.014648  	
6.500000	21.6746   	6.500000	24.6529   	6.500000	24.6503   	6.500000	24.6503   	6.500000	24.6503   	6.500000	24.6393   	6.500000	0.0136486 	
7.000000	20.7725   	7.000000	23.6584   	7.000000	23.725    	7.000000	23.725    	7.000000	23.725    	7.000000	23.6456   	7.000000	0.0127832 	
7.500000	19.9476   	7.500000	22.7418   	7.500000	22.8679   	7.500000	22.8679   	7.500000	22.868    	7.500000	22.7297   	7.500000	0.0120261 	
8.000000	19.1904   	8.000000	21.8941   	8.000000	22.0718   	8.000000	22.0718   	8.000000	22.0718   	8.000000	21.8828   	8.000000	0.0113579 	
8.500000	18.4931   	8.500000	21.108    	8.500000	21.3303   	8.500000	21.3303   	8.500000	21.3303   	8.500000	21.0972   	8.500000	0.0107636 	
9.000000	17.8487   	9.000000	20.3768   	9.000000	20.6378   	9.000000	20.6378   	9.000000	20.6378   	9.000000	20.3666   	9.000000	0.0102313 	
9.500000	17.2514   	9.500000	19.695    	9.500000	19.9897   	9.500000	19.9897   	9.500000	19.9897   	9.500000	19.6852   	9.500000	0.00975165	
10.000000	16.6961   	10.000000	18.2649   	10.000000	19.3817   	10.000000	19.3817   	10.000000	19.3817   	10.000000	18.2556   	10.000000	0.00931712	
11.000000	15.6951   	11.000000	17.3898   	11.000000	18.1912   	11.000000	18.2931   	11.000000	18.312    	11.000000	17.3812   	11.000000	0.00855973	
12.000000	14.8172   	12.000000	16.5915   	12.000000	17.1468   	12.000000	17.327    	12.000000	17.354    	12.000000	16.5835   	12.000000	0.00792142	
13.000000	14.0407   	13.000000	15.862    	13.000000	16.2241   	13.000000	16.4645   	13.000000	16.4923   	13.000000	15.8546   	13.000000	0.00737576	
14.000000	13.3487   	14.000000	15.1938   	14.000000	15.4032   	14.000000	15.6902   	14.000000	15.7142   	14.000000	15.1869   	14.000000	0.00690367	
15.000000	12.7279   	15.000000	14.5803   	15.000000	14.6683   	15.000000	14.9916   	15.000000	15.0089   	15.000000	14.5738   	15.000000	0.006491  	
16.000000	12.1678   	16.000000	14.0154   	16.000000	14.0074   	16.000000	14.3585   	16.000000	14.3674   	16.000000	14.0093   	16.000000	0.00612703	
17.000000	11.6596   	17.000000	13.4939   	17.000000	13.4104   	17.000000	13.7824   	17.000000	13.7822   	17.000000	13.4881   	17.000000	0.0058035 	
18.000000	11.1963   	18.000000	13.0111   	18.000000	12.8691   	18.000000	13.2564   	18.000000	13.246    	18.000000	13.0056   	18.000000	0.00551393	
19.000000	10.7722   	19.000000	12.563    	19.000000	12.376    	19.000000	12.7744   	19.000000	12.7541   	19.000000	12.5577   	19.000000	0.00525315	
20.000000	10.3823   	20.000000	12.1461   	20.000000	11.9253   	20.000000	12.3314   	20.000000	12.3019   	20.000000	12.1411   	20.000000	0.00501702	
21.000000	10.0226   	21.000000	11.7573   	21.000000	11.512    	21.000000	11.9233   	21.000000	11.8841   	21.000000	11.7525   	21.000000	0.00480215	
22.000000	9.68967   	22.000000	11.3939   	22.000000	11.1324   	22.000000	11.5462   	22.000000	11.4984   	22.000000	11.3893   	22.000000	0.00460574	
23.000000	9.38057   	23.000000	11.0536   	23.000000	10.7829   	23.000000	11.1971   	23.000000	11.1409   	23.000000	11.0492   	23.000000	0.00442548	
24.000000	9.09278   	24.000000	10.7342   	24.000000	10.46     	24.000000	10.8731   	24.000000	10.8094   	24.000000	10.73     	24.000000	0.00425942	
25.000000	8.82412   	25.000000	10.4339   	25.000000	10.161    	25.000000	10.5719   	25.000000	10.5012   	25.000000	10.4298   	25.000000	0.00410594	
27.000000	8.33691   	27.000000	9.8842    	27.000000	9.62552   	27.000000	10.0298   	27.000000	9.94687   	27.000000	9.88037   	27.000000	0.00383127	
29.000000	7.90657   	29.000000	9.39332   	29.000000	9.16242   	29.000000	9.55667   	29.000000	9.46377   	29.000000	9.38973   	29.000000	0.00359253	
31.000000	7.52351   	31.000000	8.95236   	31.000000	8.75009   	31.000000	9.11383   	31.000000	9.01797   	31.000000	8.94898   	31.000000	0.00338301	
33.000000	7.1802    	33.000000	8.55411   	33.000000	8.37013   	33.000000	8.69139   	33.000000	8.59894   	33.000000	8.55091   	33.000000	0.00319757	
35.000000	6.87066   	35.000000	8.19268   	35.000000	8.0253    	35.000000	8.30968   	35.000000	8.22136   	35.000000	8.18965   	35.000000	0.00303224	
38.000000	6.45934   	38.000000	7.70915   	38.000000	7.56304   	38.000000	7.80147   	38.000000	7.72007   	38.000000	7.70634   	38.000000	0.00281524	
41.000000	6.10053   	41.000000	7.28457   	41.000000	7.15539   	41.000000	7.35747   	41.000000	7.28329   	41.000000	7.28194   	41.000000	0.00262841	
44.000000	5.78461   	44.000000	6.9088    	44.000000	6.79489   	44.000000	6.96621   	44.000000	6.89922   	44.000000	6.90633   	44.000000	0.0024658 	
47.000000	5.50419   	47.000000	6.57389   	47.000000	6.47303   	47.000000	6.61882   	47.000000	6.55882   	47.000000	6.57157   	47.000000	0.00232293	
50.000000	5.25351   	50.000000	6.27354   	50.000000	6.18303   	50.000000	6.30832   	50.000000	6.25502   	50.000000	6.27134   	50.000000	0.00219635	
55.000000	4.88975   	55.000000	5.83637   	55.000000	5.76078   	55.000000	5.85809   	55.000000	5.81489   	55.000000	5.83435   	55.000000	0.00201461	
60.000000	4.58019   	60.000000	5.46336   	60.000000	5.40005   	60.000000	5.47551   	60.000000	5.44122   	60.000000	5.4615    	60.000000	0.00186172	
65.000000	4.31335   	65.000000	5.14136   	65.000000	5.08785   	65.000000	5.14637   	65.000000	5.11986   	65.000000	5.13963   	65.000000	0.00173125	
70.000000	4.08079   	70.000000	4.86058   	70.000000	4.81548   	70.000000	4.8602    	70.000000	4.84042   	70.000000	4.85896   	70.000000	0.00161854	
75.000000	3.8762    	75.000000	4.61358   	75.000000	4.57555   	75.000000	4.60907   	75.000000	4.59517   	75.000000	4.61206   	75.000000	0.00152015	
80.000000	3.69472   	80.000000	4.3946    	80.000000	4.3623    	80.000000	4.38691   	80.000000	4.37814   	80.000000	4.39317   	80.000000	0.00143348	
85.000000	3.53257   	85.000000	4.19913   	85.000000	4.17148   	85.000000	4.18897   	85.000000	4.18458   	85.000000	4.19777   	85.000000	0.00135654	
90.000000	3.38675   	90.000000	4.02357   	90.000000	4.00019   	90.000000	4.01149   	90.000000	4.01088   	90.000000	4.02228   	90.000000	0.00128774	
95.000000	3.25488   	95.000000	3.86503   	95.000000	3.84555   	95.000000	3.85144   	95.000000	3.85421   	95.000000	3.8638    	95.000000	0.00122586	
100.000000	3.13498   	100.000000	3.72113   	100.000000	3.70484   	100.000000	3.70636   	100.000000	3.71208   	100.000000	3.71996   	100.000000	0.00116987	
105.000000	3.02548   	105.000000	3.58995   	105.000000	3.57662   	105.000000	3.57425   	105.000000	3.5825    	105.000000	3.58883   	105.000000	0.00111897	
110.000000	2.92505   	110.000000	3.46986   	110.000000	3.45895   	110.000000	3.45344   	110.000000	3.46402   	110.000000	3.46879   	110.000000	0.00107248	
115.000000	2.83257   	115.000000	3.35951   	115.000000	3.35084   	115.000000	3.34254   	115.000000	3.35504   	115.000000	3.35848   	115.000000	0.00102985	
120.000000	2.74713   	120.000000	3.25777   	120.000000	3.25097   	120.000000	3.24037   	120.000000	3.25468   	120.000000	3.25678   	120.000000	0.000990604	
125.000000	2.66792   	125.000000	3.16365   	125.000000	3.15854   	125.000000	3.14594   	125.000000	3.16177   	125.000000	3.1627    	125.000000	0.000954358	
130.000000	2.59428   	130.000000	3.07634   	130.000000	3.07306   	130.000000	3.0584    	130.000000	3.07565   	130.000000	3.07542   	130.000000	0.000920772	
135.000000	2.52562   	135.000000	2.99511   	135.000000	2.99336   	135.000000	2.97703   	135.000000	2.99547   	135.000000	2.99422   	135.000000	0.000889561	
140.000000	2.46144   	140.000000	2.91937   	140.000000	2.91876   	140.000000	2.90119   	140.000000	2.92078   	140.000000	2.91851   	140.000000	0.000860478	
145.000000	2.40131   	145.000000	2.84855   	145.000000	2.84905   	145.000000	2.83034   	145.000000	2.85085   	145.000000	2.84772   	145.000000	0.000833309	
150.000000	2.34485   	150.000000	2.78221   	150.000000	2.78396   	150.000000	2.764     	150.000000	2.78542   	150.000000	2.78141   	150.000000	0.00080787	
155.000000	2.26496   	155.000000	2.71993   	155.000000	2.7227    	155.000000	2.70176   	155.000000	2.72394   	155.000000	2.71915   	155.000000	0.000783997	
160.000000	2.21831   	160.000000	2.66135   	160.000000	2.66501   	160.000000	2.64325   	160.000000	2.66612   	160.000000	2.66059   	160.000000	0.00076155	
165.000000	2.17429   	165.000000	2.60614   	165.000000	2.6107    	165.000000	2.58814   	165.000000	2.61168   	165.000000	2.6054    	165.000000	0.000740401	
170.000000	2.13268   	170.000000	2.55403   	170.000000	2.55929   	170.000000	2.53615   	170.000000	2.56021   	170.000000	2.55331   	170.000000	0.000720441	
175.000000	2.09328   	175.000000	2.50476   	175.000000	2.51065   	175.000000	2.48702   	175.000000	2.5116    	175.000000	2.50406   	175.000000	0.00070157	
180.000000	2.05591   	180.000000	2.45811   	180.000000	2.46476   	180.000000	2.44052   	180.000000	2.46557   	180.000000	2.45743   	180.000000	0.000683701	
185.000000	2.02043   	185.000000	2.41387   	185.000000	2.42123   	185.000000	2.39645   	185.000000	2.42188   	185.000000	2.4132    	185.000000	0.000666754	
190.000000	1.98669   	190.000000	2.37186   	190.000000	2.37977   	190.000000	2.35462   	190.000000	2.38044   	190.000000	2.37121   	190.000000	0.00065066	
195.000000	1.95457   	195.000000	2.33192   	195.000000	2.34042   	195.000000	2.31487   	195.000000	2.34103   	195.000000	2.33128   	195.000000	0.000635354	
200.000000	1.92395   	200.000000	2.29389   	200.000000	2.30308   	200.000000	2.27705   	200.000000	2.30348   	200.000000	2.29327   	200.000000	0.00062078	
210.000000	1.8668    	210.000000	2.22307   	210.000000	2.23336   	210.000000	2.20666   	210.000000	2.23363   	210.000000	2.22247   	210.000000	0.000593622	
220.000000	1.81453   	220.000000	2.15846   	220.000000	2.16948   	220.000000	2.1425    	220.000000	2.16985   	220.000000	2.15789   	220.000000	0.000568826	
230.000000	1.76653   	230.000000	2.09928   	230.000000	2.11116   	230.000000	2.0838    	230.000000	2.11149   	230.000000	2.09874   	230.000000	0.000546093	
240.000000	1.7223    	240.000000	2.04488   	240.000000	2.05768   	240.000000	2.02988   	240.000000	2.05783   	240.000000	2.04436   	240.000000	0.000525174	
250.000000	1.6814    	250.000000	1.99472   	250.000000	2.00823   	250.000000	1.98021   	250.000000	2.00838   	250.000000	1.99421   	250.000000	0.000505856	
260.000000	1.64348   	260.000000	1.9483    	260.000000	1.9624    	260.000000	1.9343    	260.000000	1.96262   	260.000000	1.94781   	260.000000	0.00048796	
270.000000	1.60823   	270.000000	1.90524   	270.000000	1.92001   	270.000000	1.89174   	270.000000	1.92021   	270.000000	1.90477   	270.000000	0.000471333	
280.000000	1.57536   	280.000000	1.8652    	280.000000	1.88072   	280.000000	1.8522    	280.000000	1.88075   	280.000000	1.86474   	280.000000	0.000455843	
290.000000	1.54465   	290.000000	1.82785   	290.000000	1.84398   	290.000000	1.81537   	290.000000	1.84402   	290.000000	1.82741   	290.000000	0.000441376	
300.000000	1.51588   	300.000000	1.79296   	300.000000	1.80962   	300.000000	1.78098   	300.000000	1.80965   	300.000000	1.79253   	300.000000	0.000427832	
310.000000	1.4889    	310.000000	1.76028   	310.000000	1.77751   	310.000000	1.74881   	310.000000	1.77752   	310.000000	1.75986   	310.000000	0.000415125	
320.000000	1.46352   	320.000000	1.72962   	320.000000	1.7474    	320.000000	1.71865   	320.000000	1.74738   	320.000000	1.72922   	320.000000	0.000403179	
330.000000	1.43963   	330.000000	1.7008    	330.000000	1.71902   	330.000000	1.69033   	330.000000	1.71905   	330.000000	1.7004    	330.000000	0.000391926	
340.000000	1.41708   	340.000000	1.67366   	340.000000	1.69229   	340.000000	1.66368   	340.000000	1.69242   	340.000000	1.67327   	340.000000	0.000381306	
350.000000	1.39578   	350.000000	1.64806   	350.000000	1.66719   	350.000000	1.63858   	350.000000	1.66728   	350.000000	1.64769   	350.000000	0.000371269	
360.000000	1.37562   	360.000000	1.62388   	360.000000	1.64354   	360.000000	1.61488   	360.000000	1.64356   	360.000000	1.62352   	360.000000	0.000361765	
370.000000	1.35652   	370.000000	1.60101   	370.000000	1.62116   	370.000000	1.59249   	370.000000	1.62116   	370.000000	1.60066   	370.000000	0.000352753	
380.000000	1.33839   	380.000000	1.57934   	380.000000	1.5999    	380.000000	1.5713    	380.000000	1.59991   	380.000000	1.579     	380.000000	0.000344196	
390.000000	1.32117   	390.000000	1.5588    	390.000000	1.57973   	390.000000	1.55123   	390.000000	1.57979   	390.000000	1.55846   	390.000000	0.00033606	
400.000000	1.30479   	400.000000	1.53929   	400.000000	1.56067   	400.000000	1.53218   	400.000000	1.56071   	400.000000	1.53896   	400.000000	0.000328313	
410.000000	1.2892    	410.000000	1.52074   	410.000000	1.54258   	410.000000	1.51409   	410.000000	1.54256   	410.000000	1.52042   	410.000000	0.000320928	
420.000000	1.27433   	420.000000	1.50309   	420.000000	1.52532   	420.000000	1.49688   	420.000000	1.5253    	420.000000	1.50277   	420.000000	0.00031388	
430.000000	1.26015   	430.000000	1.48627   	430.000000	1.50885   	430.000000	1.48051   	430.000000	1.50888   	430.000000	1.48596   	430.000000	0.000307147	
440.000000	1.24661   	440.000000	1.47023   	440.000000	1.49316   	440.000000	1.46491   	440.000000	1.49323   	440.000000	1.46993   	440.000000	0.000300707	
450.000000	1.23366   	450.000000	1.45492   	450.000000	1.47823   	450.000000	1.45003   	450.000000	1.47828   	450.000000	1.45463   	450.000000	0.000294541	
460.000000	1.22127   	460.000000	1.4403    	460.000000	1.464     	460.000000	1.43582   	460.000000	1.46403   	460.000000	1.44001   	460.000000	0.000288632	
470.000000	1.20941   	470.000000	1.42632   	470.000000	1.45041   	470.000000	1.42226   	470.000000	1.45041   	470.000000	1.42603   	470.000000	0.000282964	
480.000000	1.19805   	480.000000	1.41294   	480.000000	1.4374    	480.000000	1.40928   	480.000000	1.43737   	480.000000	1.41266   	480.000000	0.000277523	
490.000000	1.18715   	490.000000	1.40012   	490.000000	1.42492   	490.000000	1.39687   	490.000000	1.42489   	490.000000	1.39985   	490.000000	0.000272294	
500.000000	1.1767    	500.000000	1.38784   	500.000000	1.41295   	500.000000	1.38498   	500.000000	1.41294   	500.000000	1.38757   	500.000000	0.000267266	
520.000000	1.15701   	520.000000	1.36476   	520.000000	1.3905    	520.000000	1.36266   	520.000000	1.39051   	520.000000	1.3645    	520.000000	0.000257767	
540.000000	1.13881   	540.000000	1.34348   	540.000000	1.36982   	540.000000	1.3421    	540.000000	1.36984   	540.000000	1.34323   	540.000000	0.000248943	
560.000000	1.12194   	560.000000	1.3238    	560.000000	1.35073   	560.000000	1.32313   	560.000000	1.35076   	560.000000	1.32356   	560.000000	0.000240724	
580.000000	1.10629   	580.000000	1.30558   	580.000000	1.33306   	580.000000	1.30557   	580.000000	1.33308   	580.000000	1.30534   	580.000000	0.000233049	
600.000000	1.09173   	600.000000	1.28866   	600.000000	1.31667   	600.000000	1.28929   	600.000000	1.3167    	600.000000	1.28843   	600.000000	0.000225865	
620.000000	1.07816   	620.000000	1.27292   	620.000000	1.30144   	620.000000	1.27417   	620.000000	1.30146   	620.000000	1.2727    	620.000000	0.000219126	
640.000000	1.06549   	640.000000	1.25826   	640.000000	1.28726   	640.000000	1.26009   	640.000000	1.28728   	640.000000	1.25805   	640.000000	0.000212791	
660.000000	1.05366   	660.000000	1.24458   	660.000000	1.27404   	660.000000	1.24696   	660.000000	1.27406   	660.000000	1.24438   	660.000000	0.000206825	
680.000000	1.04257   	680.000000	1.2318    	680.000000	1.26169   	680.000000	1.23471   	680.000000	1.26169   	680.000000	1.2316    	680.000000	0.000201196	
700.000000	1.03219   	700.000000	1.21984   	700.000000	1.25014   	700.000000	1.22324   	700.000000	1.25014   	700.000000	1.21964   	700.000000	0.000195876	
720.000000	1.02245   	720.000000	1.20863   	720.000000	1.23932   	720.000000	1.2125    	720.000000	1.23931   	720.000000	1.20844   	720.000000	0.00019084	
740.000000	1.0133    	740.000000	1.19812   	740.000000	1.22917   	740.000000	1.20243   	740.000000	1.22915   	740.000000	1.19793   	740.000000	0.000186065	
760.000000	1.00469   	760.000000	1.18825   	760.000000	1.21965   	760.000000	1.19298   	760.000000	1.21961   	760.000000	1.18807   	760.000000	0.000181531	
780.000000	0.996598  	780.000000	1.17897   	780.000000	1.21068   	780.000000	1.18409   	780.000000	1.21064   	780.000000	1.17879   	780.000000	0.000177221	
800.000000	0.988975  	800.000000	1.17024   	800.000000	1.20221   	800.000000	1.17572   	800.000000	1.20219   	800.000000	1.17007   	800.000000	0.000173118	
820.000000	0.981792  	820.000000	1.16203   	820.000000	1.19421   	820.000000	1.16784   	820.000000	1.19423   	820.000000	1.16186   	820.000000	0.000169207	
840.000000	0.975019  	840.000000	1.15429   	840.000000	1.18668   	840.000000	1.16041   	840.000000	1.18673   	840.000000	1.15412   	840.000000	0.000165475	
860.000000	0.968629  	860.000000	1.14699   	860.000000	1.1796    	860.000000	1.1534    	860.000000	1.17964   	860.000000	1.14683   	860.000000	0.00016191	
880.000000	0.962597  	880.000000	1.1401    	880.000000	1.17292   	880.000000	1.14678   	880.000000	1.17295   	880.000000	1.13994   	880.000000	0.0001585 	
900.000000	0.956901  	900.000000	1.1336    	900.000000	1.16662   	900.000000	1.14052   	900.000000	1.16663   	900.000000	1.13345   	900.000000	0.000155236	
920.000000	0.951521  	920.000000	1.12747   	920.000000	1.16065   	920.000000	1.13459   	920.000000	1.16063   	920.000000	1.12732   	920.000000	0.000152109	
940.000000	0.946436  	940.000000	1.12167   	940.000000	1.15499   	940.000000	1.12899   	940.000000	1.15496   	940.000000	1.12152   	940.000000	0.000149109	
960.000000	0.941631  	960.000000	1.11619   	960.000000	1.14962   	960.000000	1.12368   	960.000000	1.14959   	960.000000	1.11605   	960.000000	0.000146229	
980.000000	0.937089  	980.000000	1.11101   	980.000000	1.14451   	980.000000	1.11864   	980.000000	1.14451   	980.000000	1.11087   	980.000000	0.000143463	
1000.000000	0.932794  	1000.000000	1.10611   	1000.000000	1.13965   	1000.000000	1.11387   	1000.000000	1.13967   	1000.000000	1.10597   	1000.000000	0.000140802	
1020.000000	0.928734  	1020.000000	1.10148   	1020.000000	1.13505   	1020.000000	1.10934   	1020.000000	1.13508   	1020.000000	1.10134   	1020.000000	0.000138242	
1040.000000	0.924895  	1040.000000	1.0971    	1040.000000	1.13069   	1040.000000	1.10504   	1040.000000	1.13073   	1040.000000	1.09696   	1040.000000	0.000135777	
1060.000000	0.921266  	1060.000000	1.09296   	1060.000000	1.12656   	1060.000000	1.10096   	1060.000000	1.1266    	1060.000000	1.09282   	1060.000000	0.000133401	
1080.000000	0.917836  	1080.000000	1.08903   	1080.000000	1.12264   	1080.000000	1.09708   	1080.000000	1.12266   	1080.000000	1.0889    	1080.000000	0.00013111	
1100.000000	0.914595  	1100.000000	1.08532   	1100.000000	1.11892   	1100.000000	1.09339   	1100.000000	1.11892   	1100.000000	1.0852    	1100.000000	0.000128898	
1120.000000	0.911533  	1120.000000	1.08182   	1120.000000	1.11538   	1120.000000	1.08988   	1120.000000	1.11537   	1120.000000	1.08169   	1120.000000	0.000126763	
1140.000000	0.908642  	1140.000000	1.0785    	1140.000000	1.11201   	1140.000000	1.08654   	1140.000000	1.11199   	1140.000000	1.07837   	1140.000000	0.0001247 	
1160.000000	0.905913  	1160.000000	1.07536   	1160.000000	1.10881   	1160.000000	1.08337   	1160.000000	1.10877   	1160.000000	1.07524   	1160.000000	0.000122705	
1180.000000	0.903338  	1180.000000	1.0724    	1180.000000	1.10575   	1180.000000	1.08034   	1180.000000	1.1057    	1180.000000	1.07227   	1180.000000	0.000120775	
1200.000000	0.90091   	1200.000000	1.06959   	1200.000000	1.10283   	1200.000000	1.07747   	1200.000000	1.10278   	1200.000000	1.06947   	1200.000000	0.000118907	
1220.000000	0.898623  	1220.000000	1.06695   	1220.000000	1.10004   	1220.000000	1.07473   	1220.000000	1.1       	1220.000000	1.06683   	1220.000000	0.000117098	
1240.000000	0.89647   	1240.000000	1.06445   	1240.000000	1.09738   	1240.000000	1.07212   	1240.000000	1.09736   	1240.000000	1.06433   	1240.000000	0.000115344	
1260.000000	0.894446  	1260.000000	1.06209   	1260.000000	1.09484   	1260.000000	1.06963   	1260.000000	1.09483   	1260.000000	1.06198   	1260.000000	0.000113645	
1280.000000	0.892544  	1280.000000	1.05987   	1280.000000	1.09242   	1280.000000	1.06726   	1280.000000	1.09242   	1280.000000	1.05975   	1280.000000	0.000111997	
1300.000000	0.890759  	1300.000000	1.05777   	1300.000000	1.09012   	1300.000000	1.065     	1300.000000	1.09013   	1300.000000	1.05766   	1300.000000	0.000110397	
1320.000000	0.889087  	1320.000000	1.0558    	1320.000000	1.08794   	1320.000000	1.06285   	1320.000000	1.08794   	1320.000000	1.05569   	1320.000000	0.000108844	
1340.000000	0.887522  	1340.000000	1.05395   	1340.000000	1.08586   	1340.000000	1.0608    	1340.000000	1.08586   	1340.000000	1.05384   	1340.000000	0.000107335	
1360.000000	0.886061  	1360.000000	1.0522    	1360.000000	1.08388   	1360.000000	1.05885   	1360.000000	1.08387   	1360.000000	1.0521    	1360.000000	0.00010587	
1380.000000	0.884698  	1380.000000	1.05057   	1380.000000	1.08199   	1380.000000	1.05699   	1380.000000	1.08198   	1380.000000	1.05046   	1380.000000	0.000104445	
1400.000000	0.883431  	1400.000000	1.04904   	1400.000000	1.0802    	1400.000000	1.05521   	1400.000000	1.08017   	1400.000000	1.04893   	1400.000000	0.000103059	
1420.000000	0.882256  	1420.000000	1.0476    	1420.000000	1.07848   	1420.000000	1.05352   	1420.000000	1.07845   	1420.000000	1.0475    	1420.000000	0.000101711	
1440.000000	0.881168  	1440.000000	1.04626   	1440.000000	1.07685   	1440.000000	1.05191   	1440.000000	1.0768    	1440.000000	1.04616   	1440.000000	0.000100398	
1460.000000	0.880165  	1460.000000	1.04502   	1460.000000	1.07528   	1460.000000	1.05037   	1460.000000	1.07524   	1460.000000	1.04492   	1460.000000	9.91208e-05	
1480.000000	0.879243  	1480.000000	1.04386   	1480.000000	1.07379   	1480.000000	1.04891   	1480.000000	1.07375   	1480.000000	1.04376   	1480.000000	9.78764e-05	
1500.000000	0.8784    	1500.000000	1.04278   	1500.000000	1.07236   	1500.000000	1.04751   	1500.000000	1.07232   	1500.000000	1.04268   	1500.000000	9.6664e-05	
1520.000000	0.877632  	1520.000000	1.04178   	1520.000000	1.071     	1520.000000	1.04618   	1520.000000	1.07097   	1520.000000	1.04169   	1520.000000	9.54822e-05	
1540.000000	0.876938  	1540.000000	1.04086   	1540.000000	1.0697    	1540.000000	1.04492   	1540.000000	1.06968   	1540.000000	1.04077   	1540.000000	9.433e-05 	
1560.000000	0.876313  	1560.000000	1.04002   	1560.000000	1.06846   	1560.000000	1.04372   	1560.000000	1.06845   	1560.000000	1.03992   	1560.000000	9.32062e-05	
1580.000000	0.875756  	1580.000000	1.03924   	1580.000000	1.06728   	1580.000000	1.04257   	1580.000000	1.06728   	1580.000000	1.03915   	1580.000000	9.21097e-05	
1600.000000	0.875265  	1600.000000	1.03854   	1600.000000	1.06616   	1600.000000	1.04148   	1600.000000	1.06616   	1600.000000	1.03845   	1600.000000	9.10397e-05	
1620.000000	0.874837  	1620.000000	1.0379    	1620.000000	1.0651    	1620.000000	1.04044   	1620.000000	1.0651    	1620.000000	1.03781   	1620.000000	8.9995e-05	
1640.000000	0.874471  	1640.000000	1.03733   	1640.000000	1.06408   	1640.000000	1.03946   	1640.000000	1.06409   	1640.000000	1.03724   	1640.000000	8.89749e-05	
1660.000000	0.874163  	1660.000000	1.03682   	1660.000000	1.06312   	1660.000000	1.03852   	1660.000000	1.06313   	1660.000000	1.03673   	1660.000000	8.79785e-05	
1680.000000	0.873912  	1680.000000	1.03636   	1680.000000	1.0622    	1680.000000	1.03763   	1680.000000	1.06222   	1680.000000	1.03628   	1680.000000	8.70048e-05	
1700.000000	0.873717  	1700.000000	1.03597   	1700.000000	1.06133   	1700.000000	1.03678   	1700.000000	1.06136   	1700.000000	1.03588   	1700.000000	8.60532e-05	
1750.000000	0.873461  	1750.000000	1.03522   	1750.000000	1.05935   	1750.000000	1.03486   	1750.000000	1.05938   	1750.000000	1.03513   	1750.000000	8.37659e-05	
1800.000000	0.873514  	1800.000000	1.03479   	1800.000000	1.05763   	1800.000000	1.03318   	1800.000000	1.05765   	1800.000000	1.03471   	1800.000000	8.16009e-05	
1850.000000	0.873854  	1850.000000	1.03465   	1850.000000	1.05613   	1850.000000	1.03172   	1850.000000	1.05614   	1850.000000	1.03457   	1850.000000	7.95487e-05	
1900.000000	0.87446   	1900.000000	1.03478   	1900.000000	1.05484   	1900.000000	1.03046   	1900.000000	1.05484   	1900.000000	1.0347    	1900.000000	7.76005e-05	
1950.000000	0.875315  	1950.000000	1.03516   	1950.000000	1.05374   	1950.000000	1.02939   	1950.000000	1.05373   	1950.000000	1.03509   	1950.000000	7.57485e-05	
2000.000000	0.876401  	2000.000000	1.03577   	2000.000000	1.0528    	2000.000000	1.02848   	2000.000000	1.05278   	2000.000000	1.0357    	2000.000000	7.39857e-05	
2100.000000	0.879208  	2100.000000	1.03762   	2100.000000	1.05136   	2100.000000	1.02712   	2100.000000	1.05134   	2100.000000	1.03755   	2100.000000	7.07029e-05	
2200.000000	0.882776  	2200.000000	1.04021   	2200.000000	1.05043   	2200.000000	1.02626   	2200.000000	1.05042   	2200.000000	1.04014   	2200.000000	6.77078e-05	
2300.000000	0.887017  	2300.000000	1.04344   	2300.000000	1.04993   	2300.000000	1.02583   	2300.000000	1.04993   	2300.000000	1.04337   	2300.000000	6.49639e-05	
2400.000000	0.891858  	2400.000000	1.04723   	2400.000000	1.0498    	2400.000000	1.02577   	2400.000000	1.04981   	2400.000000	1.04717   	2400.000000	6.24405e-05	
2500.000000	0.897237  	2500.000000	1.05152   	2500.000000	1.04999   	2500.000000	1.02601   	2500.000000	1.05      	2500.000000	1.05146   	2500.000000	6.01118e-05	
2600.000000	0.9031    	2600.000000	1.05624   	2600.000000	1.05044   	2600.000000	1.02651   	2600.000000	1.05045   	2600.000000	1.05619   	2600.000000	5.79558e-05	
2700.000000	0.909403  	2700.000000	1.06136   	2700.000000	1.05111   	2700.000000	1.02723   	2700.000000	1.05113   	2700.000000	1.0613    	2700.000000	5.59539e-05	
2800.000000	0.916105  	2800.000000	1.06682   	2800.000000	1.05198   	2800.000000	1.02814   	2800.000000	1.052     	2800.000000	1.06676   	2800.000000	5.40898e-05	
2900.000000	0.923174  	2900.000000	1.07259   	2900.000000	1.05301   	2900.000000	1.02921   	2900.000000	1.05303   	2900.000000	1.07253   	2900.000000	5.23498e-05	
3000.000000	0.930578  	3000.000000	1.07863   	3000.000000	1.05419   	3000.000000	1.03042   	3000.000000	1.05421   	3000.000000	1.07858   	3000.000000	5.07217e-05	
3200.000000	0.946296  	3200.000000	1.09145   	3200.000000	1.05687   	3200.000000	1.03317   	3200.000000	1.05689   	3200.000000	1.0914    	3200.000000	4.77602e-05	
3400.000000	0.963087  	3400.000000	1.10509   	3400.000000	1.05992   	3400.000000	1.03626   	3400.000000	1.05993   	3400.000000	1.10505   	3400.000000	4.51352e-05	
3600.000000	0.980815  	3600.000000	1.11941   	3600.000000	1.06321   	3600.000000	1.03961   	3600.000000	1.06323   	3600.000000	1.11937   	3600.000000	4.27919e-05	
3800.000000	0.999371  	3800.000000	1.13431   	3800.000000	1.0667    	3800.000000	1.04313   	3800.000000	1.06671   	3800.000000	1.13427   	3800.000000	4.06869e-05	
4000.000000	1.01867   	4000.000000	1.14968   	4000.000000	1.07031   	4000.000000	1.04677   	4000.000000	1.07031   	4000.000000	1.14964   	4000.000000	3.87852e-05	
4200.000000	1.03864   	4200.000000	1.16546   	4200.000000	1.074     	4200.000000	1.0505    	4200.000000	1.074     	4200.000000	1.16542   	4200.000000	3.70584e-05	
4400.000000	1.05922   	4400.000000	1.18158   	4400.000000	1.07775   	4400.000000	1.05428   	4400.000000	1.07774   	4400.000000	1.18155   	4400.000000	3.54833e-05	
4600.000000	1.08037   	4600.000000	1.19801   	4600.000000	1.08152   	4600.000000	1.05808   	4600.000000	1.08152   	4600.000000	1.19797   	4600.000000	3.40405e-05	
4800.000000	1.10204   	4800.000000	1.21469   	4800.000000	1.08531   	4800.000000	1.06189   	4800.000000	1.0853    	4800.000000	1.21466   	4800.000000	3.27138e-05	
5000.000000	1.1242    	5000.000000	1.2316    	5000.000000	1.08908   	5000.000000	1.0657    	5000.000000	1.08907   	5000.000000	1.23157   	5000.000000	3.14897e-05	
5250.000000	1.15254   	5250.000000	1.253     	5250.000000	1.09377   	5250.000000	1.07043   	5250.000000	1.09377   	5250.000000	1.25297   	5250.000000	3.00863e-05	
5500.000000	1.18154   	5500.000000	1.27467   	5500.000000	1.09842   	5500.000000	1.07511   	5500.000000	1.09841   	5500.000000	1.27464   	5500.000000	2.88063e-05	
6000.000000	1.24142   	6000.000000	1.31863   	6000.000000	1.10754   	6000.000000	1.08429   	6000.000000	1.10754   	6000.000000	1.3186    	6000.000000	2.65557e-05	
6500.000000	1.30357   	6500.000000	1.36324   	6500.000000	1.11638   	6500.000000	1.0932    	6500.000000	1.11638   	6500.000000	1.36321   	6500.000000	2.46403e-05	
7000.000000	1.36781   	7000.000000	1.40833   	7000.000000	1.12493   	7000.000000	1.10179   	7000.000000	1.12491   	7000.000000	1.40831   	7000.000000	2.29898e-05	
7500.000000	1.43401   	7500.000000	1.45379   	7500.000000	1.13315   	7500.000000	1.11006   	7500.000000	1.13314   	7500.000000	1.45377   	7500.000000	2.15523e-05	
8000.000000	1.50208   	8000.000000	1.49952   	8000.000000	1.14105   	8000.000000	1.11803   	8000.000000	1.14104   	8000.000000	1.4995    	8000.000000	2.02887e-05	
8500.000000	1.57192   	8500.000000	1.54546   	8500.000000	1.14864   	8500.000000	1.12569   	8500.000000	1.14865   	8500.000000	1.54544   	8500.000000	1.9169e-05	
9000.000000	1.64349   	9000.000000	1.59155   	9000.000000	1.15595   	9000.000000	1.13306   	9000.000000	1.15596   	9000.000000	1.59153   	9000.000000	1.81698e-05	
9500.000000	1.71674   	9500.000000	1.63776   	9500.000000	1.163     	9500.000000	1.14015   	9500.000000	1.16301   	9500.000000	1.63774   	9500.000000	1.72723e-05	
10000.000000	1.79162   	10000.000000	1.68405   	10000.000000	1.16978   	10000.000000	1.14699   	10000.000000	1.16978   	10000.000000	1.68403   	10000.000000	1.64618e-05	
11000.000000	1.94618   	11000.000000	1.77679   	11000.000000	1.1826    	11000.000000	1.15994   	11000.000000	1.18261   	11000.000000	1.77678   	11000.000000	1.50549e-05	
12000.000000	2.10699   	12000.000000	1.86964   	12000.000000	1.19453   	12000.000000	1.17202   	12000.000000	1.19456   	12000.000000	1.86963   	12000.000000	1.38753e-05	
13000.000000	2.27393   	13000.000000	1.9625    	13000.000000	1.2057    	13000.000000	1.18331   	13000.000000	1.20573   	13000.000000	1.96249   	13000.000000	1.28716e-05	
14000.000000	2.44692   	14000.000000	2.05532   	14000.000000	1.21619   	14000.000000	1.19392   	14000.000000	1.2162    	14000.000000	2.05531   	14000.000000	1.2007e-05	
15000.000000	2.62592   	15000.000000	2.14805   	15000.000000	1.22608   	15000.000000	1.20391   	15000.000000	1.22604   	15000.000000	2.14804   	15000.000000	1.12541e-05	
16000.000000	2.81087   	16000.000000	2.24067   	16000.000000	1.23539   	16000.000000	1.21335   	16000.000000	1.23532   	16000.000000	2.24066   	16000.000000	1.05924e-05	
17000.000000	3.00177   	17000.000000	2.33316   	17000.000000	1.24417   	17000.000000	1.22229   	17000.000000	1.2441    	17000.000000	2.33315   	17000.000000	1.00062e-05	
18000.000000	3.1986    	18000.000000	2.42551   	18000.000000	1.25248   	18000.000000	1.23078   	18000.000000	1.25242   	18000.000000	2.4255    	18000.000000	9.48318e-06	
19000.000000	3.40136   	19000.000000	2.51771   	19000.000000	1.26035   	19000.000000	1.23886   	19000.000000	1.26032   	19000.000000	2.5177    	19000.000000	9.0135e-06	
20000.000000	3.61006   	20000.000000	2.60975   	20000.000000	1.26785   	20000.000000	1.24657   	20000.000000	1.26784   	20000.000000	2.60974   	20000.000000	8.58935e-06	
21000.000000	3.82469   	21000.000000	2.70164   	21000.000000	1.27501   	21000.000000	1.25394   	21000.000000	1.27502   	21000.000000	2.70164   	21000.000000	8.20436e-06	
22000.000000	4.04528   	22000.000000	2.79338   	22000.000000	1.28188   	22000.000000	1.26099   	22000.000000	1.28187   	22000.000000	2.79337   	22000.000000	7.85331e-06	
23000.000000	4.27184   	23000.000000	2.88496   	23000.000000	1.28846   	23000.000000	1.26776   	23000.000000	1.28844   	23000.000000	2.88496   	23000.000000	7.53185e-06	
24000.000000	4.50439   	24000.000000	2.9764    	24000.000000	1.29475   	24000.000000	1.27427   	24000.000000	1.29472   	24000.000000	2.97639   	24000.000000	7.23636e-06	
25000.000000	4.74295   	25000.000000	3.06768   	25000.000000	1.30078   	25000.000000	1.28052   	25000.000000	1.30076   	25000.000000	3.06767   	25000.000000	6.9638e-06	
26000.000000	4.98754   	26000.000000	3.15881   	26000.000000	1.30657   	26000.000000	1.28655   	26000.000000	1.30655   	26000.000000	3.1588    	26000.000000	6.71156e-06	
27000.000000	5.23818   	27000.000000	3.2498    	27000.000000	1.31214   	27000.000000	1.29237   	27000.000000	1.31214   	27000.000000	3.24979   	27000.000000	6.47744e-06	
28000.000000	5.4949    	28000.000000	3.34064   	28000.000000	1.31751   	28000.000000	1.29798   	28000.000000	1.31751   	28000.000000	3.34063   	28000.000000	6.25954e-06	
29000.000000	5.75772   	29000.000000	3.43135   	29000.000000	1.3227    	29000.000000	1.30342   	29000.000000	1.32269   	29000.000000	3.43134   	29000.000000	6.05621e-06	
30000.000000	6.02668   	30000.000000	3.52192   	30000.000000	1.32771   	30000.000000	1.30868   	30000.000000	1.32769   	30000.000000	3.52191   	30000.000000	5.86602e-06	
32000.000000	6.5831    	32000.000000	3.70266   	32000.000000	1.33724   	32000.000000	1.31871   	32000.000000	1.3372    	32000.000000	3.70265   	32000.000000	5.52026e-06	
34000.000000	7.1644    	34000.000000	3.88289   	34000.000000	1.34616   	34000.000000	1.32817   	34000.000000	1.3461    	34000.000000	3.88288   	34000.000000	5.21398e-06	
36000.000000	7.77081   	36000.000000	4.06263   	36000.000000	1.3545    	36000.000000	1.33712   	36000.000000	1.35445   	36000.000000	4.06263   	36000.000000	4.94073e-06	
38000.000000	8.40259   	38000.000000	4.24191   	38000.000000	1.36233   	38000.000000	1.3456    	38000.000000	1.36232   	38000.000000	4.2419    	38000.000000	4.69541e-06	
40000.000000	9.06      	40000.000000	4.42074   	40000.000000	1.36971   	40000.000000	1.35366   	40000.000000	1.36975   	40000.000000	4.42074   	40000.000000	4.4739e-06	
42000.000000	9.74329   	42000.000000	4.59915   	42000.000000	1.37672   	42000.000000	1.36134   	42000.000000	1.37678   	42000.000000	4.59914   	42000.000000	4.27288e-06	
44000.000000	10.4528   	44000.000000	4.77715   	44000.000000	1.38341   	44000.000000	1.36868   	44000.000000	1.38344   	44000.000000	4.77714   	44000.000000	4.08959e-06	
46000.000000	11.1886   	46000.000000	4.95475   	46000.000000	1.3898    	46000.000000	1.3757    	46000.000000	1.38976   	46000.000000	4.95475   	46000.000000	3.92178e-06	
48000.000000	11.9512   	48000.000000	5.13198   	48000.000000	1.39593   	48000.000000	1.38244   	48000.000000	1.39578   	48000.000000	5.13198   	48000.000000	3.76754e-06	
50000.000000	12.7408   	50000.000000	5.30885   	50000.000000	1.40175   	50000.000000	1.3889    	50000.000000	1.4015    	50000.000000	5.30885   	50000.000000	3.62528e-06	
