! 58Cr energy loss (dE/dX) in He
! apply ZOOM for details
Energy (MeV/u)1	0 - [He-base] F.Hubert et al, AD&ND Tables 46(1990)1	Energy (MeV/u)2	1 - [H -base] J.F.Ziegler et al,Pergamon Press,NY(low energy)	Energy (MeV/u)3	2 - ATIMA 1.2 LS-theory (recommended for high energy)	Energy (MeV/u)4	3 - ATIMA 1.2 without LS-correction	Energy (MeV/u)5	4 - ATIMA 1.4 H.Weick, improved mean charge formula for HI	Energy (MeV/u)6	5 - electrical component of [1] - J.F.Ziegler et al	Energy (MeV/u)7	6 - nuclear component of [1] - J.F.Ziegler et al	
0.001000	6.87337   	0.001000	7.67819   	0.001000	7.15311   	0.001000	7.15311   	0.001000	7.15356   	0.001000	1.89219   	0.001000	5.786     	
0.002000	6.92952   	0.002000	7.38698   	0.002000	6.86643   	0.002000	6.86643   	0.002000	6.86676   	0.002000	2.45386   	0.002000	4.93312   	
0.005000	7.05795   	0.005000	6.91813   	0.005000	6.51486   	0.005000	6.51486   	0.005000	6.51505   	0.005000	3.46001   	0.005000	3.45812   	
0.008000	7.32804   	0.008000	6.85138   	0.008000	6.59096   	0.008000	6.59096   	0.008000	6.59109   	0.008000	4.12689   	0.008000	2.72449   	
0.010000	7.53336   	0.010000	6.89257   	0.010000	6.72831   	0.010000	6.72831   	0.010000	6.72842   	0.010000	4.48708   	0.010000	2.40548   	
0.015000	8.05738   	0.015000	7.11127   	0.015000	7.18167   	0.015000	7.18167   	0.015000	7.18175   	0.015000	5.22394   	0.015000	1.88733   	
0.020000	8.75038   	0.020000	7.39006   	0.020000	7.6844    	0.020000	7.6844    	0.020000	7.68446   	0.020000	5.81903   	0.020000	1.57104   	
0.025000	9.64811   	0.025000	7.68185   	0.025000	8.18987   	0.025000	8.18987   	0.025000	8.18993   	0.025000	6.32691   	0.025000	1.35494   	
0.030000	10.473    	0.030000	8.14359   	0.030000	8.75601   	0.030000	8.75601   	0.030000	8.75606   	0.030000	6.94699   	0.030000	1.1966    	
0.035000	11.2046   	0.035000	9.26502   	0.035000	9.61946   	0.035000	9.61946   	0.035000	9.6195    	0.035000	8.19011   	0.035000	1.07491   	
0.040000	11.8232   	0.040000	10.3151   	0.040000	10.4909   	0.040000	10.4909   	0.040000	10.491    	0.040000	9.34614   	0.040000	0.968929  	
0.045000	12.3377   	0.045000	11.3075   	0.045000	11.3814   	0.045000	11.3814   	0.045000	11.3815   	0.045000	10.4167   	0.045000	0.890747  	
0.050000	12.7388   	0.050000	12.2409   	0.050000	12.2746   	0.050000	12.2746   	0.050000	12.2746   	0.050000	11.4155   	0.050000	0.825404  	
0.055000	13.4213   	0.055000	13.1284   	0.055000	13.1657   	0.055000	13.1657   	0.055000	13.1657   	0.055000	12.3585   	0.055000	0.769883  	
0.060000	14.0385   	0.060000	13.981    	0.060000	14.0511   	0.060000	14.0511   	0.060000	14.0511   	0.060000	13.2589   	0.060000	0.722058  	
0.070000	15.0832   	0.070000	15.6095   	0.070000	15.7925   	0.070000	15.7925   	0.070000	15.7925   	0.070000	14.9658   	0.070000	0.643707  	
0.080000	16.424    	0.080000	17.1562   	0.080000	17.4795   	0.080000	17.4795   	0.080000	17.4795   	0.080000	16.5741   	0.080000	0.582041  	
0.090000	17.6322   	0.090000	18.8501   	0.090000	19.0984   	0.090000	19.0984   	0.090000	19.0984   	0.090000	18.318    	0.090000	0.532109  	
0.100000	18.6943   	0.100000	20.5742   	0.100000	20.6396   	0.100000	20.6396   	0.100000	20.6396   	0.100000	20.0834   	0.100000	0.490763  	
0.120000	20.0221   	0.120000	23.7169   	0.120000	23.4674   	0.120000	23.4674   	0.120000	23.4675   	0.120000	23.2908   	0.120000	0.42608   	
0.140000	21.071    	0.140000	26.4536   	0.140000	25.9436   	0.140000	25.9436   	0.140000	25.9436   	0.140000	26.076    	0.140000	0.377612  	
0.160000	21.9929   	0.160000	28.8166   	0.160000	28.0769   	0.160000	28.0769   	0.160000	28.077    	0.160000	28.4768   	0.160000	0.339809  	
0.180000	22.8871   	0.180000	30.8523   	0.180000	29.893    	0.180000	29.893    	0.180000	29.8931   	0.180000	30.5429   	0.180000	0.309422  	
0.200000	23.7914   	0.200000	32.673    	0.200000	31.4259   	0.200000	31.4259   	0.200000	31.4259   	0.200000	32.3886   	0.200000	0.284412  	
0.250000	25.2054   	0.250000	36.2568   	0.250000	34.2576   	0.250000	34.2576   	0.250000	34.2576   	0.250000	36.0192   	0.250000	0.237582  	
0.300000	26.5026   	0.300000	38.8075   	0.300000	36.0661   	0.300000	36.0661   	0.300000	36.0662   	0.300000	38.6027   	0.300000	0.204829  	
0.350000	27.8603   	0.350000	40.6703   	0.350000	37.9575   	0.350000	37.9575   	0.350000	37.9575   	0.350000	40.4898   	0.350000	0.180528  	
0.400000	29.6148   	0.400000	43.3091   	0.400000	39.4642   	0.400000	39.4642   	0.400000	39.4642   	0.400000	43.1473   	0.400000	0.161722  	
0.450000	31.0872   	0.450000	45.3432   	0.450000	40.5367   	0.450000	40.5367   	0.450000	40.5368   	0.450000	45.1964   	0.450000	0.1467    	
0.500000	32.3177   	0.500000	46.9141   	0.500000	41.3168   	0.500000	41.3168   	0.500000	41.3169   	0.500000	46.7797   	0.500000	0.134403  	
0.600000	33.0504   	0.600000	49.0553   	0.600000	42.328    	0.600000	42.328    	0.600000	42.328    	0.600000	48.9399   	0.600000	0.115425  	
0.700000	33.1358   	0.700000	50.3597   	0.700000	42.8986   	0.700000	42.8986   	0.700000	42.8987   	0.700000	50.2583   	0.700000	0.101416  	
0.800000	34.0578   	0.800000	51.0755   	0.800000	43.2054   	0.800000	43.2054   	0.800000	43.2055   	0.800000	50.9849   	0.800000	0.0906184 	
0.900000	34.6757   	0.900000	51.3824   	0.900000	43.3358   	0.900000	43.3358   	0.900000	43.3359   	0.900000	51.3004   	0.900000	0.0820236 	
1.000000	35.0667   	1.000000	51.4083   	1.000000	43.3395   	1.000000	43.3395   	1.000000	43.3395   	1.000000	51.3332   	1.000000	0.0750078 	
1.250000	34.8159   	1.250000	49.9606   	1.250000	42.9793   	1.250000	42.9793   	1.250000	42.9793   	1.250000	49.8986   	1.250000	0.0620166 	
1.500000	34.1207   	1.500000	48.1343   	1.500000	42.2975   	1.500000	42.2975   	1.500000	42.2976   	1.500000	48.0813   	1.500000	0.0530494 	
1.750000	33.2845   	1.750000	46.3504   	1.750000	41.4452   	1.750000	41.4452   	1.750000	41.4452   	1.750000	46.3039   	1.750000	0.0464629 	
2.000000	32.0898   	2.000000	44.1974   	2.000000	40.2541   	2.000000	40.2541   	2.000000	40.2541   	2.000000	44.156    	2.000000	0.041407  	
2.250000	31.0409   	2.250000	42.3035   	2.250000	39.1027   	2.250000	39.1027   	2.250000	39.1027   	2.250000	42.2661   	2.250000	0.0373957 	
2.500000	35.5741   	2.500000	40.6713   	2.500000	38.0163   	2.500000	38.0163   	2.500000	38.0163   	2.500000	40.6372   	2.500000	0.0341308 	
3.000000	33.4659   	3.000000	37.891    	3.000000	36.0141   	3.000000	36.0141   	3.000000	36.0141   	3.000000	37.8619   	3.000000	0.0291267 	
3.500000	31.5282   	3.500000	35.3358   	3.500000	34.2107   	3.500000	34.2107   	3.500000	34.2107   	3.500000	35.3103   	3.500000	0.0254618 	
4.000000	29.7774   	4.000000	33.2733   	4.000000	32.5794   	4.000000	32.5794   	4.000000	32.5794   	4.000000	33.2507   	4.000000	0.022655  	
4.500000	28.2031   	4.500000	31.5675   	4.500000	31.0977   	4.500000	31.0977   	4.500000	31.0977   	4.500000	31.5471   	4.500000	0.0204326 	
5.000000	26.787    	5.000000	30.0508   	5.000000	29.7466   	5.000000	29.7466   	5.000000	29.7466   	5.000000	30.0322   	5.000000	0.0186266 	
5.500000	25.5099   	5.500000	28.6866   	5.500000	28.51     	5.500000	28.51     	5.500000	28.51     	5.500000	28.6695   	5.500000	0.0171284 	
6.000000	24.3542   	6.000000	27.4511   	6.000000	27.374    	6.000000	27.374    	6.000000	27.374    	6.000000	27.4352   	6.000000	0.0158644 	
6.500000	23.3042   	6.500000	26.3191   	6.500000	26.3268   	6.500000	26.3268   	6.500000	26.3269   	6.500000	26.3043   	6.500000	0.0147827 	
7.000000	22.3466   	7.000000	25.2782   	7.000000	25.3585   	7.000000	25.3585   	7.000000	25.3585   	7.000000	25.2643   	7.000000	0.0138461 	
7.500000	21.4699   	7.500000	24.3176   	7.500000	24.4603   	7.500000	24.4603   	7.500000	24.4603   	7.500000	24.3046   	7.500000	0.0130266 	
8.000000	20.6645   	8.000000	23.4283   	8.000000	23.6249   	8.000000	23.6249   	8.000000	23.6249   	8.000000	23.416    	8.000000	0.0123033 	
8.500000	19.922    	8.500000	22.6024   	8.500000	22.8457   	8.500000	22.8457   	8.500000	22.8457   	8.500000	22.5907   	8.500000	0.0116599 	
9.000000	19.2353   	9.000000	21.8332   	9.000000	22.1173   	9.000000	22.1173   	9.000000	22.1173   	9.000000	21.8221   	9.000000	0.0110836 	
9.500000	18.5983   	9.500000	21.1151   	9.500000	21.4348   	9.500000	21.4348   	9.500000	21.4348   	9.500000	21.1045   	9.500000	0.0105644 	
10.000000	18.0057   	10.000000	19.5928   	10.000000	20.7939   	10.000000	20.7939   	10.000000	20.7939   	10.000000	19.5827   	10.000000	0.0100939 	
11.000000	16.9365   	11.000000	18.6729   	11.000000	19.5313   	11.000000	19.646    	11.000000	19.6703   	11.000000	18.6636   	11.000000	0.00927387	
12.000000	15.9976   	12.000000	17.8317   	12.000000	18.4223   	12.000000	18.6258   	12.000000	18.6613   	12.000000	17.8232   	12.000000	0.00858271	
13.000000	15.1665   	13.000000	17.0615   	13.000000	17.4412   	13.000000	17.7135   	13.000000	17.7517   	13.000000	17.0535   	13.000000	0.00799184	
14.000000	14.4251   	14.000000	16.3549   	14.000000	16.5678   	14.000000	16.8934   	14.000000	16.9286   	14.000000	16.3474   	14.000000	0.00748061	
15.000000	13.7596   	15.000000	15.7049   	15.000000	15.7854   	15.000000	16.1527   	15.000000	16.1811   	15.000000	15.6979   	15.000000	0.0070337 	
16.000000	13.1586   	16.000000	15.1057   	16.000000	15.0811   	16.000000	15.4806   	16.000000	15.5002   	16.000000	15.099    	16.000000	0.00663952	
17.000000	12.613    	17.000000	14.5517   	17.000000	14.4443   	17.000000	14.8685   	17.000000	14.8781   	17.000000	14.5454   	17.000000	0.00628912	
18.000000	12.1154   	18.000000	14.0382   	18.000000	13.8663   	18.000000	14.3089   	18.000000	14.3074   	18.000000	14.0322   	18.000000	0.00597549	
19.000000	11.6595   	19.000000	13.5612   	19.000000	13.3397   	19.000000	13.7958   	19.000000	13.7831   	19.000000	13.5555   	19.000000	0.00569304	
20.000000	11.2403   	20.000000	13.1169   	20.000000	12.8585   	20.000000	13.3239   	20.000000	13.3006   	20.000000	13.1115   	20.000000	0.00543727	
21.000000	10.8534   	21.000000	12.7022   	21.000000	12.4171   	21.000000	12.8887   	21.000000	12.8544   	21.000000	12.697    	21.000000	0.00520452	
22.000000	10.4951   	22.000000	12.3143   	22.000000	12.0108   	22.000000	12.4863   	22.000000	12.4421   	22.000000	12.3093   	22.000000	0.00499176	
23.000000	10.1623   	23.000000	11.9507   	23.000000	11.636    	23.000000	12.1136   	23.000000	12.0597   	23.000000	11.9459   	23.000000	0.00479649	
24.000000	9.85238   	24.000000	11.6093   	24.000000	11.2903   	24.000000	11.7674   	24.000000	11.7047   	24.000000	11.6046   	24.000000	0.00461661	
25.000000	9.56294   	25.000000	11.288    	25.000000	10.9706   	25.000000	11.4455   	25.000000	11.3744   	25.000000	11.2835   	25.000000	0.00445033	
27.000000	9.0378    	27.000000	10.6993   	27.000000	10.3984   	27.000000	10.8654   	27.000000	10.7798   	27.000000	10.6951   	27.000000	0.00415278	
29.000000	8.57369   	29.000000	10.173    	29.000000	9.90167   	29.000000	10.3586   	29.000000	10.261    	29.000000	10.1691   	29.000000	0.00389413	
31.000000	8.16036   	31.000000	9.69972   	31.000000	9.45955   	31.000000	9.88311   	31.000000	9.78103   	31.000000	9.69606   	31.000000	0.00366713	
33.000000	7.78976   	33.000000	9.27189   	33.000000	9.05448   	33.000000	9.42846   	33.000000	9.32901   	33.000000	9.26843   	33.000000	0.00346621	
35.000000	7.45547   	35.000000	8.88328   	35.000000	8.68562   	35.000000	9.0173    	35.000000	8.9215    	35.000000	8.88      	35.000000	0.00328708	
38.000000	7.01104   	38.000000	8.3629    	38.000000	8.18994   	38.000000	8.46937   	38.000000	8.38021   	38.000000	8.35985   	38.000000	0.00305194	
41.000000	6.62316   	41.000000	7.9055    	41.000000	7.7536    	41.000000	7.9902    	41.000000	7.90831   	41.000000	7.90265   	41.000000	0.0028495 	
44.000000	6.2815    	44.000000	7.50031   	44.000000	7.36584   	44.000000	7.56759   	44.000000	7.49314   	44.000000	7.49764   	44.000000	0.00267329	
47.000000	5.97811   	47.000000	7.13889   	47.000000	7.01923   	47.000000	7.19209   	47.000000	7.125     	47.000000	7.13638   	47.000000	0.00251846	
50.000000	5.70679   	50.000000	6.81453   	50.000000	6.70785   	50.000000	6.85622   	50.000000	6.79631   	50.000000	6.81215   	50.000000	0.00238129	
55.000000	5.31293   	55.000000	6.34204   	55.000000	6.25335   	55.000000	6.36886   	55.000000	6.31988   	55.000000	6.33985   	55.000000	0.00218433	
60.000000	4.97759   	60.000000	5.93852   	60.000000	5.86411   	60.000000	5.95439   	60.000000	5.91518   	60.000000	5.9365    	60.000000	0.00201863	
65.000000	4.68841   	65.000000	5.58992   	65.000000	5.52701   	65.000000	5.59758   	65.000000	5.56695   	65.000000	5.58804   	65.000000	0.00187722	
70.000000	4.43631   	70.000000	5.28574   	70.000000	5.23276   	70.000000	5.28717   	70.000000	5.26403   	70.000000	5.28399   	70.000000	0.00175505	
75.000000	4.21445   	75.000000	5.01801   	75.000000	4.97265   	75.000000	5.01465   	75.000000	4.99807   	75.000000	5.01636   	75.000000	0.00164841	
80.000000	4.0176    	80.000000	4.78053   	80.000000	4.74202   	80.000000	4.77346   	80.000000	4.76265   	80.000000	4.77898   	80.000000	0.00155447	
85.000000	3.84167   	85.000000	4.56846   	85.000000	4.53618   	85.000000	4.5585    	85.000000	4.55263   	85.000000	4.56699   	85.000000	0.00147106	
90.000000	3.68343   	90.000000	4.37792   	90.000000	4.35027   	90.000000	4.36569   	90.000000	4.36409   	90.000000	4.37653   	90.000000	0.00139649	
95.000000	3.54028   	95.000000	4.20579   	95.000000	4.18288   	95.000000	4.19178   	95.000000	4.19402   	95.000000	4.20446   	95.000000	0.0013294 	
100.000000	3.41013   	100.000000	4.04953   	100.000000	4.03005   	100.000000	4.03411   	100.000000	4.0397    	100.000000	4.04826   	100.000000	0.00126871	
105.000000	3.29123   	105.000000	3.90702   	105.000000	3.89115   	105.000000	3.8905    	105.000000	3.89898   	105.000000	3.90581   	105.000000	0.00121353	
110.000000	3.18216   	110.000000	3.77654   	110.000000	3.76375   	110.000000	3.75915   	110.000000	3.7703    	110.000000	3.77538   	110.000000	0.00116313	
115.000000	3.08173   	115.000000	3.65662   	115.000000	3.64629   	115.000000	3.63855   	115.000000	3.65191   	115.000000	3.65551   	115.000000	0.00111691	
120.000000	2.98891   	120.000000	3.54603   	120.000000	3.53789   	120.000000	3.52744   	120.000000	3.54288   	120.000000	3.54496   	120.000000	0.00107437	
125.000000	2.90287   	125.000000	3.44372   	125.000000	3.43769   	125.000000	3.42473   	125.000000	3.44192   	125.000000	3.44268   	125.000000	0.00103507	
130.000000	2.82285   	130.000000	3.34878   	130.000000	3.34471   	130.000000	3.32951   	130.000000	3.34835   	130.000000	3.34779   	130.000000	0.000998657	
135.000000	2.74825   	135.000000	3.26046   	135.000000	3.25794   	135.000000	3.24099   	135.000000	3.2612    	135.000000	3.2595    	135.000000	0.000964818	
140.000000	2.67851   	140.000000	3.17808   	140.000000	3.17718   	140.000000	3.15848   	140.000000	3.18004   	140.000000	3.17715   	140.000000	0.000933286	
145.000000	2.61316   	145.000000	3.10106   	145.000000	3.10181   	145.000000	3.08139   	145.000000	3.10402   	145.000000	3.10016   	145.000000	0.000903829	
150.000000	2.55179   	150.000000	3.0289    	150.000000	3.03097   	150.000000	3.00921   	150.000000	3.0329    	150.000000	3.02803   	150.000000	0.000876246	
155.000000	2.46492   	155.000000	2.96115   	155.000000	2.96424   	155.000000	2.94148   	155.000000	2.96606   	155.000000	2.9603    	155.000000	0.000850363	
160.000000	2.41422   	160.000000	2.89742   	160.000000	2.90152   	160.000000	2.87781   	160.000000	2.9032    	160.000000	2.89659   	160.000000	0.000826024	
165.000000	2.36636   	165.000000	2.83735   	165.000000	2.84261   	165.000000	2.81784   	165.000000	2.84401   	165.000000	2.83655   	165.000000	0.000803093	
170.000000	2.32112   	170.000000	2.78065   	170.000000	2.78691   	170.000000	2.76126   	170.000000	2.78805   	170.000000	2.77987   	170.000000	0.00078145	
175.000000	2.27829   	175.000000	2.72704   	175.000000	2.73411   	175.000000	2.70779   	175.000000	2.73519   	175.000000	2.72628   	175.000000	0.000760988	
180.000000	2.23767   	180.000000	2.67627   	180.000000	2.68414   	180.000000	2.65718   	180.000000	2.68514   	180.000000	2.67553   	180.000000	0.000741612	
185.000000	2.19909   	185.000000	2.62813   	185.000000	2.63681   	185.000000	2.60921   	185.000000	2.63762   	185.000000	2.6274    	185.000000	0.000723237	
190.000000	2.1624    	190.000000	2.58241   	190.000000	2.59187   	190.000000	2.56368   	190.000000	2.59255   	190.000000	2.5817    	190.000000	0.000705785	
195.000000	2.12747   	195.000000	2.53893   	195.000000	2.54903   	195.000000	2.52041   	195.000000	2.54969   	195.000000	2.53825   	195.000000	0.000689188	
200.000000	2.09417   	200.000000	2.49755   	200.000000	2.50818   	200.000000	2.47924   	200.000000	2.50885   	200.000000	2.49688   	200.000000	0.000673384	
210.000000	2.03202   	210.000000	2.42046   	210.000000	2.4324    	210.000000	2.40262   	210.000000	2.43288   	210.000000	2.41982   	210.000000	0.000643935	
220.000000	1.97517   	220.000000	2.35014   	220.000000	2.36314   	220.000000	2.33278   	220.000000	2.3635    	220.000000	2.34952   	220.000000	0.000617046	
230.000000	1.92297   	230.000000	2.28572   	230.000000	2.29967   	230.000000	2.26887   	230.000000	2.30002   	230.000000	2.28513   	230.000000	0.000592395	
240.000000	1.87486   	240.000000	2.22651   	240.000000	2.24137   	240.000000	2.21018   	240.000000	2.24164   	240.000000	2.22594   	240.000000	0.000569709	
250.000000	1.83037   	250.000000	2.17189   	250.000000	2.18767   	250.000000	2.1561    	250.000000	2.18784   	250.000000	2.17134   	250.000000	0.000548759	
260.000000	1.78912   	260.000000	2.12136   	260.000000	2.13788   	260.000000	2.10611   	260.000000	2.13805   	260.000000	2.12083   	260.000000	0.000529352	
270.000000	1.75077   	270.000000	2.07449   	270.000000	2.09166   	270.000000	2.05979   	270.000000	2.09191   	270.000000	2.07397   	270.000000	0.000511321	
280.000000	1.71501   	280.000000	2.03088   	280.000000	2.04887   	280.000000	2.01674   	280.000000	2.04897   	280.000000	2.03039   	280.000000	0.000494522	
290.000000	1.68159   	290.000000	1.99023   	290.000000	2.00885   	290.000000	1.97663   	290.000000	2.009     	290.000000	1.98975   	290.000000	0.000478832	
300.000000	1.6503    	300.000000	1.95224   	300.000000	1.9714    	300.000000	1.93919   	300.000000	1.9716    	300.000000	1.95177   	300.000000	0.000464144	
310.000000	1.62094   	310.000000	1.91666   	310.000000	1.93644   	310.000000	1.90417   	310.000000	1.93664   	310.000000	1.91621   	310.000000	0.000450363	
320.000000	1.59333   	320.000000	1.88328   	320.000000	1.90377   	320.000000	1.87133   	320.000000	1.90383   	320.000000	1.88284   	320.000000	0.000437406	
330.000000	1.56732   	330.000000	1.85189   	330.000000	1.873     	330.000000	1.84049   	330.000000	1.873     	330.000000	1.85147   	330.000000	0.000425201	
340.000000	1.54279   	340.000000	1.82235   	340.000000	1.84397   	340.000000	1.81149   	340.000000	1.84402   	340.000000	1.82193   	340.000000	0.000413684	
350.000000	1.51961   	350.000000	1.79448   	350.000000	1.81663   	350.000000	1.78415   	350.000000	1.81666   	350.000000	1.79407   	350.000000	0.000402798	
360.000000	1.49767   	360.000000	1.76815   	360.000000	1.79083   	360.000000	1.75836   	360.000000	1.79084   	360.000000	1.76776   	360.000000	0.00039249	
370.000000	1.47688   	370.000000	1.74325   	370.000000	1.76644   	370.000000	1.73398   	370.000000	1.76646   	370.000000	1.74286   	370.000000	0.000382716	
380.000000	1.45716   	380.000000	1.71966   	380.000000	1.74337   	380.000000	1.71091   	380.000000	1.74333   	380.000000	1.71929   	380.000000	0.000373435	
390.000000	1.43842   	390.000000	1.69729   	390.000000	1.72148   	390.000000	1.68904   	390.000000	1.72143   	390.000000	1.69692   	390.000000	0.00036461	
400.000000	1.42059   	400.000000	1.67604   	400.000000	1.70064   	400.000000	1.6683    	400.000000	1.70066   	400.000000	1.67569   	400.000000	0.000356207	
410.000000	1.40362   	410.000000	1.65585   	410.000000	1.68083   	410.000000	1.64861   	410.000000	1.6809    	410.000000	1.6555    	410.000000	0.000348198	
420.000000	1.38744   	420.000000	1.63663   	420.000000	1.66205   	420.000000	1.62987   	420.000000	1.66212   	420.000000	1.63629   	420.000000	0.000340553	
430.000000	1.37201   	430.000000	1.61832   	430.000000	1.64422   	430.000000	1.61205   	430.000000	1.64424   	430.000000	1.61798   	430.000000	0.00033325	
440.000000	1.35727   	440.000000	1.60085   	440.000000	1.62723   	440.000000	1.59506   	440.000000	1.6272    	440.000000	1.60053   	440.000000	0.000326264	
450.000000	1.34317   	450.000000	1.58419   	450.000000	1.61099   	450.000000	1.57886   	450.000000	1.61093   	450.000000	1.58387   	450.000000	0.000319576	
460.000000	1.32969   	460.000000	1.56826   	460.000000	1.59544   	460.000000	1.56339   	460.000000	1.59541   	460.000000	1.56795   	460.000000	0.000313167	
470.000000	1.31678   	470.000000	1.55304   	470.000000	1.58056   	470.000000	1.54862   	470.000000	1.58059   	470.000000	1.55273   	470.000000	0.000307019	
480.000000	1.30441   	480.000000	1.53847   	480.000000	1.56637   	480.000000	1.53449   	480.000000	1.56639   	480.000000	1.53817   	480.000000	0.000301117	
490.000000	1.29255   	490.000000	1.52452   	490.000000	1.55283   	490.000000	1.52097   	490.000000	1.5528    	490.000000	1.52422   	490.000000	0.000295446	
500.000000	1.28117   	500.000000	1.51115   	500.000000	1.53986   	500.000000	1.50803   	500.000000	1.5398    	500.000000	1.51086   	500.000000	0.000289992	
520.000000	1.25974   	520.000000	1.48601   	520.000000	1.51541   	520.000000	1.48372   	520.000000	1.51537   	520.000000	1.48573   	520.000000	0.000279688	
540.000000	1.23993   	540.000000	1.46284   	540.000000	1.49283   	540.000000	1.46135   	540.000000	1.49286   	540.000000	1.46257   	540.000000	0.000270116	
560.000000	1.22157   	560.000000	1.44142   	560.000000	1.47205   	560.000000	1.44069   	560.000000	1.47209   	560.000000	1.44116   	560.000000	0.0002612 	
580.000000	1.20453   	580.000000	1.42157   	580.000000	1.45289   	580.000000	1.42157   	580.000000	1.45284   	580.000000	1.42132   	580.000000	0.000252875	
600.000000	1.18868   	600.000000	1.40315   	600.000000	1.43507   	600.000000	1.40384   	600.000000	1.43501   	600.000000	1.4029    	600.000000	0.000245082	
620.000000	1.17391   	620.000000	1.38602   	620.000000	1.41845   	620.000000	1.38738   	620.000000	1.41841   	620.000000	1.38578   	620.000000	0.000237772	
640.000000	1.16012   	640.000000	1.37005   	640.000000	1.40299   	640.000000	1.37205   	640.000000	1.40298   	640.000000	1.36982   	640.000000	0.0002309 	
660.000000	1.14724   	660.000000	1.35516   	660.000000	1.38858   	660.000000	1.35775   	660.000000	1.38857   	660.000000	1.35493   	660.000000	0.000224428	
680.000000	1.13517   	680.000000	1.34124   	680.000000	1.37512   	680.000000	1.34441   	680.000000	1.37511   	680.000000	1.34102   	680.000000	0.000218322	
700.000000	1.12387   	700.000000	1.32822   	700.000000	1.36252   	700.000000	1.33192   	700.000000	1.36253   	700.000000	1.328     	700.000000	0.00021255	
720.000000	1.11326   	720.000000	1.31601   	720.000000	1.35073   	720.000000	1.32023   	720.000000	1.35073   	720.000000	1.31581   	720.000000	0.000207087	
740.000000	1.1033    	740.000000	1.30457   	740.000000	1.33966   	740.000000	1.30926   	740.000000	1.33967   	740.000000	1.30436   	740.000000	0.000201907	
760.000000	1.09393   	760.000000	1.29382   	760.000000	1.32927   	760.000000	1.29897   	760.000000	1.32928   	760.000000	1.29362   	760.000000	0.000196989	
780.000000	1.08512   	780.000000	1.28372   	780.000000	1.3195    	780.000000	1.28929   	780.000000	1.31951   	780.000000	1.28353   	780.000000	0.000192313	
800.000000	1.07682   	800.000000	1.27422   	800.000000	1.3103    	800.000000	1.28018   	800.000000	1.31031   	800.000000	1.27403   	800.000000	0.000187861	
820.000000	1.069     	820.000000	1.26527   	820.000000	1.30164   	820.000000	1.2716    	820.000000	1.30165   	820.000000	1.26509   	820.000000	0.000183619	
840.000000	1.06163   	840.000000	1.25684   	840.000000	1.29346   	840.000000	1.26351   	840.000000	1.29348   	840.000000	1.25666   	840.000000	0.00017957	
860.000000	1.05467   	860.000000	1.24889   	860.000000	1.28575   	860.000000	1.25588   	860.000000	1.28575   	860.000000	1.24872   	860.000000	0.000175702	
880.000000	1.04811   	880.000000	1.2414    	880.000000	1.27847   	880.000000	1.24866   	880.000000	1.27847   	880.000000	1.24123   	880.000000	0.000172003	
900.000000	1.04191   	900.000000	1.23432   	900.000000	1.27158   	900.000000	1.24185   	900.000000	1.27158   	900.000000	1.23415   	900.000000	0.000168462	
920.000000	1.03605   	920.000000	1.22764   	920.000000	1.26506   	920.000000	1.2354    	920.000000	1.26505   	920.000000	1.22747   	920.000000	0.000165069	
940.000000	1.03051   	940.000000	1.22133   	940.000000	1.25889   	940.000000	1.22929   	940.000000	1.25888   	940.000000	1.22117   	940.000000	0.000161814	
960.000000	1.02528   	960.000000	1.21536   	960.000000	1.25304   	960.000000	1.22351   	960.000000	1.25303   	960.000000	1.2152    	960.000000	0.00015869	
980.000000	1.02034   	980.000000	1.20972   	980.000000	1.2475    	980.000000	1.21803   	980.000000	1.24749   	980.000000	1.20957   	980.000000	0.000155688	
1000.000000	1.01566   	1000.000000	1.20439   	1000.000000	1.24224   	1000.000000	1.21283   	1000.000000	1.24222   	1000.000000	1.20424   	1000.000000	0.000152802	
1020.000000	1.01124   	1020.000000	1.19934   	1020.000000	1.23725   	1020.000000	1.2079    	1020.000000	1.23722   	1020.000000	1.19919   	1020.000000	0.000150025	
1040.000000	1.00706   	1040.000000	1.19457   	1040.000000	1.23252   	1040.000000	1.20322   	1040.000000	1.23248   	1040.000000	1.19443   	1040.000000	0.00014735	
1060.000000	1.00311   	1060.000000	1.19006   	1060.000000	1.22803   	1060.000000	1.19877   	1060.000000	1.22799   	1060.000000	1.18992   	1060.000000	0.000144772	
1080.000000	0.999376  	1080.000000	1.18579   	1080.000000	1.22375   	1080.000000	1.19455   	1080.000000	1.2237    	1080.000000	1.18565   	1080.000000	0.000142286	
1100.000000	0.995847  	1100.000000	1.18175   	1100.000000	1.21968   	1100.000000	1.19053   	1100.000000	1.21962   	1100.000000	1.18161   	1100.000000	0.000139887	
1120.000000	0.992513  	1120.000000	1.17793   	1120.000000	1.2158    	1120.000000	1.18671   	1120.000000	1.21575   	1120.000000	1.17779   	1120.000000	0.00013757	
1140.000000	0.989365  	1140.000000	1.17432   	1140.000000	1.2121    	1140.000000	1.18308   	1140.000000	1.21207   	1140.000000	1.17418   	1140.000000	0.000135331	
1160.000000	0.986394  	1160.000000	1.1709    	1160.000000	1.20857   	1160.000000	1.17962   	1160.000000	1.20856   	1160.000000	1.17077   	1160.000000	0.000133167	
1180.000000	0.983591  	1180.000000	1.16767   	1180.000000	1.20521   	1180.000000	1.17633   	1180.000000	1.20522   	1180.000000	1.16754   	1180.000000	0.000131073	
1200.000000	0.980948  	1200.000000	1.16462   	1200.000000	1.20201   	1200.000000	1.1732    	1200.000000	1.20204   	1200.000000	1.16449   	1200.000000	0.000129046	
1220.000000	0.978458  	1220.000000	1.16174   	1220.000000	1.19898   	1220.000000	1.17021   	1220.000000	1.19901   	1220.000000	1.16161   	1220.000000	0.000127083	
1240.000000	0.976114  	1240.000000	1.15902   	1240.000000	1.19609   	1240.000000	1.16737   	1240.000000	1.19613   	1240.000000	1.15889   	1240.000000	0.000125181	
1260.000000	0.97391   	1260.000000	1.15645   	1260.000000	1.19335   	1260.000000	1.16466   	1260.000000	1.19338   	1260.000000	1.15633   	1260.000000	0.000123337	
1280.000000	0.971839  	1280.000000	1.15403   	1280.000000	1.19074   	1280.000000	1.16208   	1280.000000	1.19075   	1280.000000	1.15391   	1280.000000	0.000121549	
1300.000000	0.969896  	1300.000000	1.15175   	1300.000000	1.18825   	1300.000000	1.15963   	1300.000000	1.18826   	1300.000000	1.15163   	1300.000000	0.000119813	
1320.000000	0.968075  	1320.000000	1.1496    	1320.000000	1.18588   	1320.000000	1.15728   	1320.000000	1.18587   	1320.000000	1.14949   	1320.000000	0.000118128	
1340.000000	0.966372  	1340.000000	1.14758   	1340.000000	1.18362   	1340.000000	1.15505   	1340.000000	1.18361   	1340.000000	1.14747   	1340.000000	0.000116491	
1360.000000	0.964781  	1360.000000	1.14569   	1360.000000	1.18146   	1360.000000	1.15292   	1360.000000	1.18144   	1360.000000	1.14557   	1360.000000	0.000114901	
1380.000000	0.963297  	1380.000000	1.14391   	1380.000000	1.17941   	1380.000000	1.1509    	1380.000000	1.17938   	1380.000000	1.14379   	1380.000000	0.000113355	
1400.000000	0.961918  	1400.000000	1.14224   	1400.000000	1.17744   	1400.000000	1.14896   	1400.000000	1.17741   	1400.000000	1.14213   	1400.000000	0.000111851	
1420.000000	0.960638  	1420.000000	1.14068   	1420.000000	1.17557   	1420.000000	1.14712   	1420.000000	1.17553   	1420.000000	1.14057   	1420.000000	0.000110388	
1440.000000	0.959454  	1440.000000	1.13922   	1440.000000	1.17378   	1440.000000	1.14537   	1440.000000	1.17374   	1440.000000	1.13911   	1440.000000	0.000108964	
1460.000000	0.958362  	1460.000000	1.13786   	1460.000000	1.17206   	1460.000000	1.14369   	1460.000000	1.17204   	1460.000000	1.13776   	1460.000000	0.000107578	
1480.000000	0.957358  	1480.000000	1.1366    	1480.000000	1.17043   	1480.000000	1.1421    	1480.000000	1.17041   	1480.000000	1.13649   	1480.000000	0.000106228	
1500.000000	0.95644   	1500.000000	1.13543   	1500.000000	1.16887   	1500.000000	1.14058   	1500.000000	1.16886   	1500.000000	1.13532   	1500.000000	0.000104912	
1520.000000	0.955605  	1520.000000	1.13434   	1520.000000	1.16738   	1520.000000	1.13913   	1520.000000	1.16738   	1520.000000	1.13424   	1520.000000	0.00010363	
1540.000000	0.954848  	1540.000000	1.13334   	1540.000000	1.16596   	1540.000000	1.13776   	1540.000000	1.16598   	1540.000000	1.13324   	1540.000000	0.00010238	
1560.000000	0.954168  	1560.000000	1.13242   	1560.000000	1.16461   	1560.000000	1.13645   	1560.000000	1.16464   	1560.000000	1.13232   	1560.000000	0.00010116	
1580.000000	0.953562  	1580.000000	1.13158   	1580.000000	1.16333   	1580.000000	1.1352    	1580.000000	1.16336   	1580.000000	1.13148   	1580.000000	9.99706e-05	
1600.000000	0.953028  	1600.000000	1.13081   	1600.000000	1.16211   	1600.000000	1.13401   	1600.000000	1.16215   	1600.000000	1.13071   	1600.000000	9.88095e-05	
1620.000000	0.952562  	1620.000000	1.13012   	1620.000000	1.16096   	1620.000000	1.13288   	1620.000000	1.16099   	1620.000000	1.13002   	1620.000000	9.7676e-05	
1640.000000	0.952162  	1640.000000	1.12949   	1640.000000	1.15986   	1640.000000	1.13181   	1640.000000	1.15989   	1640.000000	1.12939   	1640.000000	9.65691e-05	
1660.000000	0.951828  	1660.000000	1.12893   	1660.000000	1.15882   	1660.000000	1.13079   	1660.000000	1.15884   	1660.000000	1.12884   	1660.000000	9.54878e-05	
1680.000000	0.951555  	1680.000000	1.12844   	1680.000000	1.15783   	1680.000000	1.12982   	1680.000000	1.15785   	1680.000000	1.12835   	1680.000000	9.44314e-05	
1700.000000	0.951343  	1700.000000	1.12801   	1700.000000	1.15689   	1700.000000	1.1289    	1700.000000	1.15691   	1700.000000	1.12792   	1700.000000	9.33988e-05	
1750.000000	0.951063  	1750.000000	1.12719   	1750.000000	1.15475   	1750.000000	1.1268    	1750.000000	1.15475   	1750.000000	1.1271    	1750.000000	9.09168e-05	
1800.000000	0.951121  	1800.000000	1.12672   	1800.000000	1.15287   	1800.000000	1.12497   	1800.000000	1.15286   	1800.000000	1.12664   	1800.000000	8.85676e-05	
1850.000000	0.951492  	1850.000000	1.12657   	1850.000000	1.15123   	1850.000000	1.12338   	1850.000000	1.15123   	1850.000000	1.12649   	1850.000000	8.63407e-05	
1900.000000	0.952152  	1900.000000	1.12672   	1900.000000	1.1498    	1900.000000	1.12202   	1900.000000	1.14981   	1900.000000	1.12663   	1900.000000	8.42266e-05	
1950.000000	0.953083  	1950.000000	1.12713   	1950.000000	1.14857   	1950.000000	1.12085   	1950.000000	1.14859   	1950.000000	1.12705   	1950.000000	8.2217e-05	
2000.000000	0.954265  	2000.000000	1.1278    	2000.000000	1.14753   	2000.000000	1.11986   	2000.000000	1.14756   	2000.000000	1.12772   	2000.000000	8.03041e-05	
2100.000000	0.957322  	2100.000000	1.12981   	2100.000000	1.14596   	2100.000000	1.11837   	2100.000000	1.14599   	2100.000000	1.12973   	2100.000000	7.67418e-05	
2200.000000	0.961207  	2200.000000	1.13263   	2200.000000	1.14497   	2200.000000	1.11744   	2200.000000	1.14499   	2200.000000	1.13255   	2200.000000	7.34916e-05	
2300.000000	0.965825  	2300.000000	1.13614   	2300.000000	1.14445   	2300.000000	1.11697   	2300.000000	1.14445   	2300.000000	1.13607   	2300.000000	7.0514e-05	
2400.000000	0.971097  	2400.000000	1.14027   	2400.000000	1.14432   	2400.000000	1.1169    	2400.000000	1.14432   	2400.000000	1.14021   	2400.000000	6.77756e-05	
2500.000000	0.976953  	2500.000000	1.14494   	2500.000000	1.14453   	2500.000000	1.11716   	2500.000000	1.14452   	2500.000000	1.14488   	2500.000000	6.52485e-05	
2600.000000	0.983338  	2600.000000	1.15009   	2600.000000	1.14501   	2600.000000	1.11771   	2600.000000	1.14501   	2600.000000	1.15003   	2600.000000	6.29088e-05	
2700.000000	0.9902    	2700.000000	1.15566   	2700.000000	1.14574   	2700.000000	1.11849   	2700.000000	1.14575   	2700.000000	1.1556    	2700.000000	6.07363e-05	
2800.000000	0.997498  	2800.000000	1.1616    	2800.000000	1.14667   	2800.000000	1.11948   	2800.000000	1.1467    	2800.000000	1.16154   	2800.000000	5.87134e-05	
2900.000000	1.00519   	2900.000000	1.16788   	2900.000000	1.14779   	2900.000000	1.12065   	2900.000000	1.14782   	2900.000000	1.16782   	2900.000000	5.68251e-05	
3000.000000	1.01326   	3000.000000	1.17446   	3000.000000	1.14907   	3000.000000	1.12196   	3000.000000	1.14909   	3000.000000	1.17441   	3000.000000	5.50582e-05	
3200.000000	1.03037   	3200.000000	1.18842   	3200.000000	1.15199   	3200.000000	1.12496   	3200.000000	1.15202   	3200.000000	1.18837   	3200.000000	5.18442e-05	
3400.000000	1.04865   	3400.000000	1.20328   	3400.000000	1.1553    	3400.000000	1.12833   	3400.000000	1.15532   	3400.000000	1.20323   	3400.000000	4.89953e-05	
3600.000000	1.06796   	3600.000000	1.21887   	3600.000000	1.15889   	3600.000000	1.13197   	3600.000000	1.15891   	3600.000000	1.21882   	3600.000000	4.64522e-05	
3800.000000	1.08816   	3800.000000	1.23509   	3800.000000	1.16267   	3800.000000	1.13581   	3800.000000	1.16269   	3800.000000	1.23504   	3800.000000	4.41676e-05	
4000.000000	1.10918   	4000.000000	1.25182   	4000.000000	1.1666    	4000.000000	1.13977   	4000.000000	1.16661   	4000.000000	1.25178   	4000.000000	4.21036e-05	
4200.000000	1.13092   	4200.000000	1.269     	4200.000000	1.17062   	4200.000000	1.14383   	4200.000000	1.17063   	4200.000000	1.26896   	4200.000000	4.02295e-05	
4400.000000	1.15333   	4400.000000	1.28656   	4400.000000	1.17469   	4400.000000	1.14795   	4400.000000	1.1747    	4400.000000	1.28652   	4400.000000	3.85199e-05	
4600.000000	1.17636   	4600.000000	1.30445   	4600.000000	1.1788    	4600.000000	1.15209   	4600.000000	1.17881   	4600.000000	1.30441   	4600.000000	3.6954e-05	
4800.000000	1.19995   	4800.000000	1.32261   	4800.000000	1.18291   	4800.000000	1.15624   	4800.000000	1.18292   	4800.000000	1.32258   	4800.000000	3.55141e-05	
5000.000000	1.22408   	5000.000000	1.34102   	5000.000000	1.18702   	5000.000000	1.16038   	5000.000000	1.18703   	5000.000000	1.34099   	5000.000000	3.41855e-05	
5250.000000	1.25493   	5250.000000	1.36433   	5250.000000	1.19212   	5250.000000	1.16553   	5250.000000	1.19214   	5250.000000	1.3643    	5250.000000	3.26623e-05	
5500.000000	1.28652   	5500.000000	1.38792   	5500.000000	1.19718   	5500.000000	1.17063   	5500.000000	1.1972    	5500.000000	1.38789   	5500.000000	3.12729e-05	
6000.000000	1.35172   	6000.000000	1.43578   	6000.000000	1.2071    	6000.000000	1.18063   	6000.000000	1.20713   	6000.000000	1.43576   	6000.000000	2.88301e-05	
6500.000000	1.41939   	6500.000000	1.48436   	6500.000000	1.21673   	6500.000000	1.19032   	6500.000000	1.21676   	6500.000000	1.48433   	6500.000000	2.67511e-05	
7000.000000	1.48934   	7000.000000	1.53346   	7000.000000	1.22603   	7000.000000	1.19968   	7000.000000	1.22605   	7000.000000	1.53343   	7000.000000	2.49595e-05	
7500.000000	1.56142   	7500.000000	1.58296   	7500.000000	1.23501   	7500.000000	1.20869   	7500.000000	1.23499   	7500.000000	1.58293   	7500.000000	2.33992e-05	
8000.000000	1.63553   	8000.000000	1.63275   	8000.000000	1.24359   	8000.000000	1.21736   	8000.000000	1.2436    	8000.000000	1.63273   	8000.000000	2.20276e-05	
8500.000000	1.71158   	8500.000000	1.68277   	8500.000000	1.25185   	8500.000000	1.2257    	8500.000000	1.25188   	8500.000000	1.68275   	8500.000000	2.08122e-05	
9000.000000	1.78951   	9000.000000	1.73295   	9000.000000	1.25982   	9000.000000	1.23373   	9000.000000	1.25984   	9000.000000	1.73293   	9000.000000	1.97274e-05	
9500.000000	1.86926   	9500.000000	1.78327   	9500.000000	1.26749   	9500.000000	1.24145   	9500.000000	1.2675    	9500.000000	1.78325   	9500.000000	1.87533e-05	
10000.000000	1.9508    	10000.000000	1.83367   	10000.000000	1.27487   	10000.000000	1.2489    	10000.000000	1.27488   	10000.000000	1.83365   	10000.000000	1.78734e-05	
11000.000000	2.11909   	11000.000000	1.93465   	11000.000000	1.28882   	11000.000000	1.263     	11000.000000	1.28884   	11000.000000	1.93464   	11000.000000	1.63461e-05	
12000.000000	2.29419   	12000.000000	2.03575   	12000.000000	1.30181   	12000.000000	1.27614   	12000.000000	1.30184   	12000.000000	2.03574   	12000.000000	1.50656e-05	
13000.000000	2.47596   	13000.000000	2.13687   	13000.000000	1.31396   	13000.000000	1.28845   	13000.000000	1.31399   	13000.000000	2.13685   	13000.000000	1.3976e-05	
14000.000000	2.66433   	14000.000000	2.23793   	14000.000000	1.32538   	14000.000000	1.3       	14000.000000	1.32538   	14000.000000	2.23792   	14000.000000	1.30373e-05	
15000.000000	2.85922   	15000.000000	2.3389    	15000.000000	1.33613   	15000.000000	1.31088   	15000.000000	1.33609   	15000.000000	2.33889   	15000.000000	1.222e-05 	
16000.000000	3.06061   	16000.000000	2.43975   	16000.000000	1.34625   	16000.000000	1.32115   	16000.000000	1.34618   	16000.000000	2.43974   	16000.000000	1.15017e-05	
17000.000000	3.26847   	17000.000000	2.54045   	17000.000000	1.35579   	17000.000000	1.33089   	17000.000000	1.35573   	17000.000000	2.54044   	17000.000000	1.08653e-05	
18000.000000	3.48279   	18000.000000	2.64101   	18000.000000	1.36482   	18000.000000	1.34013   	18000.000000	1.36478   	18000.000000	2.641     	18000.000000	1.02974e-05	
19000.000000	3.70356   	19000.000000	2.7414    	19000.000000	1.37338   	19000.000000	1.34893   	19000.000000	1.37337   	19000.000000	2.74139   	19000.000000	9.78748e-06	
20000.000000	3.9308    	20000.000000	2.84162   	20000.000000	1.38153   	20000.000000	1.35732   	20000.000000	1.38155   	20000.000000	2.84161   	20000.000000	9.32698e-06	
21000.000000	4.1645    	21000.000000	2.94168   	21000.000000	1.38932   	21000.000000	1.36535   	21000.000000	1.38935   	21000.000000	2.94167   	21000.000000	8.90901e-06	
22000.000000	4.40469   	22000.000000	3.04156   	22000.000000	1.39681   	22000.000000	1.37303   	22000.000000	1.3968    	22000.000000	3.04156   	22000.000000	8.52787e-06	
23000.000000	4.65138   	23000.000000	3.14128   	23000.000000	1.40394   	23000.000000	1.3804    	23000.000000	1.40393   	23000.000000	3.14128   	23000.000000	8.17886e-06	
24000.000000	4.90459   	24000.000000	3.24084   	24000.000000	1.41074   	24000.000000	1.38748   	24000.000000	1.41076   	24000.000000	3.24083   	24000.000000	7.85804e-06	
25000.000000	5.16434   	25000.000000	3.34023   	25000.000000	1.41728   	25000.000000	1.39429   	25000.000000	1.41732   	25000.000000	3.34022   	25000.000000	7.56211e-06	
26000.000000	5.43066   	26000.000000	3.43946   	26000.000000	1.42359   	26000.000000	1.40086   	26000.000000	1.42361   	26000.000000	3.43945   	26000.000000	7.28825e-06	
27000.000000	5.70357   	27000.000000	3.53853   	27000.000000	1.42966   	27000.000000	1.40719   	27000.000000	1.42968   	27000.000000	3.53852   	27000.000000	7.03405e-06	
28000.000000	5.9831    	28000.000000	3.63745   	28000.000000	1.43551   	28000.000000	1.41331   	28000.000000	1.43551   	28000.000000	3.63744   	28000.000000	6.79746e-06	
29000.000000	6.26928   	29000.000000	3.73621   	29000.000000	1.44114   	29000.000000	1.41922   	29000.000000	1.44114   	29000.000000	3.7362    	29000.000000	6.5767e-06	
30000.000000	6.56213   	30000.000000	3.83483   	30000.000000	1.44657   	30000.000000	1.42495   	30000.000000	1.44657   	30000.000000	3.83482   	30000.000000	6.3702e-06	
32000.000000	7.16799   	32000.000000	4.03163   	32000.000000	1.45689   	32000.000000	1.43588   	32000.000000	1.45688   	32000.000000	4.03162   	32000.000000	5.99478e-06	
34000.000000	7.80093   	34000.000000	4.22787   	34000.000000	1.46657   	34000.000000	1.44618   	34000.000000	1.46654   	34000.000000	4.22786   	34000.000000	5.66222e-06	
36000.000000	8.46122   	36000.000000	4.42358   	36000.000000	1.47564   	36000.000000	1.45591   	36000.000000	1.4756    	36000.000000	4.42358   	36000.000000	5.36554e-06	
38000.000000	9.14913   	38000.000000	4.61879   	38000.000000	1.48417   	38000.000000	1.46515   	38000.000000	1.48413   	38000.000000	4.61878   	38000.000000	5.09916e-06	
40000.000000	9.86495   	40000.000000	4.81351   	40000.000000	1.49222   	40000.000000	1.47393   	40000.000000	1.49218   	40000.000000	4.81351   	40000.000000	4.85865e-06	
42000.000000	10.609    	42000.000000	5.00777   	42000.000000	1.49982   	42000.000000	1.48229   	42000.000000	1.49979   	42000.000000	5.00776   	42000.000000	4.64036e-06	
44000.000000	11.3814   	44000.000000	5.20158   	44000.000000	1.50705   	44000.000000	1.49028   	44000.000000	1.50702   	44000.000000	5.20158   	44000.000000	4.44135e-06	
46000.000000	12.1827   	46000.000000	5.39497   	46000.000000	1.51394   	46000.000000	1.49793   	46000.000000	1.51385   	46000.000000	5.39496   	46000.000000	4.25913e-06	
48000.000000	13.0131   	48000.000000	5.58795   	48000.000000	1.52051   	48000.000000	1.50526   	48000.000000	1.52037   	48000.000000	5.58794   	48000.000000	4.09165e-06	
50000.000000	13.8728   	50000.000000	5.78053   	50000.000000	1.52675   	50000.000000	1.5123    	50000.000000	1.52656   	50000.000000	5.78053   	50000.000000	3.93718e-06	
