! 59Mn energy loss (dE/dX) in He
! apply ZOOM for details
Energy (MeV/u)1	0 - [He-base] F.Hubert et al, AD&ND Tables 46(1990)1	Energy (MeV/u)2	1 - [H -base] J.F.Ziegler et al,Pergamon Press,NY(low energy)	Energy (MeV/u)3	2 - ATIMA 1.2 LS-theory (recommended for high energy)	Energy (MeV/u)4	3 - ATIMA 1.2 without LS-correction	Energy (MeV/u)5	4 - ATIMA 1.4 H.Weick, improved mean charge formula for HI	Energy (MeV/u)6	5 - electrical component of [1] - J.F.Ziegler et al	Energy (MeV/u)7	6 - nuclear component of [1] - J.F.Ziegler et al	
0.001000	7.13391   	0.001000	8.045     	0.001000	7.31914   	0.001000	7.31914   	0.001000	7.31962   	0.001000	2.00461   	0.001000	6.04039   	
0.002000	7.20268   	0.002000	7.78268   	0.002000	6.99137   	0.002000	6.99137   	0.002000	6.99173   	0.002000	2.59966   	0.002000	5.18303   	
0.005000	7.32468   	0.005000	7.3274    	0.005000	6.52095   	0.005000	6.52095   	0.005000	6.52116   	0.005000	3.66559   	0.005000	3.66181   	
0.008000	7.58853   	0.008000	7.26672   	0.008000	6.51116   	0.008000	6.51116   	0.008000	6.5113    	0.008000	4.37209   	0.008000	2.89463   	
0.010000	7.79193   	0.010000	7.31297   	0.010000	6.60267   	0.010000	6.60267   	0.010000	6.6028    	0.010000	4.75368   	0.010000	2.55929   	
0.015000	8.31587   	0.015000	7.54688   	0.015000	6.96465   	0.015000	6.96465   	0.015000	6.96474   	0.015000	5.53432   	0.015000	2.01256   	
0.020000	8.91173   	0.020000	7.84238   	0.020000	7.39578   	0.020000	7.39578   	0.020000	7.39586   	0.020000	6.16476   	0.020000	1.67762   	
0.025000	9.78903   	0.025000	8.15109   	0.025000	7.84136   	0.025000	7.84136   	0.025000	7.84142   	0.025000	6.70282   	0.025000	1.44827   	
0.030000	10.5942   	0.030000	8.45709   	0.030000	8.28324   	0.030000	8.28324   	0.030000	8.28329   	0.030000	7.17712   	0.030000	1.27997   	
0.035000	11.3072   	0.035000	9.4563    	0.035000	9.08601   	0.035000	9.08601   	0.035000	9.08605   	0.035000	8.30584   	0.035000	1.15046   	
0.040000	11.9158   	0.040000	10.4954   	0.040000	9.96482   	0.040000	9.96482   	0.040000	9.96487   	0.040000	9.44808   	0.040000	1.0473    	
0.045000	12.4072   	0.045000	11.4567   	0.045000	10.8499   	0.045000	10.8499   	0.045000	10.85     	0.045000	10.5026   	0.045000	0.954102  	
0.050000	12.7946   	0.050000	12.3689   	0.050000	11.7526   	0.050000	11.7526   	0.050000	11.7526   	0.050000	11.4844   	0.050000	0.884442  	
0.055000	13.4654   	0.055000	13.2357   	0.055000	12.6575   	0.055000	12.6575   	0.055000	12.6575   	0.055000	12.4105   	0.055000	0.825214  	
0.060000	14.0721   	0.060000	14.0687   	0.060000	13.5602   	0.060000	13.5602   	0.060000	13.5603   	0.060000	13.2946   	0.060000	0.774167  	
0.070000	15.1002   	0.070000	15.6624   	0.070000	15.345    	0.070000	15.345    	0.070000	15.345    	0.070000	14.9719   	0.070000	0.690482  	
0.080000	16.327    	0.080000	17.1802   	0.080000	17.0841   	0.080000	17.0841   	0.080000	17.0841   	0.080000	16.5556   	0.080000	0.624569  	
0.090000	17.5763   	0.090000	18.6998   	0.090000	18.7612   	0.090000	18.7612   	0.090000	18.7612   	0.090000	18.1286   	0.090000	0.571164  	
0.100000	18.6807   	0.100000	20.4707   	0.100000	20.3648   	0.100000	20.3648   	0.100000	20.3648   	0.100000	19.9438   	0.100000	0.526923  	
0.120000	20.0921   	0.120000	23.7163   	0.120000	23.324    	0.120000	23.324    	0.120000	23.324    	0.120000	23.2586   	0.120000	0.457669  	
0.140000	21.2179   	0.140000	26.5609   	0.140000	25.9332   	0.140000	25.9332   	0.140000	25.9332   	0.140000	26.1552   	0.140000	0.405742  	
0.160000	22.2103   	0.160000	29.0311   	0.160000	28.1957   	0.160000	28.1957   	0.160000	28.1958   	0.160000	28.6659   	0.160000	0.365223  	
0.180000	23.1493   	0.180000	31.1704   	0.180000	30.134    	0.180000	30.134    	0.180000	30.134    	0.180000	30.8377   	0.180000	0.332639  	
0.200000	24.1959   	0.200000	33.1003   	0.200000	31.7803   	0.200000	31.7803   	0.200000	31.7804   	0.200000	32.7945   	0.200000	0.305812  	
0.250000	25.917    	0.250000	37.2234   	0.250000	34.8558   	0.250000	34.8558   	0.250000	34.8558   	0.250000	36.9679   	0.250000	0.255557  	
0.300000	27.4486   	0.300000	40.1805   	0.300000	36.856    	0.300000	36.856    	0.300000	36.856    	0.300000	39.9601   	0.300000	0.220391  	
0.350000	28.7921   	0.350000	42.3394   	0.350000	38.8905   	0.350000	38.8905   	0.350000	38.8906   	0.350000	42.1451   	0.350000	0.194288  	
0.400000	30.6259   	0.400000	44.7565   	0.400000	40.5285   	0.400000	40.5285   	0.400000	40.5285   	0.400000	44.5824   	0.400000	0.174082  	
0.450000	32.2912   	0.450000	47.0917   	0.450000	41.7115   	0.450000	41.7115   	0.450000	41.7116   	0.450000	46.9337   	0.450000	0.157938  	
0.500000	33.6933   	0.500000	48.9251   	0.500000	42.586    	0.500000	42.586    	0.500000	42.586    	0.500000	48.7804   	0.500000	0.144719  	
0.600000	34.6575   	0.600000	51.4933   	0.600000	43.75     	0.600000	43.75     	0.600000	43.75     	0.600000	51.369    	0.600000	0.124312  	
0.700000	34.7553   	0.700000	52.9146   	0.700000	44.4396   	0.700000	44.4396   	0.700000	44.4396   	0.700000	52.8054   	0.700000	0.109245  	
0.800000	35.6662   	0.800000	53.5553   	0.800000	44.8416   	0.800000	44.8416   	0.800000	44.8416   	0.800000	53.4577   	0.800000	0.0976286 	
0.900000	36.2737   	0.900000	53.7954   	0.900000	45.0495   	0.900000	45.0495   	0.900000	45.0495   	0.900000	53.7071   	0.900000	0.0883802 	
1.000000	36.6551   	1.000000	53.7625   	1.000000	45.1169   	1.000000	45.1169   	1.000000	45.1169   	1.000000	53.6817   	1.000000	0.0808297 	
1.250000	36.4698   	1.250000	52.3575   	1.250000	44.8721   	1.250000	44.8721   	1.250000	44.8721   	1.250000	52.2906   	1.250000	0.0668452 	
1.500000	35.6773   	1.500000	50.3179   	1.500000	44.2623   	1.500000	44.2623   	1.500000	44.2623   	1.500000	50.2607   	1.500000	0.0571896 	
1.750000	34.7786   	1.750000	48.4005   	1.750000	43.4534   	1.750000	43.4534   	1.750000	43.4535   	1.750000	48.3504   	1.750000	0.0500961 	
2.000000	33.7235   	2.000000	46.4424   	2.000000	42.3905   	2.000000	42.3905   	2.000000	42.3905   	2.000000	46.3978   	2.000000	0.04465   	
2.250000	32.6907   	2.250000	44.553    	2.250000	41.2157   	2.250000	41.2157   	2.250000	41.2158   	2.250000	44.5127   	2.250000	0.0403285 	
2.500000	37.8183   	2.500000	42.8728   	2.500000	40.1051   	2.500000	40.1051   	2.500000	40.1051   	2.500000	42.836    	2.500000	0.0368107 	
3.000000	35.6386   	3.000000	39.9645   	3.000000	38.0524   	3.000000	38.0524   	3.000000	38.0525   	3.000000	39.9331   	3.000000	0.0314182 	
3.500000	33.6215   	3.500000	37.457    	3.500000	36.1976   	3.500000	36.1976   	3.500000	36.1977   	3.500000	37.4295   	3.500000	0.0274681 	
4.000000	31.791    	4.000000	35.3212   	4.000000	34.5149   	4.000000	34.5149   	4.000000	34.515    	4.000000	35.2967   	4.000000	0.0244425 	
4.500000	30.1397   	4.500000	33.5052   	4.500000	32.9828   	4.500000	32.9828   	4.500000	32.9828   	4.500000	33.4831   	4.500000	0.0220465 	
5.000000	28.6505   	5.000000	31.9109   	5.000000	31.5827   	5.000000	31.5827   	5.000000	31.5827   	5.000000	31.8908   	5.000000	0.0200994 	
5.500000	27.3048   	5.500000	30.4806   	5.500000	30.2986   	5.500000	30.2986   	5.500000	30.2986   	5.500000	30.4622   	5.500000	0.0184839 	
6.000000	26.0849   	6.000000	29.1879   	6.000000	29.1169   	6.000000	29.1169   	6.000000	29.1169   	6.000000	29.1708   	6.000000	0.0171208 	
6.500000	24.975    	6.500000	28.0072   	6.500000	28.0258   	6.500000	28.0258   	6.500000	28.0259   	6.500000	27.9912   	6.500000	0.0159543 	
7.000000	23.9614   	7.000000	26.9203   	7.000000	27.0154   	7.000000	27.0154   	7.000000	27.0154   	7.000000	26.9054   	7.000000	0.0149441 	
7.500000	23.0326   	7.500000	25.9163   	7.500000	26.0768   	7.500000	26.0768   	7.500000	26.0768   	7.500000	25.9022   	7.500000	0.0140602 	
8.000000	22.1783   	8.000000	24.9858   	8.000000	25.2027   	8.000000	25.2027   	8.000000	25.2027   	8.000000	24.9725   	8.000000	0.01328   	
8.500000	21.3901   	8.500000	24.1207   	8.500000	24.3865   	8.500000	24.3865   	8.500000	24.3865   	8.500000	24.1081   	8.500000	0.012586  	
9.000000	20.6606   	9.000000	23.3141   	9.000000	23.6226   	9.000000	23.6226   	9.000000	23.6227   	9.000000	23.3021   	9.000000	0.0119644 	
9.500000	19.9834   	9.500000	22.5602   	9.500000	22.9061   	9.500000	22.9061   	9.500000	22.9061   	9.500000	22.5488   	9.500000	0.0114042 	
10.000000	19.353    	10.000000	20.945    	10.000000	22.2326   	10.000000	22.2326   	10.000000	22.2326   	10.000000	20.9341   	10.000000	0.0108967 	
11.000000	18.2143   	11.000000	19.9813   	11.000000	20.8976   	11.000000	21.0261   	11.000000	21.0566   	11.000000	19.9712   	11.000000	0.010012  	
12.000000	17.2136   	12.000000	19.0979   	12.000000	19.7239   	12.000000	19.952    	12.000000	19.9976   	12.000000	19.0886   	12.000000	0.00926626	
13.000000	16.3267   	13.000000	18.2874   	13.000000	18.6841   	13.000000	18.9903   	13.000000	19.0408   	13.000000	18.2788   	13.000000	0.00862871	
14.000000	15.5351   	14.000000	17.5425   	14.000000	17.7573   	14.000000	18.1247   	14.000000	18.1733   	14.000000	17.5345   	14.000000	0.00807706	
15.000000	14.8239   	15.000000	16.8564   	15.000000	16.9271   	15.000000	17.3418   	15.000000	17.384    	15.000000	16.8488   	15.000000	0.00759479	
16.000000	14.1812   	16.000000	16.2228   	16.000000	16.1792   	16.000000	16.6308   	16.000000	16.6638   	16.000000	16.2157   	16.000000	0.00716941	
17.000000	13.5974   	17.000000	15.6364   	17.000000	15.5021   	17.000000	15.9826   	17.000000	16.0048   	17.000000	15.6296   	17.000000	0.00679126	
18.000000	13.0647   	18.000000	15.0923   	18.000000	14.8871   	18.000000	15.3895   	18.000000	15.3995   	18.000000	15.0859   	18.000000	0.00645277	
19.000000	12.5764   	19.000000	14.5862   	19.000000	14.3266   	19.000000	14.8452   	19.000000	14.8429   	19.000000	14.5801   	19.000000	0.00614792	
20.000000	12.1271   	20.000000	14.1145   	20.000000	13.8139   	20.000000	14.3442   	20.000000	14.3299   	20.000000	14.1086   	20.000000	0.00587187	
21.000000	11.7123   	21.000000	13.6738   	21.000000	13.3436   	21.000000	13.8818   	21.000000	13.8551   	21.000000	13.6681   	21.000000	0.00562064	
22.000000	11.328    	22.000000	13.2612   	22.000000	12.9109   	22.000000	13.454    	22.000000	13.416    	22.000000	13.2558   	22.000000	0.005391  	
23.000000	10.971    	23.000000	12.8741   	23.000000	12.5119   	23.000000	13.0574   	23.000000	13.0082   	23.000000	12.8689   	23.000000	0.00518023	
24.000000	10.6383   	24.000000	12.5103   	24.000000	12.1433   	24.000000	12.689    	24.000000	12.6295   	24.000000	12.5054   	24.000000	0.00498605	
25.000000	10.3275   	25.000000	12.1679   	25.000000	11.8022   	25.000000	12.346    	25.000000	12.2769   	25.000000	12.163    	25.000000	0.00480656	
27.000000	9.76342   	27.000000	11.5397   	27.000000	11.191    	27.000000	11.7276   	27.000000	11.6413   	27.000000	11.5352   	27.000000	0.00448535	
29.000000	9.26461   	29.000000	10.9775   	29.000000	10.661    	29.000000	11.1868   	29.000000	11.0861   	29.000000	10.9733   	29.000000	0.00420613	
31.000000	8.82015   	31.000000	10.4714   	31.000000	10.1906   	31.000000	10.6782   	31.000000	10.5712   	31.000000	10.4675   	31.000000	0.00396106	
33.000000	8.42147   	33.000000	10.0135   	33.000000	9.75907   	33.000000	10.1907   	33.000000	10.0852   	33.000000	10.0098   	33.000000	0.00374414	
35.000000	8.0617    	35.000000	9.59725   	35.000000	9.36576   	35.000000	9.74951   	35.000000	9.64696   	35.000000	9.59369   	35.000000	0.00355074	
38.000000	7.58318   	38.000000	9.03929   	38.000000	8.83667   	38.000000	9.16101   	38.000000	9.0645    	38.000000	9.03599   	38.000000	0.00329686	
41.000000	7.16534   	41.000000	8.54835   	41.000000	8.37032   	41.000000	8.64585   	41.000000	8.55642   	41.000000	8.54528   	41.000000	0.00307827	
44.000000	6.79713   	44.000000	8.11308   	44.000000	7.95542   	44.000000	8.19112   	44.000000	8.10921   	44.000000	8.11019   	44.000000	0.002888  	
47.000000	6.47003   	47.000000	7.72452   	47.000000	7.5842    	47.000000	7.78676   	47.000000	7.71249   	47.000000	7.7218    	47.000000	0.00272081	
50.000000	6.17741   	50.000000	7.37554   	50.000000	7.25041   	50.000000	7.42485   	50.000000	7.35815   	50.000000	7.37297   	50.000000	0.00257269	
55.000000	5.75245   	55.000000	6.86677   	55.000000	6.76277   	55.000000	6.89929   	55.000000	6.84428   	55.000000	6.86441   	55.000000	0.00235998	
60.000000	5.39047   	60.000000	6.43189   	60.000000	6.34494   	60.000000	6.45196   	60.000000	6.40754   	60.000000	6.42971   	60.000000	0.00218104	
65.000000	5.0782    	65.000000	6.0559    	65.000000	5.98219   	65.000000	6.0666    	65.000000	6.03158   	65.000000	6.05387   	65.000000	0.00202831	
70.000000	4.80586   	70.000000	5.7276    	70.000000	5.66539   	70.000000	5.73117   	70.000000	5.7044    	70.000000	5.72571   	70.000000	0.00189637	
75.000000	4.56612   	75.000000	5.43847   	75.000000	5.38561   	75.000000	5.43653   	75.000000	5.41704   	75.000000	5.43669   	75.000000	0.00178119	
80.000000	4.35335   	80.000000	5.18189   	80.000000	5.13717   	80.000000	5.17566   	80.000000	5.16261   	80.000000	5.18021   	80.000000	0.00167972	
85.000000	4.16315   	85.000000	4.95266   	85.000000	4.91471   	85.000000	4.94307   	85.000000	4.93554   	85.000000	4.95107   	85.000000	0.00158963	
90.000000	3.99203   	90.000000	4.74663   	90.000000	4.71426   	90.000000	4.73439   	90.000000	4.73166   	90.000000	4.74512   	90.000000	0.00150908	
95.000000	3.83721   	95.000000	4.56044   	95.000000	4.53322   	95.000000	4.5461    	95.000000	4.54771   	95.000000	4.559     	95.000000	0.00143661	
100.000000	3.69641   	100.000000	4.39136   	100.000000	4.36888   	100.000000	4.37536   	100.000000	4.38077   	100.000000	4.38998   	100.000000	0.00137105	
105.000000	3.56777   	105.000000	4.23713   	105.000000	4.21811   	105.000000	4.21982   	105.000000	4.22849   	105.000000	4.23581   	105.000000	0.00131144	
110.000000	3.44975   	110.000000	4.09587   	110.000000	4.08043   	110.000000	4.07754   	110.000000	4.08925   	110.000000	4.09462   	110.000000	0.00125699	
115.000000	3.34105   	115.000000	3.96603   	115.000000	3.95371   	115.000000	3.94688   	115.000000	3.9611    	115.000000	3.96482   	115.000000	0.00120706	
120.000000	3.24059   	120.000000	3.84625   	120.000000	3.83668   	120.000000	3.82647   	120.000000	3.84307   	120.000000	3.84509   	120.000000	0.0011611 	
125.000000	3.14744   	125.000000	3.73543   	125.000000	3.72838   	125.000000	3.71516   	125.000000	3.73377   	125.000000	3.73431   	125.000000	0.00111865	
130.000000	3.06082   	130.000000	3.63259   	130.000000	3.62761   	130.000000	3.61196   	130.000000	3.63246   	130.000000	3.63151   	130.000000	0.00107931	
135.000000	2.98004   	135.000000	3.53689   	135.000000	3.53387   	135.000000	3.516     	135.000000	3.53808   	135.000000	3.53585   	135.000000	0.00104275	
140.000000	2.90452   	140.000000	3.44762   	140.000000	3.44651   	140.000000	3.42656   	140.000000	3.45019   	140.000000	3.44661   	140.000000	0.00100869	
145.000000	2.83375   	145.000000	3.36416   	145.000000	3.36474   	145.000000	3.34299   	145.000000	3.36785   	145.000000	3.36318   	145.000000	0.000976862	
150.000000	2.76728   	150.000000	3.28594   	150.000000	3.28792   	150.000000	3.26473   	150.000000	3.29081   	150.000000	3.28499   	150.000000	0.000947062	
155.000000	2.67315   	155.000000	3.2125    	155.000000	3.2158    	155.000000	3.19129   	155.000000	3.21842   	155.000000	3.21158   	155.000000	0.000919097	
160.000000	2.61824   	160.000000	3.14341   	160.000000	3.14799   	160.000000	3.12225   	160.000000	3.15032   	160.000000	3.14252   	160.000000	0.0008928 	
165.000000	2.5664    	165.000000	3.0783    	165.000000	3.08408   	165.000000	3.05722   	165.000000	3.0862    	165.000000	3.07743   	165.000000	0.000868024	
170.000000	2.5174    	170.000000	3.01682   	170.000000	3.0238    	170.000000	2.99586   	170.000000	3.02556   	170.000000	3.01598   	170.000000	0.00084464	
175.000000	2.47099   	175.000000	2.95869   	175.000000	2.96675   	175.000000	2.93787   	175.000000	2.96828   	175.000000	2.95787   	175.000000	0.000822531	
180.000000	2.42698   	180.000000	2.90364   	180.000000	2.91257   	180.000000	2.88298   	180.000000	2.91405   	180.000000	2.90284   	180.000000	0.000801596	
185.000000	2.38519   	185.000000	2.85143   	185.000000	2.86123   	185.000000	2.83096   	185.000000	2.86256   	185.000000	2.85065   	185.000000	0.000781741	
190.000000	2.34544   	190.000000	2.80185   	190.000000	2.81264   	190.000000	2.78158   	190.000000	2.81372   	190.000000	2.80109   	190.000000	0.000762884	
195.000000	2.30759   	195.000000	2.75471   	195.000000	2.76641   	195.000000	2.73465   	195.000000	2.76727   	195.000000	2.75396   	195.000000	0.000744951	
200.000000	2.27151   	200.000000	2.70982   	200.000000	2.72228   	200.000000	2.68999   	200.000000	2.72301   	200.000000	2.7091    	200.000000	0.000727874	
210.000000	2.20416   	210.000000	2.62622   	210.000000	2.6398    	210.000000	2.60688   	210.000000	2.64067   	210.000000	2.62552   	210.000000	0.000696052	
220.000000	2.14255   	220.000000	2.54994   	220.000000	2.56484   	220.000000	2.53112   	220.000000	2.56547   	220.000000	2.54927   	220.000000	0.000666997	
230.000000	2.08596   	230.000000	2.48007   	230.000000	2.49601   	230.000000	2.46179   	230.000000	2.49665   	230.000000	2.47943   	230.000000	0.000640359	
240.000000	2.03382   	240.000000	2.41583   	240.000000	2.43292   	240.000000	2.39812   	240.000000	2.43336   	240.000000	2.41522   	240.000000	0.000615845	
250.000000	1.9856    	250.000000	2.35658   	250.000000	2.37472   	250.000000	2.33945   	250.000000	2.37504   	250.000000	2.35599   	250.000000	0.000593206	
260.000000	1.94088   	260.000000	2.30177   	260.000000	2.32076   	260.000000	2.28523   	260.000000	2.32106   	260.000000	2.3012    	260.000000	0.000572234	
270.000000	1.8993    	270.000000	2.25092   	270.000000	2.27077   	270.000000	2.23497   	270.000000	2.27103   	270.000000	2.25036   	270.000000	0.000552748	
280.000000	1.86053   	280.000000	2.20361   	280.000000	2.22429   	280.000000	2.18826   	280.000000	2.22447   	280.000000	2.20308   	280.000000	0.000534594	
290.000000	1.82431   	290.000000	2.15951   	290.000000	2.18101   	290.000000	2.14475   	290.000000	2.18113   	290.000000	2.15899   	290.000000	0.000517639	
300.000000	1.79038   	300.000000	2.11829   	300.000000	2.14045   	300.000000	2.10413   	300.000000	2.14058   	300.000000	2.11778   	300.000000	0.000501765	
310.000000	1.75854   	310.000000	2.07969   	310.000000	2.10246   	310.000000	2.06613   	310.000000	2.10266   	310.000000	2.0792    	310.000000	0.000486872	
320.000000	1.72861   	320.000000	2.04347   	320.000000	2.06699   	320.000000	2.0305    	320.000000	2.06708   	320.000000	2.04299   	320.000000	0.000472869	
330.000000	1.70041   	330.000000	2.00942   	330.000000	2.03359   	330.000000	1.99705   	330.000000	2.03365   	330.000000	2.00896   	330.000000	0.000459679	
340.000000	1.67381   	340.000000	1.97736   	340.000000	2.00206   	340.000000	1.96557   	340.000000	2.00221   	340.000000	1.97691   	340.000000	0.000447232	
350.000000	1.64867   	350.000000	1.94712   	350.000000	1.97236   	350.000000	1.93591   	350.000000	1.97254   	350.000000	1.94668   	350.000000	0.000435466	
360.000000	1.62488   	360.000000	1.91856   	360.000000	1.94441   	360.000000	1.90792   	360.000000	1.94454   	360.000000	1.91813   	360.000000	0.000424326	
370.000000	1.60234   	370.000000	1.89154   	370.000000	1.91805   	370.000000	1.88147   	370.000000	1.91809   	370.000000	1.89112   	370.000000	0.000413763	
380.000000	1.58094   	380.000000	1.86594   	380.000000	1.89303   	380.000000	1.85644   	380.000000	1.89301   	380.000000	1.86554   	380.000000	0.000403732	
390.000000	1.56062   	390.000000	1.84167   	390.000000	1.86925   	390.000000	1.83272   	390.000000	1.86925   	390.000000	1.84127   	390.000000	0.000394194	
400.000000	1.54129   	400.000000	1.81862   	400.000000	1.8467    	400.000000	1.81022   	400.000000	1.84673   	400.000000	1.81823   	400.000000	0.000385112	
410.000000	1.52289   	410.000000	1.7967    	410.000000	1.82529   	410.000000	1.78884   	410.000000	1.82529   	410.000000	1.79633   	410.000000	0.000376455	
420.000000	1.50534   	420.000000	1.77585   	420.000000	1.80492   	420.000000	1.76852   	420.000000	1.80491   	420.000000	1.77548   	420.000000	0.000368193	
430.000000	1.4886    	430.000000	1.75598   	430.000000	1.78553   	430.000000	1.74918   	430.000000	1.78552   	430.000000	1.75562   	430.000000	0.000360299	
440.000000	1.47261   	440.000000	1.73703   	440.000000	1.76707   	440.000000	1.73074   	440.000000	1.76704   	440.000000	1.73668   	440.000000	0.000352749	
450.000000	1.45733   	450.000000	1.71895   	450.000000	1.74944   	450.000000	1.71317   	450.000000	1.74939   	450.000000	1.7186    	450.000000	0.000345521	
460.000000	1.4427    	460.000000	1.70167   	460.000000	1.73256   	460.000000	1.69639   	460.000000	1.73255   	460.000000	1.70133   	460.000000	0.000338593	
470.000000	1.4287    	470.000000	1.68515   	470.000000	1.7164    	470.000000	1.68035   	470.000000	1.71647   	470.000000	1.68482   	470.000000	0.000331948	
480.000000	1.41529   	480.000000	1.66934   	480.000000	1.70097   	480.000000	1.66503   	480.000000	1.70107   	480.000000	1.66902   	480.000000	0.000325569	
490.000000	1.40242   	490.000000	1.6542    	490.000000	1.68625   	490.000000	1.65036   	490.000000	1.68633   	490.000000	1.65388   	490.000000	0.000319439	
500.000000	1.39008   	500.000000	1.6397    	500.000000	1.67217   	500.000000	1.63631   	500.000000	1.67222   	500.000000	1.63938   	500.000000	0.000313543	
520.000000	1.36683   	520.000000	1.61243   	520.000000	1.64574   	520.000000	1.60994   	520.000000	1.64572   	520.000000	1.61212   	520.000000	0.000302406	
540.000000	1.34534   	540.000000	1.58728   	540.000000	1.62128   	540.000000	1.58566   	540.000000	1.6213    	540.000000	1.58699   	540.000000	0.00029206	
560.000000	1.32543   	560.000000	1.56404   	560.000000	1.59869   	560.000000	1.56324   	560.000000	1.59876   	560.000000	1.56375   	560.000000	0.000282423	
580.000000	1.30695   	580.000000	1.5425    	580.000000	1.57788   	580.000000	1.5425    	580.000000	1.57787   	580.000000	1.54223   	580.000000	0.000273423	
600.000000	1.28975   	600.000000	1.52251   	600.000000	1.55851   	600.000000	1.52327   	600.000000	1.55853   	600.000000	1.52225   	600.000000	0.000265  	
620.000000	1.27373   	620.000000	1.50392   	620.000000	1.54046   	620.000000	1.5054    	620.000000	1.54052   	620.000000	1.50367   	620.000000	0.000257097	
640.000000	1.25877   	640.000000	1.4866    	640.000000	1.52375   	640.000000	1.48877   	640.000000	1.52376   	640.000000	1.48635   	640.000000	0.000249669	
660.000000	1.24479   	660.000000	1.47044   	660.000000	1.50817   	660.000000	1.47326   	660.000000	1.50814   	660.000000	1.4702    	660.000000	0.000242673	
680.000000	1.23171   	680.000000	1.45534   	680.000000	1.49355   	680.000000	1.45877   	680.000000	1.49353   	680.000000	1.4551    	680.000000	0.000236072	
700.000000	1.21944   	700.000000	1.4412    	700.000000	1.47985   	700.000000	1.44523   	700.000000	1.47988   	700.000000	1.44097   	700.000000	0.000229833	
720.000000	1.20794   	720.000000	1.42796   	720.000000	1.46702   	720.000000	1.43254   	720.000000	1.46708   	720.000000	1.42774   	720.000000	0.000223927	
740.000000	1.19713   	740.000000	1.41554   	740.000000	1.45502   	740.000000	1.42064   	740.000000	1.45507   	740.000000	1.41533   	740.000000	0.000218328	
760.000000	1.18697   	760.000000	1.40388   	760.000000	1.44379   	760.000000	1.40947   	760.000000	1.4438    	760.000000	1.40367   	760.000000	0.000213011	
780.000000	1.17741   	780.000000	1.39292   	780.000000	1.43323   	780.000000	1.39897   	780.000000	1.43319   	780.000000	1.39271   	780.000000	0.000207956	
800.000000	1.16841   	800.000000	1.38261   	800.000000	1.42326   	800.000000	1.38909   	800.000000	1.42321   	800.000000	1.38241   	800.000000	0.000203144	
820.000000	1.15992   	820.000000	1.3729    	820.000000	1.41384   	820.000000	1.37978   	820.000000	1.41381   	820.000000	1.37271   	820.000000	0.000198557	
840.000000	1.15192   	840.000000	1.36376   	840.000000	1.40496   	840.000000	1.371     	840.000000	1.40494   	840.000000	1.36356   	840.000000	0.00019418	
860.000000	1.14438   	860.000000	1.35514   	860.000000	1.39657   	860.000000	1.36271   	860.000000	1.39656   	860.000000	1.35495   	860.000000	0.000189999	
880.000000	1.13725   	880.000000	1.347     	880.000000	1.38866   	880.000000	1.35489   	880.000000	1.38865   	880.000000	1.34682   	880.000000	0.000186  	
900.000000	1.13052   	900.000000	1.33932   	900.000000	1.38117   	900.000000	1.34749   	900.000000	1.38118   	900.000000	1.33914   	900.000000	0.000182172	
920.000000	1.12417   	920.000000	1.33207   	920.000000	1.37409   	920.000000	1.34049   	920.000000	1.37409   	920.000000	1.3319    	920.000000	0.000178503	
940.000000	1.11816   	940.000000	1.32522   	940.000000	1.36739   	940.000000	1.33387   	940.000000	1.36739   	940.000000	1.32505   	940.000000	0.000174985	
960.000000	1.11249   	960.000000	1.31875   	960.000000	1.36103   	960.000000	1.3276    	960.000000	1.36104   	960.000000	1.31858   	960.000000	0.000171607	
980.000000	1.10712   	980.000000	1.31263   	980.000000	1.35501   	980.000000	1.32165   	980.000000	1.35503   	980.000000	1.31246   	980.000000	0.000168362	
1000.000000	1.10205   	1000.000000	1.30684   	1000.000000	1.3493    	1000.000000	1.31601   	1000.000000	1.34931   	1000.000000	1.30668   	1000.000000	0.000165242	
1020.000000	1.09725   	1020.000000	1.30137   	1020.000000	1.34388   	1020.000000	1.31066   	1020.000000	1.34389   	1020.000000	1.30121   	1020.000000	0.000162239	
1040.000000	1.09272   	1040.000000	1.29619   	1040.000000	1.33873   	1040.000000	1.30558   	1040.000000	1.33874   	1040.000000	1.29604   	1040.000000	0.000159347	
1060.000000	1.08843   	1060.000000	1.2913    	1060.000000	1.33384   	1060.000000	1.30075   	1060.000000	1.33386   	1060.000000	1.29114   	1060.000000	0.00015656	
1080.000000	1.08438   	1080.000000	1.28667   	1080.000000	1.32919   	1080.000000	1.29617   	1080.000000	1.3292    	1080.000000	1.28651   	1080.000000	0.000153873	
1100.000000	1.08055   	1100.000000	1.28228   	1100.000000	1.32477   	1100.000000	1.29181   	1100.000000	1.32478   	1100.000000	1.28213   	1100.000000	0.000151279	
1120.000000	1.07694   	1120.000000	1.27814   	1120.000000	1.32057   	1120.000000	1.28766   	1120.000000	1.32058   	1120.000000	1.27799   	1120.000000	0.000148774	
1140.000000	1.07352   	1140.000000	1.27422   	1140.000000	1.31657   	1140.000000	1.28372   	1140.000000	1.31658   	1140.000000	1.27407   	1140.000000	0.000146354	
1160.000000	1.0703    	1160.000000	1.27051   	1160.000000	1.31276   	1160.000000	1.27997   	1160.000000	1.31278   	1160.000000	1.27037   	1160.000000	0.000144013	
1180.000000	1.06726   	1180.000000	1.26701   	1180.000000	1.30914   	1180.000000	1.2764    	1180.000000	1.30915   	1180.000000	1.26687   	1180.000000	0.00014175	
1200.000000	1.06439   	1200.000000	1.2637    	1200.000000	1.30569   	1200.000000	1.273     	1200.000000	1.30569   	1200.000000	1.26356   	1200.000000	0.000139558	
1220.000000	1.06169   	1220.000000	1.26057   	1220.000000	1.3024    	1220.000000	1.26976   	1220.000000	1.30241   	1220.000000	1.26043   	1220.000000	0.000137436	
1240.000000	1.05915   	1240.000000	1.25762   	1240.000000	1.29927   	1240.000000	1.26668   	1240.000000	1.29928   	1240.000000	1.25748   	1240.000000	0.00013538	
1260.000000	1.05675   	1260.000000	1.25483   	1260.000000	1.29628   	1260.000000	1.26374   	1260.000000	1.29629   	1260.000000	1.2547    	1260.000000	0.000133386	
1280.000000	1.05451   	1280.000000	1.2522    	1280.000000	1.29344   	1280.000000	1.26094   	1280.000000	1.29344   	1280.000000	1.25207   	1280.000000	0.000131452	
1300.000000	1.0524    	1300.000000	1.24973   	1300.000000	1.29073   	1300.000000	1.25828   	1300.000000	1.29073   	1300.000000	1.2496    	1300.000000	0.000129575	
1320.000000	1.05042   	1320.000000	1.2474    	1320.000000	1.28815   	1320.000000	1.25573   	1320.000000	1.28815   	1320.000000	1.24727   	1320.000000	0.000127753	
1340.000000	1.04858   	1340.000000	1.24521   	1340.000000	1.28568   	1340.000000	1.25331   	1340.000000	1.28568   	1340.000000	1.24508   	1340.000000	0.000125984	
1360.000000	1.04685   	1360.000000	1.24315   	1360.000000	1.28334   	1360.000000	1.251     	1360.000000	1.28333   	1360.000000	1.24303   	1360.000000	0.000124264	
1380.000000	1.04524   	1380.000000	1.24122   	1380.000000	1.2811    	1380.000000	1.2488    	1380.000000	1.28109   	1380.000000	1.2411    	1380.000000	0.000122593	
1400.000000	1.04374   	1400.000000	1.23941   	1400.000000	1.27896   	1400.000000	1.24671   	1400.000000	1.27895   	1400.000000	1.23929   	1400.000000	0.000120967	
1420.000000	1.04235   	1420.000000	1.23772   	1420.000000	1.27693   	1420.000000	1.24471   	1420.000000	1.27691   	1420.000000	1.2376    	1420.000000	0.000119385	
1440.000000	1.04107   	1440.000000	1.23613   	1440.000000	1.27499   	1440.000000	1.2428    	1440.000000	1.27497   	1440.000000	1.23602   	1440.000000	0.000117846	
1460.000000	1.03989   	1460.000000	1.23466   	1460.000000	1.27314   	1460.000000	1.24099   	1460.000000	1.27313   	1460.000000	1.23454   	1460.000000	0.000116347	
1480.000000	1.0388    	1480.000000	1.23329   	1480.000000	1.27137   	1480.000000	1.23926   	1480.000000	1.27136   	1480.000000	1.23317   	1480.000000	0.000114887	
1500.000000	1.0378    	1500.000000	1.23202   	1500.000000	1.26969   	1500.000000	1.23761   	1500.000000	1.26967   	1500.000000	1.2319    	1500.000000	0.000113464	
1520.000000	1.03689   	1520.000000	1.23084   	1520.000000	1.26809   	1520.000000	1.23604   	1520.000000	1.26807   	1520.000000	1.23073   	1520.000000	0.000112078	
1540.000000	1.03607   	1540.000000	1.22975   	1540.000000	1.26656   	1540.000000	1.23455   	1540.000000	1.26654   	1540.000000	1.22964   	1540.000000	0.000110726	
1560.000000	1.03534   	1560.000000	1.22875   	1560.000000	1.26511   	1560.000000	1.23312   	1560.000000	1.26509   	1560.000000	1.22864   	1560.000000	0.000109408	
1580.000000	1.03468   	1580.000000	1.22784   	1580.000000	1.26373   	1580.000000	1.23177   	1580.000000	1.26371   	1580.000000	1.22773   	1580.000000	0.000108121	
1600.000000	1.0341    	1600.000000	1.22701   	1600.000000	1.26241   	1600.000000	1.23048   	1600.000000	1.26239   	1600.000000	1.2269    	1600.000000	0.000106866	
1620.000000	1.03359   	1620.000000	1.22625   	1620.000000	1.26116   	1620.000000	1.22926   	1620.000000	1.26113   	1620.000000	1.22615   	1620.000000	0.00010564	
1640.000000	1.03316   	1640.000000	1.22558   	1640.000000	1.25997   	1640.000000	1.22809   	1640.000000	1.25993   	1640.000000	1.22547   	1640.000000	0.000104443	
1660.000000	1.0328    	1660.000000	1.22497   	1660.000000	1.25884   	1660.000000	1.22698   	1660.000000	1.2588    	1660.000000	1.22487   	1660.000000	0.000103274	
1680.000000	1.0325    	1680.000000	1.22444   	1680.000000	1.25777   	1680.000000	1.22593   	1680.000000	1.25772   	1680.000000	1.22433   	1680.000000	0.000102132	
1700.000000	1.03227   	1700.000000	1.22397   	1700.000000	1.25675   	1700.000000	1.22493   	1700.000000	1.2567    	1700.000000	1.22387   	1700.000000	0.000101015	
1750.000000	1.03197   	1750.000000	1.22308   	1750.000000	1.25441   	1750.000000	1.22266   	1750.000000	1.25435   	1750.000000	1.22299   	1750.000000	9.83317e-05	
1800.000000	1.03203   	1800.000000	1.22257   	1800.000000	1.25236   	1800.000000	1.22067   	1800.000000	1.2523    	1800.000000	1.22248   	1800.000000	9.57915e-05	
1850.000000	1.03243   	1850.000000	1.22241   	1850.000000	1.25056   	1850.000000	1.21895   	1850.000000	1.25053   	1850.000000	1.22232   	1850.000000	9.33835e-05	
1900.000000	1.03315   	1900.000000	1.22257   	1900.000000	1.249     	1900.000000	1.21746   	1900.000000	1.24899   	1900.000000	1.22247   	1900.000000	9.10976e-05	
1950.000000	1.03416   	1950.000000	1.22302   	1950.000000	1.24766   	1950.000000	1.2162    	1950.000000	1.24766   	1950.000000	1.22293   	1950.000000	8.89245e-05	
2000.000000	1.03544   	2000.000000	1.22374   	2000.000000	1.24653   	2000.000000	1.21513   	2000.000000	1.24654   	2000.000000	1.22365   	2000.000000	8.68561e-05	
2100.000000	1.03876   	2100.000000	1.22592   	2100.000000	1.24481   	2100.000000	1.21351   	2100.000000	1.24483   	2100.000000	1.22584   	2100.000000	8.3004e-05	
2200.000000	1.04298   	2200.000000	1.22898   	2200.000000	1.24373   	2200.000000	1.2125    	2200.000000	1.24374   	2200.000000	1.2289    	2200.000000	7.94895e-05	
2300.000000	1.04799   	2300.000000	1.2328    	2300.000000	1.24316   	2300.000000	1.21199   	2300.000000	1.24316   	2300.000000	1.23272   	2300.000000	7.62696e-05	
2400.000000	1.05371   	2400.000000	1.23728   	2400.000000	1.24302   	2400.000000	1.21192   	2400.000000	1.24301   	2400.000000	1.2372    	2400.000000	7.33084e-05	
2500.000000	1.06006   	2500.000000	1.24234   	2500.000000	1.24324   	2500.000000	1.2122    	2500.000000	1.24323   	2500.000000	1.24227   	2500.000000	7.05756e-05	
2600.000000	1.06699   	2600.000000	1.24793   	2600.000000	1.24376   	2600.000000	1.21279   	2600.000000	1.24376   	2600.000000	1.24786   	2600.000000	6.80455e-05	
2700.000000	1.07444   	2700.000000	1.25397   	2700.000000	1.24455   	2700.000000	1.21364   	2700.000000	1.24456   	2700.000000	1.2539    	2700.000000	6.56961e-05	
2800.000000	1.08235   	2800.000000	1.26042   	2800.000000	1.24556   	2800.000000	1.21472   	2800.000000	1.24559   	2800.000000	1.26035   	2800.000000	6.35085e-05	
2900.000000	1.09071   	2900.000000	1.26723   	2900.000000	1.24678   	2900.000000	1.21598   	2900.000000	1.2468    	2900.000000	1.26717   	2900.000000	6.14664e-05	
3000.000000	1.09945   	3000.000000	1.27437   	3000.000000	1.24817   	3000.000000	1.21741   	3000.000000	1.24818   	3000.000000	1.27432   	3000.000000	5.95556e-05	
3200.000000	1.11802   	3200.000000	1.28952   	3200.000000	1.25135   	3200.000000	1.22066   	3200.000000	1.25135   	3200.000000	1.28946   	3200.000000	5.60799e-05	
3400.000000	1.13786   	3400.000000	1.30564   	3400.000000	1.25495   	3400.000000	1.22432   	3400.000000	1.25494   	3400.000000	1.30558   	3400.000000	5.29989e-05	
3600.000000	1.15881   	3600.000000	1.32256   	3600.000000	1.25886   	3600.000000	1.22827   	3600.000000	1.25883   	3600.000000	1.32251   	3600.000000	5.02486e-05	
3800.000000	1.18073   	3800.000000	1.34015   	3800.000000	1.26297   	3800.000000	1.23243   	3800.000000	1.26293   	3800.000000	1.34011   	3800.000000	4.77778e-05	
4000.000000	1.20353   	4000.000000	1.35831   	4000.000000	1.26723   	4000.000000	1.23673   	4000.000000	1.26718   	4000.000000	1.35827   	4000.000000	4.55456e-05	
4200.000000	1.22713   	4200.000000	1.37696   	4200.000000	1.27158   	4200.000000	1.24114   	4200.000000	1.27154   	4200.000000	1.37691   	4200.000000	4.35187e-05	
4400.000000	1.25144   	4400.000000	1.39601   	4400.000000	1.276     	4400.000000	1.2456    	4400.000000	1.27596   	4400.000000	1.39597   	4400.000000	4.16698e-05	
4600.000000	1.27643   	4600.000000	1.41541   	4600.000000	1.28045   	4600.000000	1.2501    	4600.000000	1.28041   	4600.000000	1.41537   	4600.000000	3.99761e-05	
4800.000000	1.30203   	4800.000000	1.43513   	4800.000000	1.28491   	4800.000000	1.2546    	4800.000000	1.28488   	4800.000000	1.43509   	4800.000000	3.84188e-05	
5000.000000	1.32821   	5000.000000	1.4551    	5000.000000	1.28936   	5000.000000	1.2591    	5000.000000	1.28933   	5000.000000	1.45506   	5000.000000	3.69818e-05	
5250.000000	1.36169   	5250.000000	1.48039   	5250.000000	1.29489   	5250.000000	1.26468   	5250.000000	1.29487   	5250.000000	1.48036   	5250.000000	3.53344e-05	
5500.000000	1.39596   	5500.000000	1.50599   	5500.000000	1.30038   	5500.000000	1.27021   	5500.000000	1.30036   	5500.000000	1.50596   	5500.000000	3.38316e-05	
6000.000000	1.4667    	6000.000000	1.55793   	6000.000000	1.31114   	6000.000000	1.28107   	6000.000000	1.31114   	6000.000000	1.55789   	6000.000000	3.11895e-05	
6500.000000	1.54013   	6500.000000	1.61063   	6500.000000	1.32159   	6500.000000	1.29158   	6500.000000	1.32158   	6500.000000	1.6106    	6500.000000	2.89408e-05	
7000.000000	1.61603   	7000.000000	1.66391   	7000.000000	1.33167   	7000.000000	1.30173   	7000.000000	1.33165   	7000.000000	1.66388   	7000.000000	2.7003e-05	
7500.000000	1.69425   	7500.000000	1.71762   	7500.000000	1.34134   	7500.000000	1.31151   	7500.000000	1.34136   	7500.000000	1.71759   	7500.000000	2.53152e-05	
8000.000000	1.77467   	8000.000000	1.77165   	8000.000000	1.3507    	8000.000000	1.32092   	8000.000000	1.3507    	8000.000000	1.77162   	8000.000000	2.38316e-05	
8500.000000	1.85719   	8500.000000	1.82592   	8500.000000	1.35971   	8500.000000	1.32997   	8500.000000	1.35967   	8500.000000	1.8259    	8500.000000	2.25169e-05	
9000.000000	1.94174   	9000.000000	1.88037   	9000.000000	1.36835   	9000.000000	1.33868   	9000.000000	1.36831   	9000.000000	1.88035   	9000.000000	2.13435e-05	
9500.000000	2.02828   	9500.000000	1.93497   	9500.000000	1.37666   	9500.000000	1.34706   	9500.000000	1.37662   	9500.000000	1.93495   	9500.000000	2.02897e-05	
10000.000000	2.11675   	10000.000000	1.98966   	10000.000000	1.38467   	10000.000000	1.35514   	10000.000000	1.38462   	10000.000000	1.98964   	10000.000000	1.93379e-05	
11000.000000	2.29936   	11000.000000	2.09923   	11000.000000	1.3998    	11000.000000	1.37044   	11000.000000	1.39976   	11000.000000	2.09922   	11000.000000	1.76858e-05	
12000.000000	2.48935   	12000.000000	2.20893   	12000.000000	1.41387   	12000.000000	1.38471   	12000.000000	1.41387   	12000.000000	2.20892   	12000.000000	1.63006e-05	
13000.000000	2.68659   	13000.000000	2.31865   	13000.000000	1.42703   	13000.000000	1.39805   	13000.000000	1.42704   	13000.000000	2.31863   	13000.000000	1.5122e-05	
14000.000000	2.89098   	14000.000000	2.42831   	14000.000000	1.4394    	14000.000000	1.41059   	14000.000000	1.43939   	14000.000000	2.4283    	14000.000000	1.41065e-05	
15000.000000	3.10245   	15000.000000	2.53787   	15000.000000	1.45105   	15000.000000	1.42239   	15000.000000	1.451     	15000.000000	2.53786   	15000.000000	1.32223e-05	
16000.000000	3.32097   	16000.000000	2.6473    	16000.000000	1.46203   	16000.000000	1.43354   	16000.000000	1.46195   	16000.000000	2.64728   	16000.000000	1.24452e-05	
17000.000000	3.54652   	17000.000000	2.75657   	17000.000000	1.47238   	17000.000000	1.4441    	17000.000000	1.4723    	17000.000000	2.75656   	17000.000000	1.17567e-05	
18000.000000	3.77907   	18000.000000	2.86567   	18000.000000	1.48218   	18000.000000	1.45414   	18000.000000	1.48211   	18000.000000	2.86566   	18000.000000	1.11423e-05	
19000.000000	4.01862   	19000.000000	2.9746    	19000.000000	1.49148   	19000.000000	1.46368   	19000.000000	1.49143   	19000.000000	2.97459   	19000.000000	1.05907e-05	
20000.000000	4.26519   	20000.000000	3.08336   	20000.000000	1.50034   	20000.000000	1.47279   	20000.000000	1.50029   	20000.000000	3.08334   	20000.000000	1.00925e-05	
21000.000000	4.51878   	21000.000000	3.19192   	21000.000000	1.50878   	21000.000000	1.4815    	21000.000000	1.50875   	21000.000000	3.19191   	21000.000000	9.64028e-06	
22000.000000	4.7794    	22000.000000	3.30031   	22000.000000	1.51684   	22000.000000	1.48983   	22000.000000	1.51682   	22000.000000	3.3003    	22000.000000	9.22792e-06	
23000.000000	5.04707   	23000.000000	3.40851   	23000.000000	1.52455   	23000.000000	1.49783   	23000.000000	1.52455   	23000.000000	3.4085    	23000.000000	8.85032e-06	
24000.000000	5.32182   	24000.000000	3.51653   	24000.000000	1.53194   	24000.000000	1.50551   	24000.000000	1.53195   	24000.000000	3.51653   	24000.000000	8.50323e-06	
25000.000000	5.60367   	25000.000000	3.62438   	25000.000000	1.53906   	25000.000000	1.5129    	25000.000000	1.53906   	25000.000000	3.62437   	25000.000000	8.18305e-06	
26000.000000	5.89265   	26000.000000	3.73205   	26000.000000	1.54589   	26000.000000	1.52003   	26000.000000	1.54588   	26000.000000	3.73204   	26000.000000	7.88676e-06	
27000.000000	6.18877   	27000.000000	3.83955   	27000.000000	1.55245   	27000.000000	1.5269    	27000.000000	1.55245   	27000.000000	3.83954   	27000.000000	7.61173e-06	
28000.000000	6.49208   	28000.000000	3.94688   	28000.000000	1.55875   	28000.000000	1.53353   	28000.000000	1.55876   	28000.000000	3.94687   	28000.000000	7.35576e-06	
29000.000000	6.8026    	29000.000000	4.05405   	29000.000000	1.56484   	29000.000000	1.53995   	29000.000000	1.56486   	29000.000000	4.05404   	29000.000000	7.1169e-06	
30000.000000	7.12037   	30000.000000	4.16105   	30000.000000	1.57073   	30000.000000	1.54617   	30000.000000	1.57074   	30000.000000	4.16105   	30000.000000	6.89348e-06	
32000.000000	7.77776   	32000.000000	4.37459   	32000.000000	1.58193   	32000.000000	1.55803   	32000.000000	1.58191   	32000.000000	4.37459   	32000.000000	6.48728e-06	
34000.000000	8.46455   	34000.000000	4.58753   	34000.000000	1.59243   	34000.000000	1.5692    	34000.000000	1.59236   	34000.000000	4.58753   	34000.000000	6.12747e-06	
36000.000000	9.18101   	36000.000000	4.7999    	36000.000000	1.60225   	36000.000000	1.57977   	36000.000000	1.60217   	36000.000000	4.79989   	36000.000000	5.80645e-06	
38000.000000	9.92745   	38000.000000	5.01171   	38000.000000	1.61145   	38000.000000	1.58979   	38000.000000	1.61141   	38000.000000	5.0117    	38000.000000	5.51824e-06	
40000.000000	10.7042   	40000.000000	5.22299   	40000.000000	1.62012   	40000.000000	1.59931   	40000.000000	1.62012   	40000.000000	5.22299   	40000.000000	5.25799e-06	
42000.000000	11.5115   	42000.000000	5.43378   	42000.000000	1.62833   	42000.000000	1.60839   	42000.000000	1.62835   	42000.000000	5.43377   	42000.000000	5.02181e-06	
44000.000000	12.3497   	44000.000000	5.64408   	44000.000000	1.63614   	44000.000000	1.61706   	44000.000000	1.63616   	44000.000000	5.64407   	44000.000000	4.80647e-06	
46000.000000	13.2191   	46000.000000	5.85391   	46000.000000	1.64362   	46000.000000	1.62536   	46000.000000	1.64356   	46000.000000	5.85391   	46000.000000	4.6093e-06	
48000.000000	14.1201   	48000.000000	6.06331   	48000.000000	1.65076   	48000.000000	1.63331   	48000.000000	1.6506    	48000.000000	6.0633    	48000.000000	4.42808e-06	
50000.000000	15.0529   	50000.000000	6.27228   	50000.000000	1.65755   	50000.000000	1.64095   	50000.000000	1.65729   	50000.000000	6.27227   	50000.000000	4.26093e-06	
