! 60Mn energy loss (dE/dX) in He
! apply ZOOM for details
Energy (MeV/u)1	0 - [He-base] F.Hubert et al, AD&ND Tables 46(1990)1	Energy (MeV/u)2	1 - [H -base] J.F.Ziegler et al,Pergamon Press,NY(low energy)	Energy (MeV/u)3	2 - ATIMA 1.2 LS-theory (recommended for high energy)	Energy (MeV/u)4	3 - ATIMA 1.2 without LS-correction	Energy (MeV/u)5	4 - ATIMA 1.4 H.Weick, improved mean charge formula for HI	Energy (MeV/u)6	5 - electrical component of [1] - J.F.Ziegler et al	Energy (MeV/u)7	6 - nuclear component of [1] - J.F.Ziegler et al	
0.001000	7.14281   	0.001000	8.05046   	0.001000	7.3246    	0.001000	7.3246    	0.001000	7.32505   	0.001000	2.00461   	0.001000	6.04585   	
0.002000	7.20908   	0.002000	7.7866    	0.002000	6.99529   	0.002000	6.99529   	0.002000	6.99563   	0.002000	2.59966   	0.002000	5.18694   	
0.005000	7.32812   	0.005000	7.32949   	0.005000	6.52305   	0.005000	6.52305   	0.005000	6.52324   	0.005000	3.66559   	0.005000	3.66391   	
0.008000	7.59088   	0.008000	7.26815   	0.008000	6.51259   	0.008000	6.51259   	0.008000	6.51272   	0.008000	4.37209   	0.008000	2.89606   	
0.010000	7.79387   	0.010000	7.31415   	0.010000	6.60385   	0.010000	6.60385   	0.010000	6.60397   	0.010000	4.75368   	0.010000	2.56047   	
0.015000	8.31722   	0.015000	7.5477    	0.015000	6.96547   	0.015000	6.96547   	0.015000	6.96555   	0.015000	5.53432   	0.015000	2.01338   	
0.020000	8.91277   	0.020000	7.84301   	0.020000	7.39641   	0.020000	7.39641   	0.020000	7.39648   	0.020000	6.16476   	0.020000	1.67825   	
0.025000	9.78987   	0.025000	8.1516    	0.025000	7.84187   	0.025000	7.84187   	0.025000	7.84193   	0.025000	6.70282   	0.025000	1.44878   	
0.030000	10.5949   	0.030000	8.45752   	0.030000	8.28367   	0.030000	8.28367   	0.030000	8.28372   	0.030000	7.17712   	0.030000	1.2804    	
0.035000	11.3078   	0.035000	9.45667   	0.035000	9.08637   	0.035000	9.08637   	0.035000	9.08642   	0.035000	8.30584   	0.035000	1.15083   	
0.040000	11.9164   	0.040000	10.4957   	0.040000	9.96515   	0.040000	9.96515   	0.040000	9.96519   	0.040000	9.44808   	0.040000	1.04763   	
0.045000	12.4076   	0.045000	11.457    	0.045000	10.8502   	0.045000	10.8502   	0.045000	10.8502   	0.045000	10.5026   	0.045000	0.954391  	
0.050000	12.795    	0.050000	12.3691   	0.050000	11.7529   	0.050000	11.7529   	0.050000	11.7529   	0.050000	11.4844   	0.050000	0.884702  	
0.055000	13.4658   	0.055000	13.2359   	0.055000	12.6578   	0.055000	12.6578   	0.055000	12.6578   	0.055000	12.4105   	0.055000	0.82545   	
0.060000	14.0725   	0.060000	14.0689   	0.060000	13.5604   	0.060000	13.5604   	0.060000	13.5605   	0.060000	13.2946   	0.060000	0.774384  	
0.070000	15.1005   	0.070000	15.6626   	0.070000	15.3452   	0.070000	15.3452   	0.070000	15.3452   	0.070000	14.9719   	0.070000	0.690668  	
0.080000	16.3273   	0.080000	17.1804   	0.080000	17.0842   	0.080000	17.0842   	0.080000	17.0843   	0.080000	16.5556   	0.080000	0.624731  	
0.090000	17.5765   	0.090000	18.7      	0.090000	18.7613   	0.090000	18.7613   	0.090000	18.7613   	0.090000	18.1286   	0.090000	0.571309  	
0.100000	18.6809   	0.100000	20.4708   	0.100000	20.3649   	0.100000	20.3649   	0.100000	20.3649   	0.100000	19.9438   	0.100000	0.527053  	
0.120000	20.0923   	0.120000	23.7164   	0.120000	23.3241   	0.120000	23.3241   	0.120000	23.3241   	0.120000	23.2586   	0.120000	0.457777  	
0.140000	21.2181   	0.140000	26.561    	0.140000	25.9333   	0.140000	25.9333   	0.140000	25.9333   	0.140000	26.1552   	0.140000	0.405835  	
0.160000	22.2105   	0.160000	29.0312   	0.160000	28.1958   	0.160000	28.1958   	0.160000	28.1958   	0.160000	28.6659   	0.160000	0.365304  	
0.180000	23.1494   	0.180000	31.1705   	0.180000	30.1341   	0.180000	30.1341   	0.180000	30.1341   	0.180000	30.8377   	0.180000	0.332711  	
0.200000	24.196    	0.200000	33.1003   	0.200000	31.7804   	0.200000	31.7804   	0.200000	31.7804   	0.200000	32.7945   	0.200000	0.305878  	
0.250000	25.9171   	0.250000	37.2235   	0.250000	34.8558   	0.250000	34.8558   	0.250000	34.8559   	0.250000	36.9679   	0.250000	0.255609  	
0.300000	27.4487   	0.300000	40.1805   	0.300000	36.856    	0.300000	36.856    	0.300000	36.856    	0.300000	39.9601   	0.300000	0.220434  	
0.350000	28.7922   	0.350000	42.3394   	0.350000	38.8906   	0.350000	38.8906   	0.350000	38.8906   	0.350000	42.1451   	0.350000	0.194326  	
0.400000	30.6259   	0.400000	44.7565   	0.400000	40.5285   	0.400000	40.5285   	0.400000	40.5285   	0.400000	44.5824   	0.400000	0.174114  	
0.450000	32.2913   	0.450000	47.0917   	0.450000	41.7116   	0.450000	41.7116   	0.450000	41.7116   	0.450000	46.9337   	0.450000	0.157967  	
0.500000	33.6934   	0.500000	48.9251   	0.500000	42.586    	0.500000	42.586    	0.500000	42.586    	0.500000	48.7804   	0.500000	0.144745  	
0.600000	34.6576   	0.600000	51.4933   	0.600000	43.75     	0.600000	43.75     	0.600000	43.75     	0.600000	51.369    	0.600000	0.124334  	
0.700000	34.7553   	0.700000	52.9146   	0.700000	44.4396   	0.700000	44.4396   	0.700000	44.4396   	0.700000	52.8054   	0.700000	0.109263  	
0.800000	35.6663   	0.800000	53.5553   	0.800000	44.8416   	0.800000	44.8416   	0.800000	44.8416   	0.800000	53.4577   	0.800000	0.0976449 	
0.900000	36.2737   	0.900000	53.7955   	0.900000	45.0495   	0.900000	45.0495   	0.900000	45.0495   	0.900000	53.7071   	0.900000	0.0883947 	
1.000000	36.6552   	1.000000	53.7625   	1.000000	45.1169   	1.000000	45.1169   	1.000000	45.1169   	1.000000	53.6817   	1.000000	0.0808427 	
1.250000	36.4698   	1.250000	52.3575   	1.250000	44.8721   	1.250000	44.8721   	1.250000	44.8721   	1.250000	52.2906   	1.250000	0.0668556 	
1.500000	35.6773   	1.500000	50.3179   	1.500000	44.2623   	1.500000	44.2623   	1.500000	44.2623   	1.500000	50.2607   	1.500000	0.0571983 	
1.750000	34.7786   	1.750000	48.4005   	1.750000	43.4534   	1.750000	43.4534   	1.750000	43.4535   	1.750000	48.3504   	1.750000	0.0501035 	
2.000000	33.7235   	2.000000	46.4424   	2.000000	42.3905   	2.000000	42.3905   	2.000000	42.3905   	2.000000	46.3978   	2.000000	0.0446565 	
2.250000	32.6907   	2.250000	44.553    	2.250000	41.2157   	2.250000	41.2157   	2.250000	41.2158   	2.250000	44.5127   	2.250000	0.0403343 	
2.500000	37.8183   	2.500000	42.8728   	2.500000	40.1051   	2.500000	40.1051   	2.500000	40.1051   	2.500000	42.836    	2.500000	0.0368159 	
3.000000	35.6386   	3.000000	39.9645   	3.000000	38.0524   	3.000000	38.0524   	3.000000	38.0525   	3.000000	39.9331   	3.000000	0.0314226 	
3.500000	33.6215   	3.500000	37.457    	3.500000	36.1976   	3.500000	36.1976   	3.500000	36.1977   	3.500000	37.4295   	3.500000	0.0274718 	
4.000000	31.791    	4.000000	35.3212   	4.000000	34.515    	4.000000	34.515    	4.000000	34.515    	4.000000	35.2967   	4.000000	0.0244458 	
4.500000	30.1397   	4.500000	33.5052   	4.500000	32.9828   	4.500000	32.9828   	4.500000	32.9828   	4.500000	33.4831   	4.500000	0.0220494 	
5.000000	28.6505   	5.000000	31.9109   	5.000000	31.5827   	5.000000	31.5827   	5.000000	31.5827   	5.000000	31.8908   	5.000000	0.020102  	
5.500000	27.3048   	5.500000	30.4806   	5.500000	30.2986   	5.500000	30.2986   	5.500000	30.2986   	5.500000	30.4622   	5.500000	0.0184863 	
6.000000	26.0849   	6.000000	29.1879   	6.000000	29.1169   	6.000000	29.1169   	6.000000	29.1169   	6.000000	29.1708   	6.000000	0.017123  	
6.500000	24.975    	6.500000	28.0072   	6.500000	28.0258   	6.500000	28.0258   	6.500000	28.0259   	6.500000	27.9912   	6.500000	0.0159563 	
7.000000	23.9614   	7.000000	26.9203   	7.000000	27.0154   	7.000000	27.0154   	7.000000	27.0154   	7.000000	26.9054   	7.000000	0.0149459 	
7.500000	23.0326   	7.500000	25.9163   	7.500000	26.0768   	7.500000	26.0768   	7.500000	26.0768   	7.500000	25.9022   	7.500000	0.014062  	
8.000000	22.1783   	8.000000	24.9858   	8.000000	25.2027   	8.000000	25.2027   	8.000000	25.2027   	8.000000	24.9725   	8.000000	0.0132817 	
8.500000	21.3901   	8.500000	24.1207   	8.500000	24.3865   	8.500000	24.3865   	8.500000	24.3865   	8.500000	24.1081   	8.500000	0.0125875 	
9.000000	20.6606   	9.000000	23.3141   	9.000000	23.6226   	9.000000	23.6226   	9.000000	23.6227   	9.000000	23.3021   	9.000000	0.0119658 	
9.500000	19.9834   	9.500000	22.5602   	9.500000	22.9061   	9.500000	22.9061   	9.500000	22.9061   	9.500000	22.5488   	9.500000	0.0114056 	
10.000000	19.353    	10.000000	20.945    	10.000000	22.2326   	10.000000	22.2326   	10.000000	22.2326   	10.000000	20.9341   	10.000000	0.010898  	
11.000000	18.2143   	11.000000	19.9813   	11.000000	20.8976   	11.000000	21.0261   	11.000000	21.0566   	11.000000	19.9712   	11.000000	0.0100132 	
12.000000	17.2136   	12.000000	19.0979   	12.000000	19.7239   	12.000000	19.952    	12.000000	19.9976   	12.000000	19.0886   	12.000000	0.00926734	
13.000000	16.3267   	13.000000	18.2874   	13.000000	18.6841   	13.000000	18.9903   	13.000000	19.0408   	13.000000	18.2788   	13.000000	0.00862971	
14.000000	15.5351   	14.000000	17.5425   	14.000000	17.7573   	14.000000	18.1247   	14.000000	18.1733   	14.000000	17.5345   	14.000000	0.00807799	
15.000000	14.8239   	15.000000	16.8564   	15.000000	16.9271   	15.000000	17.3418   	15.000000	17.384    	15.000000	16.8488   	15.000000	0.00759566	
16.000000	14.1812   	16.000000	16.2228   	16.000000	16.1792   	16.000000	16.6308   	16.000000	16.6638   	16.000000	16.2157   	16.000000	0.00717022	
17.000000	13.5974   	17.000000	15.6364   	17.000000	15.5021   	17.000000	15.9826   	17.000000	16.0048   	17.000000	15.6296   	17.000000	0.00679202	
18.000000	13.0647   	18.000000	15.0923   	18.000000	14.8871   	18.000000	15.3895   	18.000000	15.3995   	18.000000	15.0859   	18.000000	0.00645349	
19.000000	12.5764   	19.000000	14.5862   	19.000000	14.3266   	19.000000	14.8452   	19.000000	14.8429   	19.000000	14.5801   	19.000000	0.00614861	
20.000000	12.1271   	20.000000	14.1145   	20.000000	13.8139   	20.000000	14.3442   	20.000000	14.3299   	20.000000	14.1086   	20.000000	0.00587252	
21.000000	11.7123   	21.000000	13.6738   	21.000000	13.3436   	21.000000	13.8818   	21.000000	13.8551   	21.000000	13.6681   	21.000000	0.00562126	
22.000000	11.328    	22.000000	13.2612   	22.000000	12.9109   	22.000000	13.454    	22.000000	13.416    	22.000000	13.2558   	22.000000	0.00539159	
23.000000	10.971    	23.000000	12.8741   	23.000000	12.5119   	23.000000	13.0574   	23.000000	13.0082   	23.000000	12.8689   	23.000000	0.00518079	
24.000000	10.6383   	24.000000	12.5103   	24.000000	12.1433   	24.000000	12.689    	24.000000	12.6295   	24.000000	12.5054   	24.000000	0.0049866 	
25.000000	10.3275   	25.000000	12.1679   	25.000000	11.8022   	25.000000	12.346    	25.000000	12.2769   	25.000000	12.163    	25.000000	0.00480709	
27.000000	9.76342   	27.000000	11.5397   	27.000000	11.191    	27.000000	11.7276   	27.000000	11.6413   	27.000000	11.5352   	27.000000	0.00448584	
29.000000	9.26461   	29.000000	10.9775   	29.000000	10.661    	29.000000	11.1868   	29.000000	11.0861   	29.000000	10.9733   	29.000000	0.00420658	
31.000000	8.82015   	31.000000	10.4714   	31.000000	10.1906   	31.000000	10.6782   	31.000000	10.5712   	31.000000	10.4675   	31.000000	0.00396148	
33.000000	8.42147   	33.000000	10.0135   	33.000000	9.75908   	33.000000	10.1907   	33.000000	10.0852   	33.000000	10.0098   	33.000000	0.00374454	
35.000000	8.0617    	35.000000	9.59725   	35.000000	9.36576   	35.000000	9.74951   	35.000000	9.64696   	35.000000	9.59369   	35.000000	0.00355111	
38.000000	7.58318   	38.000000	9.03929   	38.000000	8.83667   	38.000000	9.16101   	38.000000	9.0645    	38.000000	9.03599   	38.000000	0.0032972 	
41.000000	7.16534   	41.000000	8.54835   	41.000000	8.37032   	41.000000	8.64585   	41.000000	8.55642   	41.000000	8.54528   	41.000000	0.00307859	
44.000000	6.79713   	44.000000	8.11308   	44.000000	7.95542   	44.000000	8.19112   	44.000000	8.10921   	44.000000	8.11019   	44.000000	0.0028883 	
47.000000	6.47003   	47.000000	7.72452   	47.000000	7.5842    	47.000000	7.78676   	47.000000	7.71249   	47.000000	7.7218    	47.000000	0.00272109	
50.000000	6.17741   	50.000000	7.37554   	50.000000	7.25041   	50.000000	7.42485   	50.000000	7.35815   	50.000000	7.37297   	50.000000	0.00257295	
55.000000	5.75245   	55.000000	6.86677   	55.000000	6.76277   	55.000000	6.89929   	55.000000	6.84428   	55.000000	6.86441   	55.000000	0.00236022	
60.000000	5.39047   	60.000000	6.43189   	60.000000	6.34494   	60.000000	6.45196   	60.000000	6.40754   	60.000000	6.42971   	60.000000	0.00218125	
65.000000	5.0782    	65.000000	6.0559    	65.000000	5.98219   	65.000000	6.06661   	65.000000	6.03158   	65.000000	6.05387   	65.000000	0.00202851	
70.000000	4.80586   	70.000000	5.7276    	70.000000	5.66539   	70.000000	5.73117   	70.000000	5.7044    	70.000000	5.72571   	70.000000	0.00189656	
75.000000	4.56612   	75.000000	5.43847   	75.000000	5.38561   	75.000000	5.43653   	75.000000	5.41704   	75.000000	5.43669   	75.000000	0.00178136	
80.000000	4.35335   	80.000000	5.18189   	80.000000	5.13717   	80.000000	5.17566   	80.000000	5.16261   	80.000000	5.18021   	80.000000	0.00167988	
85.000000	4.16315   	85.000000	4.95266   	85.000000	4.91471   	85.000000	4.94307   	85.000000	4.93554   	85.000000	4.95107   	85.000000	0.00158978	
90.000000	3.99203   	90.000000	4.74663   	90.000000	4.71426   	90.000000	4.73439   	90.000000	4.73166   	90.000000	4.74512   	90.000000	0.00150922	
95.000000	3.83721   	95.000000	4.56044   	95.000000	4.53322   	95.000000	4.5461    	95.000000	4.54771   	95.000000	4.559     	95.000000	0.00143674	
100.000000	3.69641   	100.000000	4.39136   	100.000000	4.36888   	100.000000	4.37536   	100.000000	4.38077   	100.000000	4.38998   	100.000000	0.00137118	
105.000000	3.56777   	105.000000	4.23713   	105.000000	4.21811   	105.000000	4.21982   	105.000000	4.22849   	105.000000	4.23581   	105.000000	0.00131156	
110.000000	3.44975   	110.000000	4.09587   	110.000000	4.08043   	110.000000	4.07754   	110.000000	4.08925   	110.000000	4.09462   	110.000000	0.00125711	
115.000000	3.34105   	115.000000	3.96603   	115.000000	3.95371   	115.000000	3.94688   	115.000000	3.9611    	115.000000	3.96482   	115.000000	0.00120718	
120.000000	3.24059   	120.000000	3.84625   	120.000000	3.83668   	120.000000	3.82647   	120.000000	3.84307   	120.000000	3.84509   	120.000000	0.00116121	
125.000000	3.14744   	125.000000	3.73543   	125.000000	3.72838   	125.000000	3.71516   	125.000000	3.73377   	125.000000	3.73431   	125.000000	0.00111875	
130.000000	3.06082   	130.000000	3.63259   	130.000000	3.62761   	130.000000	3.61196   	130.000000	3.63246   	130.000000	3.63151   	130.000000	0.00107941	
135.000000	2.98004   	135.000000	3.53689   	135.000000	3.53387   	135.000000	3.516     	135.000000	3.53808   	135.000000	3.53585   	135.000000	0.00104285	
140.000000	2.90452   	140.000000	3.44762   	140.000000	3.44651   	140.000000	3.42656   	140.000000	3.45019   	140.000000	3.44661   	140.000000	0.00100878	
145.000000	2.83375   	145.000000	3.36416   	145.000000	3.36474   	145.000000	3.34299   	145.000000	3.36785   	145.000000	3.36318   	145.000000	0.000976952	
150.000000	2.76728   	150.000000	3.28594   	150.000000	3.28792   	150.000000	3.26473   	150.000000	3.29081   	150.000000	3.28499   	150.000000	0.000947149	
155.000000	2.67315   	155.000000	3.2125    	155.000000	3.21581   	155.000000	3.19129   	155.000000	3.21842   	155.000000	3.21158   	155.000000	0.000919181	
160.000000	2.61824   	160.000000	3.14341   	160.000000	3.14799   	160.000000	3.12225   	160.000000	3.15032   	160.000000	3.14252   	160.000000	0.000892881	
165.000000	2.5664    	165.000000	3.0783    	165.000000	3.08408   	165.000000	3.05722   	165.000000	3.0862    	165.000000	3.07743   	165.000000	0.000868103	
170.000000	2.5174    	170.000000	3.01682   	170.000000	3.0238    	170.000000	2.99586   	170.000000	3.02556   	170.000000	3.01598   	170.000000	0.000844716	
175.000000	2.47099   	175.000000	2.95869   	175.000000	2.96675   	175.000000	2.93787   	175.000000	2.96828   	175.000000	2.95787   	175.000000	0.000822606	
180.000000	2.42698   	180.000000	2.90364   	180.000000	2.91257   	180.000000	2.88298   	180.000000	2.91405   	180.000000	2.90284   	180.000000	0.000801668	
185.000000	2.38519   	185.000000	2.85143   	185.000000	2.86123   	185.000000	2.83096   	185.000000	2.86256   	185.000000	2.85065   	185.000000	0.000781811	
190.000000	2.34544   	190.000000	2.80185   	190.000000	2.81264   	190.000000	2.78158   	190.000000	2.81372   	190.000000	2.80109   	190.000000	0.000762952	
195.000000	2.30759   	195.000000	2.75471   	195.000000	2.76641   	195.000000	2.73465   	195.000000	2.76727   	195.000000	2.75396   	195.000000	0.000745017	
200.000000	2.27151   	200.000000	2.70982   	200.000000	2.72228   	200.000000	2.68999   	200.000000	2.72301   	200.000000	2.7091    	200.000000	0.000727939	
210.000000	2.20416   	210.000000	2.62622   	210.000000	2.6398    	210.000000	2.60688   	210.000000	2.64067   	210.000000	2.62552   	210.000000	0.000696114	
220.000000	2.14255   	220.000000	2.54994   	220.000000	2.56484   	220.000000	2.53112   	220.000000	2.56547   	220.000000	2.54927   	220.000000	0.000667057	
230.000000	2.08596   	230.000000	2.48007   	230.000000	2.49601   	230.000000	2.46179   	230.000000	2.49665   	230.000000	2.47943   	230.000000	0.000640416	
240.000000	2.03382   	240.000000	2.41583   	240.000000	2.43292   	240.000000	2.39812   	240.000000	2.43336   	240.000000	2.41522   	240.000000	0.000615899	
250.000000	1.9856    	250.000000	2.35658   	250.000000	2.37472   	250.000000	2.33945   	250.000000	2.37504   	250.000000	2.35599   	250.000000	0.000593258	
260.000000	1.94088   	260.000000	2.30177   	260.000000	2.32076   	260.000000	2.28523   	260.000000	2.32106   	260.000000	2.3012    	260.000000	0.000572284	
270.000000	1.8993    	270.000000	2.25092   	270.000000	2.27077   	270.000000	2.23497   	270.000000	2.27103   	270.000000	2.25036   	270.000000	0.000552796	
280.000000	1.86053   	280.000000	2.20361   	280.000000	2.22429   	280.000000	2.18826   	280.000000	2.22447   	280.000000	2.20308   	280.000000	0.000534641	
290.000000	1.82431   	290.000000	2.15951   	290.000000	2.18101   	290.000000	2.14475   	290.000000	2.18113   	290.000000	2.15899   	290.000000	0.000517684	
300.000000	1.79038   	300.000000	2.11829   	300.000000	2.14045   	300.000000	2.10413   	300.000000	2.14058   	300.000000	2.11778   	300.000000	0.000501808	
310.000000	1.75854   	310.000000	2.07969   	310.000000	2.10246   	310.000000	2.06613   	310.000000	2.10266   	310.000000	2.0792    	310.000000	0.000486914	
320.000000	1.72861   	320.000000	2.04347   	320.000000	2.06699   	320.000000	2.0305    	320.000000	2.06708   	320.000000	2.04299   	320.000000	0.00047291	
330.000000	1.70041   	330.000000	2.00942   	330.000000	2.03359   	330.000000	1.99705   	330.000000	2.03365   	330.000000	2.00896   	330.000000	0.000459719	
340.000000	1.67381   	340.000000	1.97736   	340.000000	2.00206   	340.000000	1.96557   	340.000000	2.00221   	340.000000	1.97691   	340.000000	0.000447271	
350.000000	1.64867   	350.000000	1.94712   	350.000000	1.97236   	350.000000	1.93591   	350.000000	1.97254   	350.000000	1.94668   	350.000000	0.000435503	
360.000000	1.62488   	360.000000	1.91856   	360.000000	1.94441   	360.000000	1.90792   	360.000000	1.94454   	360.000000	1.91813   	360.000000	0.000424362	
370.000000	1.60234   	370.000000	1.89154   	370.000000	1.91805   	370.000000	1.88147   	370.000000	1.91809   	370.000000	1.89112   	370.000000	0.000413798	
380.000000	1.58094   	380.000000	1.86594   	380.000000	1.89303   	380.000000	1.85644   	380.000000	1.89301   	380.000000	1.86554   	380.000000	0.000403766	
390.000000	1.56062   	390.000000	1.84167   	390.000000	1.86925   	390.000000	1.83272   	390.000000	1.86925   	390.000000	1.84127   	390.000000	0.000394227	
400.000000	1.54129   	400.000000	1.81862   	400.000000	1.8467    	400.000000	1.81022   	400.000000	1.84673   	400.000000	1.81823   	400.000000	0.000385145	
410.000000	1.52289   	410.000000	1.7967    	410.000000	1.82529   	410.000000	1.78884   	410.000000	1.82529   	410.000000	1.79633   	410.000000	0.000376487	
420.000000	1.50534   	420.000000	1.77585   	420.000000	1.80492   	420.000000	1.76852   	420.000000	1.80491   	420.000000	1.77548   	420.000000	0.000368224	
430.000000	1.4886    	430.000000	1.75598   	430.000000	1.78553   	430.000000	1.74918   	430.000000	1.78552   	430.000000	1.75562   	430.000000	0.00036033	
440.000000	1.47261   	440.000000	1.73703   	440.000000	1.76707   	440.000000	1.73074   	440.000000	1.76703   	440.000000	1.73668   	440.000000	0.000352779	
450.000000	1.45733   	450.000000	1.71895   	450.000000	1.74944   	450.000000	1.71317   	450.000000	1.74939   	450.000000	1.7186    	450.000000	0.000345549	
460.000000	1.4427    	460.000000	1.70167   	460.000000	1.73256   	460.000000	1.69639   	460.000000	1.73255   	460.000000	1.70133   	460.000000	0.000338621	
470.000000	1.4287    	470.000000	1.68515   	470.000000	1.7164    	470.000000	1.68035   	470.000000	1.71647   	470.000000	1.68482   	470.000000	0.000331976	
480.000000	1.41529   	480.000000	1.66934   	480.000000	1.70097   	480.000000	1.66503   	480.000000	1.70106   	480.000000	1.66902   	480.000000	0.000325596	
490.000000	1.40242   	490.000000	1.6542    	490.000000	1.68625   	490.000000	1.65036   	490.000000	1.68633   	490.000000	1.65388   	490.000000	0.000319465	
500.000000	1.39008   	500.000000	1.6397    	500.000000	1.67217   	500.000000	1.63631   	500.000000	1.67222   	500.000000	1.63938   	500.000000	0.00031357	
520.000000	1.36683   	520.000000	1.61243   	520.000000	1.64574   	520.000000	1.60994   	520.000000	1.64572   	520.000000	1.61212   	520.000000	0.000302431	
540.000000	1.34534   	540.000000	1.58728   	540.000000	1.62128   	540.000000	1.58566   	540.000000	1.6213    	540.000000	1.58699   	540.000000	0.000292084	
560.000000	1.32543   	560.000000	1.56404   	560.000000	1.59869   	560.000000	1.56324   	560.000000	1.59876   	560.000000	1.56375   	560.000000	0.000282446	
580.000000	1.30695   	580.000000	1.5425    	580.000000	1.57788   	580.000000	1.5425    	580.000000	1.57787   	580.000000	1.54223   	580.000000	0.000273446	
600.000000	1.28975   	600.000000	1.52251   	600.000000	1.55851   	600.000000	1.52327   	600.000000	1.55853   	600.000000	1.52225   	600.000000	0.000265021	
620.000000	1.27373   	620.000000	1.50392   	620.000000	1.54046   	620.000000	1.5054    	620.000000	1.54052   	620.000000	1.50367   	620.000000	0.000257118	
640.000000	1.25877   	640.000000	1.4866    	640.000000	1.52375   	640.000000	1.48877   	640.000000	1.52376   	640.000000	1.48635   	640.000000	0.00024969	
660.000000	1.24479   	660.000000	1.47044   	660.000000	1.50817   	660.000000	1.47326   	660.000000	1.50814   	660.000000	1.4702    	660.000000	0.000242693	
680.000000	1.23171   	680.000000	1.45534   	680.000000	1.49355   	680.000000	1.45877   	680.000000	1.49353   	680.000000	1.4551    	680.000000	0.000236091	
700.000000	1.21944   	700.000000	1.4412    	700.000000	1.47985   	700.000000	1.44523   	700.000000	1.47988   	700.000000	1.44097   	700.000000	0.000229852	
720.000000	1.20794   	720.000000	1.42796   	720.000000	1.46702   	720.000000	1.43254   	720.000000	1.46708   	720.000000	1.42774   	720.000000	0.000223945	
740.000000	1.19713   	740.000000	1.41554   	740.000000	1.45502   	740.000000	1.42064   	740.000000	1.45507   	740.000000	1.41533   	740.000000	0.000218345	
760.000000	1.18697   	760.000000	1.40388   	760.000000	1.44379   	760.000000	1.40947   	760.000000	1.4438    	760.000000	1.40367   	760.000000	0.000213028	
780.000000	1.17741   	780.000000	1.39292   	780.000000	1.43323   	780.000000	1.39897   	780.000000	1.43319   	780.000000	1.39271   	780.000000	0.000207973	
800.000000	1.16841   	800.000000	1.38261   	800.000000	1.42326   	800.000000	1.38909   	800.000000	1.4232    	800.000000	1.38241   	800.000000	0.00020316	
820.000000	1.15992   	820.000000	1.3729    	820.000000	1.41384   	820.000000	1.37978   	820.000000	1.41381   	820.000000	1.37271   	820.000000	0.000198573	
840.000000	1.15192   	840.000000	1.36376   	840.000000	1.40496   	840.000000	1.371     	840.000000	1.40494   	840.000000	1.36356   	840.000000	0.000194196	
860.000000	1.14438   	860.000000	1.35514   	860.000000	1.39657   	860.000000	1.36271   	860.000000	1.39656   	860.000000	1.35495   	860.000000	0.000190014	
880.000000	1.13725   	880.000000	1.347     	880.000000	1.38866   	880.000000	1.35489   	880.000000	1.38865   	880.000000	1.34682   	880.000000	0.000186015	
900.000000	1.13052   	900.000000	1.33932   	900.000000	1.38117   	900.000000	1.34749   	900.000000	1.38118   	900.000000	1.33914   	900.000000	0.000182186	
920.000000	1.12417   	920.000000	1.33207   	920.000000	1.37409   	920.000000	1.34049   	920.000000	1.37409   	920.000000	1.3319    	920.000000	0.000178517	
940.000000	1.11816   	940.000000	1.32522   	940.000000	1.36739   	940.000000	1.33387   	940.000000	1.36739   	940.000000	1.32505   	940.000000	0.000174999	
960.000000	1.11249   	960.000000	1.31875   	960.000000	1.36103   	960.000000	1.3276    	960.000000	1.36104   	960.000000	1.31858   	960.000000	0.000171621	
980.000000	1.10712   	980.000000	1.31263   	980.000000	1.35501   	980.000000	1.32165   	980.000000	1.35503   	980.000000	1.31246   	980.000000	0.000168376	
1000.000000	1.10205   	1000.000000	1.30684   	1000.000000	1.3493    	1000.000000	1.31601   	1000.000000	1.34931   	1000.000000	1.30668   	1000.000000	0.000165255	
1020.000000	1.09725   	1020.000000	1.30137   	1020.000000	1.34388   	1020.000000	1.31066   	1020.000000	1.34388   	1020.000000	1.30121   	1020.000000	0.000162252	
1040.000000	1.09272   	1040.000000	1.29619   	1040.000000	1.33873   	1040.000000	1.30558   	1040.000000	1.33874   	1040.000000	1.29604   	1040.000000	0.00015936	
1060.000000	1.08843   	1060.000000	1.2913    	1060.000000	1.33384   	1060.000000	1.30075   	1060.000000	1.33386   	1060.000000	1.29114   	1060.000000	0.000156573	
1080.000000	1.08438   	1080.000000	1.28667   	1080.000000	1.32919   	1080.000000	1.29617   	1080.000000	1.3292    	1080.000000	1.28651   	1080.000000	0.000153885	
1100.000000	1.08055   	1100.000000	1.28228   	1100.000000	1.32477   	1100.000000	1.29181   	1100.000000	1.32478   	1100.000000	1.28213   	1100.000000	0.000151291	
1120.000000	1.07694   	1120.000000	1.27814   	1120.000000	1.32057   	1120.000000	1.28766   	1120.000000	1.32058   	1120.000000	1.27799   	1120.000000	0.000148786	
1140.000000	1.07352   	1140.000000	1.27422   	1140.000000	1.31657   	1140.000000	1.28372   	1140.000000	1.31658   	1140.000000	1.27407   	1140.000000	0.000146365	
1160.000000	1.0703    	1160.000000	1.27051   	1160.000000	1.31276   	1160.000000	1.27997   	1160.000000	1.31278   	1160.000000	1.27037   	1160.000000	0.000144025	
1180.000000	1.06726   	1180.000000	1.26701   	1180.000000	1.30914   	1180.000000	1.2764    	1180.000000	1.30915   	1180.000000	1.26687   	1180.000000	0.000141761	
1200.000000	1.06439   	1200.000000	1.2637    	1200.000000	1.30569   	1200.000000	1.273     	1200.000000	1.30569   	1200.000000	1.26356   	1200.000000	0.000139569	
1220.000000	1.06169   	1220.000000	1.26057   	1220.000000	1.3024    	1220.000000	1.26976   	1220.000000	1.30241   	1220.000000	1.26043   	1220.000000	0.000137447	
1240.000000	1.05915   	1240.000000	1.25762   	1240.000000	1.29927   	1240.000000	1.26668   	1240.000000	1.29928   	1240.000000	1.25748   	1240.000000	0.00013539	
1260.000000	1.05675   	1260.000000	1.25483   	1260.000000	1.29628   	1260.000000	1.26374   	1260.000000	1.29629   	1260.000000	1.2547    	1260.000000	0.000133396	
1280.000000	1.05451   	1280.000000	1.2522    	1280.000000	1.29344   	1280.000000	1.26094   	1280.000000	1.29344   	1280.000000	1.25207   	1280.000000	0.000131462	
1300.000000	1.0524    	1300.000000	1.24973   	1300.000000	1.29073   	1300.000000	1.25828   	1300.000000	1.29073   	1300.000000	1.2496    	1300.000000	0.000129585	
1320.000000	1.05042   	1320.000000	1.2474    	1320.000000	1.28815   	1320.000000	1.25573   	1320.000000	1.28815   	1320.000000	1.24727   	1320.000000	0.000127763	
1340.000000	1.04858   	1340.000000	1.24521   	1340.000000	1.28568   	1340.000000	1.25331   	1340.000000	1.28568   	1340.000000	1.24508   	1340.000000	0.000125994	
1360.000000	1.04685   	1360.000000	1.24315   	1360.000000	1.28334   	1360.000000	1.251     	1360.000000	1.28333   	1360.000000	1.24303   	1360.000000	0.000124274	
1380.000000	1.04524   	1380.000000	1.24122   	1380.000000	1.2811    	1380.000000	1.2488    	1380.000000	1.28109   	1380.000000	1.2411    	1380.000000	0.000122602	
1400.000000	1.04374   	1400.000000	1.23941   	1400.000000	1.27896   	1400.000000	1.24671   	1400.000000	1.27895   	1400.000000	1.23929   	1400.000000	0.000120976	
1420.000000	1.04235   	1420.000000	1.23772   	1420.000000	1.27693   	1420.000000	1.24471   	1420.000000	1.27691   	1420.000000	1.2376    	1420.000000	0.000119394	
1440.000000	1.04107   	1440.000000	1.23613   	1440.000000	1.27499   	1440.000000	1.2428    	1440.000000	1.27497   	1440.000000	1.23602   	1440.000000	0.000117855	
1460.000000	1.03989   	1460.000000	1.23466   	1460.000000	1.27314   	1460.000000	1.24099   	1460.000000	1.27313   	1460.000000	1.23454   	1460.000000	0.000116356	
1480.000000	1.0388    	1480.000000	1.23329   	1480.000000	1.27137   	1480.000000	1.23926   	1480.000000	1.27136   	1480.000000	1.23317   	1480.000000	0.000114896	
1500.000000	1.0378    	1500.000000	1.23202   	1500.000000	1.26969   	1500.000000	1.23761   	1500.000000	1.26967   	1500.000000	1.2319    	1500.000000	0.000113473	
1520.000000	1.03689   	1520.000000	1.23084   	1520.000000	1.26809   	1520.000000	1.23604   	1520.000000	1.26807   	1520.000000	1.23073   	1520.000000	0.000112087	
1540.000000	1.03607   	1540.000000	1.22975   	1540.000000	1.26656   	1540.000000	1.23455   	1540.000000	1.26654   	1540.000000	1.22964   	1540.000000	0.000110735	
1560.000000	1.03534   	1560.000000	1.22875   	1560.000000	1.26511   	1560.000000	1.23312   	1560.000000	1.26509   	1560.000000	1.22864   	1560.000000	0.000109416	
1580.000000	1.03468   	1580.000000	1.22784   	1580.000000	1.26373   	1580.000000	1.23177   	1580.000000	1.26371   	1580.000000	1.22773   	1580.000000	0.00010813	
1600.000000	1.0341    	1600.000000	1.22701   	1600.000000	1.26241   	1600.000000	1.23048   	1600.000000	1.26239   	1600.000000	1.2269    	1600.000000	0.000106874	
1620.000000	1.03359   	1620.000000	1.22625   	1620.000000	1.26116   	1620.000000	1.22926   	1620.000000	1.26113   	1620.000000	1.22615   	1620.000000	0.000105648	
1640.000000	1.03316   	1640.000000	1.22558   	1640.000000	1.25997   	1640.000000	1.22809   	1640.000000	1.25993   	1640.000000	1.22547   	1640.000000	0.000104451	
1660.000000	1.0328    	1660.000000	1.22497   	1660.000000	1.25884   	1660.000000	1.22698   	1660.000000	1.2588    	1660.000000	1.22487   	1660.000000	0.000103282	
1680.000000	1.0325    	1680.000000	1.22444   	1680.000000	1.25777   	1680.000000	1.22593   	1680.000000	1.25772   	1680.000000	1.22433   	1680.000000	0.00010214	
1700.000000	1.03227   	1700.000000	1.22397   	1700.000000	1.25675   	1700.000000	1.22493   	1700.000000	1.2567    	1700.000000	1.22387   	1700.000000	0.000101023	
1750.000000	1.03197   	1750.000000	1.22308   	1750.000000	1.25441   	1750.000000	1.22266   	1750.000000	1.25435   	1750.000000	1.22299   	1750.000000	9.83391e-05	
1800.000000	1.03203   	1800.000000	1.22257   	1800.000000	1.25236   	1800.000000	1.22067   	1800.000000	1.2523    	1800.000000	1.22248   	1800.000000	9.57987e-05	
1850.000000	1.03243   	1850.000000	1.22241   	1850.000000	1.25056   	1850.000000	1.21895   	1850.000000	1.25053   	1850.000000	1.22232   	1850.000000	9.33905e-05	
1900.000000	1.03315   	1900.000000	1.22257   	1900.000000	1.249     	1900.000000	1.21746   	1900.000000	1.24898   	1900.000000	1.22247   	1900.000000	9.11044e-05	
1950.000000	1.03416   	1950.000000	1.22302   	1950.000000	1.24766   	1950.000000	1.2162    	1950.000000	1.24766   	1950.000000	1.22293   	1950.000000	8.89312e-05	
2000.000000	1.03544   	2000.000000	1.22374   	2000.000000	1.24653   	2000.000000	1.21513   	2000.000000	1.24654   	2000.000000	1.22365   	2000.000000	8.68626e-05	
2100.000000	1.03876   	2100.000000	1.22592   	2100.000000	1.24481   	2100.000000	1.21351   	2100.000000	1.24483   	2100.000000	1.22584   	2100.000000	8.30102e-05	
2200.000000	1.04298   	2200.000000	1.22898   	2200.000000	1.24373   	2200.000000	1.2125    	2200.000000	1.24374   	2200.000000	1.2289    	2200.000000	7.94954e-05	
2300.000000	1.04799   	2300.000000	1.2328    	2300.000000	1.24316   	2300.000000	1.21199   	2300.000000	1.24316   	2300.000000	1.23272   	2300.000000	7.62752e-05	
2400.000000	1.05371   	2400.000000	1.23728   	2400.000000	1.24302   	2400.000000	1.21192   	2400.000000	1.24301   	2400.000000	1.2372    	2400.000000	7.33138e-05	
2500.000000	1.06006   	2500.000000	1.24234   	2500.000000	1.24324   	2500.000000	1.2122    	2500.000000	1.24323   	2500.000000	1.24227   	2500.000000	7.05808e-05	
2600.000000	1.06699   	2600.000000	1.24793   	2600.000000	1.24375   	2600.000000	1.21279   	2600.000000	1.24376   	2600.000000	1.24786   	2600.000000	6.80505e-05	
2700.000000	1.07444   	2700.000000	1.25397   	2700.000000	1.24454   	2700.000000	1.21364   	2700.000000	1.24456   	2700.000000	1.2539    	2700.000000	6.57009e-05	
2800.000000	1.08235   	2800.000000	1.26042   	2800.000000	1.24556   	2800.000000	1.21472   	2800.000000	1.24558   	2800.000000	1.26035   	2800.000000	6.35132e-05	
2900.000000	1.09071   	2900.000000	1.26723   	2900.000000	1.24677   	2900.000000	1.21598   	2900.000000	1.2468    	2900.000000	1.26717   	2900.000000	6.14709e-05	
3000.000000	1.09945   	3000.000000	1.27437   	3000.000000	1.24816   	3000.000000	1.21741   	3000.000000	1.24818   	3000.000000	1.27432   	3000.000000	5.956e-05 	
3200.000000	1.11802   	3200.000000	1.28952   	3200.000000	1.25135   	3200.000000	1.22066   	3200.000000	1.25135   	3200.000000	1.28946   	3200.000000	5.60839e-05	
3400.000000	1.13786   	3400.000000	1.30564   	3400.000000	1.25495   	3400.000000	1.22432   	3400.000000	1.25494   	3400.000000	1.30558   	3400.000000	5.30028e-05	
3600.000000	1.15881   	3600.000000	1.32256   	3600.000000	1.25885   	3600.000000	1.22827   	3600.000000	1.25883   	3600.000000	1.32251   	3600.000000	5.02522e-05	
3800.000000	1.18073   	3800.000000	1.34015   	3800.000000	1.26297   	3800.000000	1.23243   	3800.000000	1.26293   	3800.000000	1.34011   	3800.000000	4.77812e-05	
4000.000000	1.20353   	4000.000000	1.35831   	4000.000000	1.26723   	4000.000000	1.23673   	4000.000000	1.26718   	4000.000000	1.35827   	4000.000000	4.55488e-05	
4200.000000	1.22713   	4200.000000	1.37696   	4200.000000	1.27158   	4200.000000	1.24114   	4200.000000	1.27154   	4200.000000	1.37691   	4200.000000	4.35218e-05	
4400.000000	1.25144   	4400.000000	1.39601   	4400.000000	1.276     	4400.000000	1.2456    	4400.000000	1.27596   	4400.000000	1.39597   	4400.000000	4.16727e-05	
4600.000000	1.27643   	4600.000000	1.41541   	4600.000000	1.28045   	4600.000000	1.2501    	4600.000000	1.28041   	4600.000000	1.41537   	4600.000000	3.9979e-05	
4800.000000	1.30203   	4800.000000	1.43513   	4800.000000	1.28491   	4800.000000	1.2546    	4800.000000	1.28487   	4800.000000	1.43509   	4800.000000	3.84215e-05	
5000.000000	1.32821   	5000.000000	1.4551    	5000.000000	1.28936   	5000.000000	1.2591    	5000.000000	1.28933   	5000.000000	1.45506   	5000.000000	3.69844e-05	
5250.000000	1.36169   	5250.000000	1.48039   	5250.000000	1.29489   	5250.000000	1.26468   	5250.000000	1.29487   	5250.000000	1.48036   	5250.000000	3.53368e-05	
5500.000000	1.39596   	5500.000000	1.50599   	5500.000000	1.30038   	5500.000000	1.27021   	5500.000000	1.30036   	5500.000000	1.50596   	5500.000000	3.3834e-05	
6000.000000	1.4667    	6000.000000	1.55793   	6000.000000	1.31114   	6000.000000	1.28107   	6000.000000	1.31113   	6000.000000	1.55789   	6000.000000	3.11917e-05	
6500.000000	1.54013   	6500.000000	1.61063   	6500.000000	1.32159   	6500.000000	1.29158   	6500.000000	1.32157   	6500.000000	1.6106    	6500.000000	2.89428e-05	
7000.000000	1.61603   	7000.000000	1.66391   	7000.000000	1.33167   	7000.000000	1.30173   	7000.000000	1.33165   	7000.000000	1.66388   	7000.000000	2.70048e-05	
7500.000000	1.69425   	7500.000000	1.71762   	7500.000000	1.34133   	7500.000000	1.31151   	7500.000000	1.34135   	7500.000000	1.71759   	7500.000000	2.53169e-05	
8000.000000	1.77467   	8000.000000	1.77165   	8000.000000	1.35069   	8000.000000	1.32092   	8000.000000	1.35069   	8000.000000	1.77162   	8000.000000	2.38332e-05	
8500.000000	1.85719   	8500.000000	1.82592   	8500.000000	1.35971   	8500.000000	1.32997   	8500.000000	1.35967   	8500.000000	1.8259    	8500.000000	2.25184e-05	
9000.000000	1.94174   	9000.000000	1.88037   	9000.000000	1.36834   	9000.000000	1.33868   	9000.000000	1.3683    	9000.000000	1.88035   	9000.000000	2.1345e-05	
9500.000000	2.02828   	9500.000000	1.93497   	9500.000000	1.37665   	9500.000000	1.34706   	9500.000000	1.37661   	9500.000000	1.93495   	9500.000000	2.02911e-05	
10000.000000	2.11675   	10000.000000	1.98966   	10000.000000	1.38466   	10000.000000	1.35514   	10000.000000	1.38461   	10000.000000	1.98964   	10000.000000	1.93392e-05	
11000.000000	2.29936   	11000.000000	2.09923   	11000.000000	1.3998    	11000.000000	1.37044   	11000.000000	1.39975   	11000.000000	2.09922   	11000.000000	1.7687e-05	
12000.000000	2.48935   	12000.000000	2.20893   	12000.000000	1.41386   	12000.000000	1.38471   	12000.000000	1.41385   	12000.000000	2.20892   	12000.000000	1.63017e-05	
13000.000000	2.68659   	13000.000000	2.31865   	13000.000000	1.42702   	13000.000000	1.39805   	13000.000000	1.42703   	13000.000000	2.31863   	13000.000000	1.5123e-05	
14000.000000	2.89098   	14000.000000	2.42831   	14000.000000	1.43938   	14000.000000	1.41059   	14000.000000	1.43938   	14000.000000	2.4283    	14000.000000	1.41074e-05	
15000.000000	3.10245   	15000.000000	2.53787   	15000.000000	1.45103   	15000.000000	1.42239   	15000.000000	1.45099   	15000.000000	2.53786   	15000.000000	1.32231e-05	
16000.000000	3.32097   	16000.000000	2.6473    	16000.000000	1.462     	16000.000000	1.43354   	16000.000000	1.46193   	16000.000000	2.64728   	16000.000000	1.2446e-05	
17000.000000	3.54652   	17000.000000	2.75657   	17000.000000	1.47235   	17000.000000	1.4441    	17000.000000	1.47228   	17000.000000	2.75656   	17000.000000	1.17574e-05	
18000.000000	3.77907   	18000.000000	2.86567   	18000.000000	1.48215   	18000.000000	1.45414   	18000.000000	1.48209   	18000.000000	2.86566   	18000.000000	1.11431e-05	
19000.000000	4.01862   	19000.000000	2.9746    	19000.000000	1.49145   	19000.000000	1.46368   	19000.000000	1.4914    	19000.000000	2.97459   	19000.000000	1.05914e-05	
20000.000000	4.26519   	20000.000000	3.08336   	20000.000000	1.50031   	20000.000000	1.47279   	20000.000000	1.50026   	20000.000000	3.08334   	20000.000000	1.00931e-05	
21000.000000	4.51878   	21000.000000	3.19192   	21000.000000	1.50875   	21000.000000	1.4815    	21000.000000	1.50872   	21000.000000	3.19191   	21000.000000	9.6409e-06	
22000.000000	4.7794    	22000.000000	3.30031   	22000.000000	1.51681   	22000.000000	1.48983   	22000.000000	1.51679   	22000.000000	3.3003    	22000.000000	9.22851e-06	
23000.000000	5.04707   	23000.000000	3.40851   	23000.000000	1.52451   	23000.000000	1.49783   	23000.000000	1.52451   	23000.000000	3.4085    	23000.000000	8.85089e-06	
24000.000000	5.32182   	24000.000000	3.51653   	24000.000000	1.5319    	24000.000000	1.50551   	24000.000000	1.53191   	24000.000000	3.51653   	24000.000000	8.50377e-06	
25000.000000	5.60367   	25000.000000	3.62438   	25000.000000	1.53901   	25000.000000	1.5129    	25000.000000	1.53901   	25000.000000	3.62437   	25000.000000	8.18358e-06	
26000.000000	5.89265   	26000.000000	3.73205   	26000.000000	1.54584   	26000.000000	1.52003   	26000.000000	1.54583   	26000.000000	3.73204   	26000.000000	7.88726e-06	
27000.000000	6.18877   	27000.000000	3.83955   	27000.000000	1.55239   	27000.000000	1.5269    	27000.000000	1.5524    	27000.000000	3.83954   	27000.000000	7.61222e-06	
28000.000000	6.49208   	28000.000000	3.94688   	28000.000000	1.5587    	28000.000000	1.53353   	28000.000000	1.55871   	28000.000000	3.94687   	28000.000000	7.35622e-06	
29000.000000	6.8026    	29000.000000	4.05405   	29000.000000	1.56478   	29000.000000	1.53995   	29000.000000	1.56481   	29000.000000	4.05404   	29000.000000	7.11735e-06	
30000.000000	7.12037   	30000.000000	4.16105   	30000.000000	1.57067   	30000.000000	1.54617   	30000.000000	1.57068   	30000.000000	4.16105   	30000.000000	6.89391e-06	
32000.000000	7.77776   	32000.000000	4.37459   	32000.000000	1.58187   	32000.000000	1.55803   	32000.000000	1.58185   	32000.000000	4.37459   	32000.000000	6.48769e-06	
34000.000000	8.46455   	34000.000000	4.58753   	34000.000000	1.59236   	34000.000000	1.5692    	34000.000000	1.59229   	34000.000000	4.58753   	34000.000000	6.12785e-06	
36000.000000	9.18101   	36000.000000	4.7999    	36000.000000	1.60217   	36000.000000	1.57977   	36000.000000	1.60209   	36000.000000	4.79989   	36000.000000	5.80681e-06	
38000.000000	9.92745   	38000.000000	5.01171   	38000.000000	1.61136   	38000.000000	1.58979   	38000.000000	1.61132   	38000.000000	5.0117    	38000.000000	5.51858e-06	
40000.000000	10.7042   	40000.000000	5.22299   	40000.000000	1.62002   	40000.000000	1.59931   	40000.000000	1.62002   	40000.000000	5.22299   	40000.000000	5.25832e-06	
42000.000000	11.5115   	42000.000000	5.43378   	42000.000000	1.62822   	42000.000000	1.60839   	42000.000000	1.62825   	42000.000000	5.43377   	42000.000000	5.02212e-06	
44000.000000	12.3497   	44000.000000	5.64408   	44000.000000	1.63603   	44000.000000	1.61706   	44000.000000	1.63605   	44000.000000	5.64407   	44000.000000	4.80676e-06	
46000.000000	13.2191   	46000.000000	5.85391   	46000.000000	1.64349   	46000.000000	1.62536   	46000.000000	1.64343   	46000.000000	5.85391   	46000.000000	4.60958e-06	
48000.000000	14.1201   	48000.000000	6.06331   	48000.000000	1.65063   	48000.000000	1.63331   	48000.000000	1.65047   	48000.000000	6.0633    	48000.000000	4.42835e-06	
50000.000000	15.0529   	50000.000000	6.27228   	50000.000000	1.65741   	50000.000000	1.64095   	50000.000000	1.65715   	50000.000000	6.27227   	50000.000000	4.26119e-06	
