! 63Fe energy loss (dE/dX) in He
! apply ZOOM for details
Energy (MeV/u)1	0 - [He-base] F.Hubert et al, AD&ND Tables 46(1990)1	Energy (MeV/u)2	1 - [H -base] J.F.Ziegler et al,Pergamon Press,NY(low energy)	Energy (MeV/u)3	2 - ATIMA 1.2 LS-theory (recommended for high energy)	Energy (MeV/u)4	3 - ATIMA 1.2 without LS-correction	Energy (MeV/u)5	4 - ATIMA 1.4 H.Weick, improved mean charge formula for HI	Energy (MeV/u)6	5 - electrical component of [1] - J.F.Ziegler et al	Energy (MeV/u)7	6 - nuclear component of [1] - J.F.Ziegler et al	
0.001000	7.41208   	0.001000	8.4234    	0.001000	7.55544   	0.001000	7.55544   	0.001000	7.5559    	0.001000	2.11442   	0.001000	6.30898   	
0.002000	7.4853    	0.002000	8.1866    	0.002000	7.20722   	0.002000	7.20722   	0.002000	7.20757   	0.002000	2.74206   	0.002000	5.44454   	
0.005000	7.5895    	0.005000	7.74019   	0.005000	6.66075   	0.005000	6.66075   	0.005000	6.66094   	0.005000	3.86638   	0.005000	3.8738    	
0.008000	7.84142   	0.008000	7.6831    	0.008000	6.59671   	0.008000	6.59671   	0.008000	6.59686   	0.008000	4.61158   	0.008000	3.07152   	
0.010000	8.04023   	0.010000	7.73324   	0.010000	6.66043   	0.010000	6.66043   	0.010000	6.66055   	0.010000	5.01408   	0.010000	2.71917   	
0.015000	8.55923   	0.015000	7.98018   	0.015000	6.96972   	0.015000	6.96972   	0.015000	6.96981   	0.015000	5.83748   	0.015000	2.1427    	
0.020000	9.08513   	0.020000	8.29083   	0.020000	7.36212   	0.020000	7.36212   	0.020000	7.3622    	0.020000	6.50246   	0.020000	1.78838   	
0.025000	9.94054   	0.025000	8.61525   	0.025000	7.77689   	0.025000	7.77689   	0.025000	7.77695   	0.025000	7.06999   	0.025000	1.54526   	
0.030000	10.7245   	0.030000	8.93687   	0.030000	8.193     	0.030000	8.193     	0.030000	8.19305   	0.030000	7.57028   	0.030000	1.3666    	
0.035000	11.4173   	0.035000	9.66216   	0.035000	8.84745   	0.035000	8.84745   	0.035000	8.8475    	0.035000	8.43319   	0.035000	1.22897   	
0.040000	12.0072   	0.040000	10.6803   	0.040000	9.72968   	0.040000	9.72968   	0.040000	9.72972   	0.040000	9.56104   	0.040000	1.11925   	
0.045000	12.4809   	0.045000	11.6185   	0.045000	10.6221   	0.045000	10.6221   	0.045000	10.6222   	0.045000	10.5986   	0.045000	1.01992   	
0.050000	12.8532   	0.050000	12.5082   	0.050000	11.5367   	0.050000	11.5367   	0.050000	11.5368   	0.050000	11.5624   	0.050000	0.945784  	
0.055000	13.5108   	0.055000	13.353    	0.055000	12.4567   	0.055000	12.4567   	0.055000	12.4567   	0.055000	12.4703   	0.055000	0.882707  	
0.060000	14.1057   	0.060000	14.1651   	0.060000	13.377    	0.060000	13.377    	0.060000	13.377    	0.060000	13.3368   	0.060000	0.828316  	
0.070000	15.1143   	0.070000	15.7209   	0.070000	15.2033   	0.070000	15.2033   	0.070000	15.2033   	0.070000	14.9818   	0.070000	0.739091  	
0.080000	16.2201   	0.080000	17.2069   	0.080000	16.9902   	0.080000	16.9902   	0.080000	16.9902   	0.080000	16.5381   	0.080000	0.668766  	
0.090000	17.4665   	0.090000	18.6287   	0.090000	18.7192   	0.090000	18.7192   	0.090000	18.7193   	0.090000	18.0169   	0.090000	0.611755  	
0.100000	18.6112   	0.100000	20.3031   	0.100000	20.3776   	0.100000	20.3776   	0.100000	20.3776   	0.100000	19.7386   	0.100000	0.564506  	
0.120000	20.1047   	0.120000	23.6441   	0.120000	23.4499   	0.120000	23.4499   	0.120000	23.4499   	0.120000	23.1536   	0.120000	0.490503  	
0.140000	21.307    	0.140000	26.5914   	0.140000	26.1718   	0.140000	26.1718   	0.140000	26.1718   	0.140000	26.1564   	0.140000	0.434984  	
0.160000	22.37     	0.160000	29.1654   	0.160000	28.5426   	0.160000	28.5426   	0.160000	28.5427   	0.160000	28.7737   	0.160000	0.391641  	
0.180000	23.3746   	0.180000	31.4061   	0.180000	30.5825   	0.180000	30.5825   	0.180000	30.5825   	0.180000	31.0493   	0.180000	0.356774  	
0.200000	24.4648   	0.200000	33.3578   	0.200000	32.3228   	0.200000	32.3228   	0.200000	32.3228   	0.200000	33.0297   	0.200000	0.32806   	
0.250000	26.6086   	0.250000	38.1241   	0.250000	35.5986   	0.250000	35.5986   	0.250000	35.5986   	0.250000	37.8498   	0.250000	0.274245  	
0.300000	28.4656   	0.300000	41.6462   	0.300000	37.7558   	0.300000	37.7558   	0.300000	37.7559   	0.300000	41.4096   	0.300000	0.23657   	
0.350000	30.0672   	0.350000	44.2376   	0.350000	39.7685   	0.350000	39.7685   	0.350000	39.7686   	0.350000	44.029    	0.350000	0.208595  	
0.400000	31.7653   	0.400000	46.4367   	0.400000	41.5386   	0.400000	41.5386   	0.400000	41.5386   	0.400000	46.2498   	0.400000	0.186933  	
0.450000	33.5845   	0.450000	49.0081   	0.450000	42.8335   	0.450000	42.8335   	0.450000	42.8336   	0.450000	48.8384   	0.450000	0.169622  	
0.500000	35.1234   	0.500000	51.0463   	0.500000	43.8039   	0.500000	43.8039   	0.500000	43.8039   	0.500000	50.8909   	0.500000	0.155445  	
0.600000	36.2618   	0.600000	53.9466   	0.600000	45.1242   	0.600000	45.1242   	0.600000	45.1242   	0.600000	53.8131   	0.600000	0.133554  	
0.700000	36.5277   	0.700000	55.7194   	0.700000	45.9363   	0.700000	45.9363   	0.700000	45.9363   	0.700000	55.6021   	0.700000	0.117385  	
0.800000	37.56     	0.800000	56.5185   	0.800000	46.4368   	0.800000	46.4368   	0.800000	46.4368   	0.800000	56.4136   	0.800000	0.104918  	
0.900000	38.2622   	0.900000	56.8744   	0.900000	46.7254   	0.900000	46.7254   	0.900000	46.7254   	0.900000	56.7794   	0.900000	0.0949905 	
1.000000	38.7174   	1.000000	56.9253   	1.000000	46.8595   	1.000000	46.8595   	1.000000	46.8596   	1.000000	56.8384   	1.000000	0.086884  	
1.250000	38.6257   	1.250000	55.6302   	1.250000	46.7369   	1.250000	46.7369   	1.250000	46.737    	1.250000	55.5584   	1.250000	0.0718666 	
1.500000	37.4929   	1.500000	52.9413   	1.500000	46.205    	1.500000	46.205    	1.500000	46.205    	1.500000	52.8798   	1.500000	0.0614954 	
1.750000	36.3829   	1.750000	50.6381   	1.750000	45.4446   	1.750000	45.4446   	1.750000	45.4447   	1.750000	50.5842   	1.750000	0.0538746 	
2.000000	35.2993   	2.000000	48.601    	2.000000	44.5285   	2.000000	44.5285   	2.000000	44.5285   	2.000000	48.553    	2.000000	0.0480227 	
2.250000	34.2632   	2.250000	46.6874   	2.250000	43.3324   	2.250000	43.3324   	2.250000	43.3324   	2.250000	46.644    	2.250000	0.0433787 	
2.500000	40.098    	2.500000	44.9904   	2.500000	42.1993   	2.500000	42.1993   	2.500000	42.1993   	2.500000	44.9508   	2.500000	0.0395979 	
3.000000	37.8491   	3.000000	41.9919   	3.000000	40.0993   	3.000000	40.0993   	3.000000	40.0994   	3.000000	41.9581   	3.000000	0.0338015 	
3.500000	35.7543   	3.500000	39.4963   	3.500000	38.1957   	3.500000	38.1957   	3.500000	38.1957   	3.500000	39.4667   	3.500000	0.0295548 	
4.000000	33.8449   	4.000000	37.3592   	4.000000	36.4639   	4.000000	36.4639   	4.000000	36.464    	4.000000	37.3329   	4.000000	0.0263017 	
4.500000	32.1168   	4.500000	35.4876   	4.500000	34.8833   	4.500000	34.8833   	4.500000	34.8833   	4.500000	35.4638   	4.500000	0.0237252 	
5.000000	30.5547   	5.000000	33.8229   	5.000000	33.4358   	5.000000	33.4358   	5.000000	33.4358   	5.000000	33.8012   	5.000000	0.0216312 	
5.500000	29.1403   	5.500000	32.3257   	5.500000	32.1057   	5.500000	32.1057   	5.500000	32.1057   	5.500000	32.3058   	5.500000	0.0198938 	
6.000000	27.8559   	6.000000	30.9676   	6.000000	30.8795   	6.000000	30.8795   	6.000000	30.8795   	6.000000	30.9492   	6.000000	0.0184276 	
6.500000	26.6858   	6.500000	29.7275   	6.500000	29.7456   	6.500000	29.7456   	6.500000	29.7456   	6.500000	29.7103   	6.500000	0.0171729 	
7.000000	25.616    	7.000000	28.5888   	7.000000	28.6939   	7.000000	28.6939   	7.000000	28.6939   	7.000000	28.5727   	7.000000	0.0160862 	
7.500000	24.6344   	7.500000	27.5383   	7.500000	27.7158   	7.500000	27.7158   	7.500000	27.7158   	7.500000	27.5232   	7.500000	0.0151353 	
8.000000	23.7309   	8.000000	26.5655   	8.000000	26.8037   	8.000000	26.8037   	8.000000	26.8037   	8.000000	26.5512   	8.000000	0.014296  	
8.500000	22.8965   	8.500000	25.6613   	8.500000	25.951    	8.500000	25.951    	8.500000	25.951    	8.500000	25.6477   	8.500000	0.0135493 	
9.000000	22.1236   	9.000000	24.8179   	9.000000	25.1522   	9.000000	25.1522   	9.000000	25.1522   	9.000000	24.805    	9.000000	0.0128805 	
9.500000	21.4056   	9.500000	24.0287   	9.500000	24.4021   	9.500000	24.4021   	9.500000	24.4021   	9.500000	24.0164   	9.500000	0.0122778 	
10.000000	20.7369   	10.000000	22.32     	10.000000	23.6963   	10.000000	23.6963   	10.000000	23.6964   	10.000000	22.3082   	10.000000	0.0117317 	
11.000000	19.5279   	11.000000	21.3133   	11.000000	22.289    	11.000000	22.4318   	11.000000	22.4694   	11.000000	21.3026   	11.000000	0.0107797 	
12.000000	18.4642   	12.000000	20.3885   	12.000000	21.05     	12.000000	21.3044   	12.000000	21.3617   	12.000000	20.3785   	12.000000	0.00997726	
13.000000	17.5208   	13.000000	19.5383   	13.000000	19.9512   	13.000000	20.2935   	13.000000	20.3585   	13.000000	19.529    	13.000000	0.00929116	
14.000000	16.6779   	14.000000	18.7555   	14.000000	18.9712   	14.000000	19.3825   	14.000000	19.447    	14.000000	18.7468   	14.000000	0.00869747	
15.000000	15.9202   	15.000000	18.0334   	15.000000	18.0924   	15.000000	18.5577   	15.000000	18.6164   	15.000000	18.0252   	15.000000	0.00817843	
16.000000	15.235    	16.000000	17.3658   	16.000000	17.3004   	16.000000	17.8079   	16.000000	17.8572   	16.000000	17.358    	16.000000	0.00772059	
17.000000	14.6122   	17.000000	16.747    	17.000000	16.5832   	17.000000	17.1236   	17.000000	17.1615   	17.000000	16.7397   	17.000000	0.00731357	
18.000000	14.0436   	18.000000	16.1722   	18.000000	15.9312   	18.000000	16.497    	18.000000	16.5216   	18.000000	16.1653   	18.000000	0.00694924	
19.000000	13.5221   	19.000000	15.6371   	19.000000	15.3364   	19.000000	15.9214   	19.000000	15.9325   	19.000000	15.6305   	19.000000	0.0066211 	
20.000000	13.0422   	20.000000	15.1378   	20.000000	14.7921   	20.000000	15.3912   	20.000000	15.389    	20.000000	15.1315   	20.000000	0.00632394	
21.000000	12.5988   	21.000000	14.6709   	21.000000	14.2926   	21.000000	14.9015   	21.000000	14.8854   	21.000000	14.6649   	21.000000	0.00605351	
22.000000	12.1879   	22.000000	14.2335   	22.000000	13.8328   	22.000000	14.4482   	22.000000	14.4192   	22.000000	14.2277   	22.000000	0.0058063 	
23.000000	11.806    	23.000000	13.8228   	23.000000	13.4087   	23.000000	14.0277   	23.000000	13.986    	23.000000	13.8172   	23.000000	0.00557939	
24.000000	11.4501   	24.000000	13.4366   	24.000000	13.0168   	24.000000	13.6367   	24.000000	13.5832   	24.000000	13.4312   	24.000000	0.00537036	
25.000000	11.1174   	25.000000	13.0727   	25.000000	12.6539   	25.000000	13.2727   	25.000000	13.208    	25.000000	13.0675   	25.000000	0.00517712	
27.000000	10.5134   	27.000000	12.4047   	27.000000	12.0035   	27.000000	12.6157   	27.000000	12.531    	27.000000	12.3999   	27.000000	0.00483131	
29.000000	9.979     	29.000000	11.8062   	29.000000	11.4393   	29.000000	12.0406   	29.000000	11.9389   	29.000000	11.8016   	29.000000	0.00453068	
31.000000	9.50259   	31.000000	11.2668   	31.000000	10.9393   	31.000000	11.4983   	31.000000	11.3882   	31.000000	11.2626   	31.000000	0.00426681	
33.000000	9.07505   	33.000000	10.7784   	33.000000	10.4815   	33.000000	10.9775   	33.000000	10.8674   	33.000000	10.7744   	33.000000	0.00403326	
35.000000	8.68909   	35.000000	10.334    	35.000000	10.0647   	35.000000	10.5057   	35.000000	10.3975   	35.000000	10.3302   	35.000000	0.00382501	
38.000000	8.17551   	38.000000	9.7378    	38.000000	9.50248   	38.000000	9.87586   	38.000000	9.77267   	38.000000	9.73425   	38.000000	0.00355164	
41.000000	7.72685   	41.000000	9.21269   	41.000000	9.00574   	41.000000	9.32396   	41.000000	9.2274    	41.000000	9.20937   	41.000000	0.00331626	
44.000000	7.33129   	44.000000	8.7467    	44.000000	8.56343   	44.000000	8.83637   	44.000000	8.74723   	44.000000	8.74358   	44.000000	0.00311136	
47.000000	6.97978   	47.000000	8.33039   	47.000000	8.16726   	47.000000	8.40247   	47.000000	8.32109   	47.000000	8.32746   	47.000000	0.00293131	
50.000000	6.6652    	50.000000	7.95623   	50.000000	7.81076   	50.000000	8.01386   	50.000000	7.94033   	50.000000	7.95346   	50.000000	0.00277179	
55.000000	6.20818   	55.000000	7.41029   	55.000000	7.28937   	55.000000	7.44908   	55.000000	7.3879    	55.000000	7.40775   	55.000000	0.00254271	
60.000000	5.8187    	60.000000	6.94321   	60.000000	6.84191   	60.000000	6.96798   	60.000000	6.91816   	60.000000	6.94086   	60.000000	0.00234999	
65.000000	5.48258   	65.000000	6.53908   	65.000000	6.45316   	65.000000	6.55324   	65.000000	6.51359   	65.000000	6.53689   	65.000000	0.00218549	
70.000000	5.18935   	70.000000	6.18597   	70.000000	6.11336   	70.000000	6.19201   	70.000000	6.1614    	70.000000	6.18393   	70.000000	0.00204338	
75.000000	4.93113   	75.000000	5.87481   	75.000000	5.81297   	75.000000	5.87455   	75.000000	5.85195   	75.000000	5.87289   	75.000000	0.00191931	
80.000000	4.7019    	80.000000	5.59854   	80.000000	5.54633   	80.000000	5.59336   	80.000000	5.57788   	80.000000	5.59673   	80.000000	0.00181002	
85.000000	4.49694   	85.000000	5.35161   	85.000000	5.30743   	85.000000	5.34256   	85.000000	5.33322   	85.000000	5.3499    	85.000000	0.00171297	
90.000000	4.3125    	90.000000	5.12958   	90.000000	5.09205   	90.000000	5.11747   	90.000000	5.11348   	90.000000	5.12795   	90.000000	0.0016262 	
95.000000	4.1456    	95.000000	4.92886   	95.000000	4.89688   	95.000000	4.91432   	95.000000	4.91518   	95.000000	4.92732   	95.000000	0.00154814	
100.000000	3.99378   	100.000000	4.74654   	100.000000	4.71966   	100.000000	4.73006   	100.000000	4.73518   	100.000000	4.74506   	100.000000	0.00147751	
105.000000	3.85505   	105.000000	4.58018   	105.000000	4.55805   	105.000000	4.56216   	105.000000	4.57096   	105.000000	4.57876   	105.000000	0.00141329	
110.000000	3.72776   	110.000000	4.42778   	110.000000	4.40961   	110.000000	4.40854   	110.000000	4.42078   	110.000000	4.42643   	110.000000	0.00135464	
115.000000	3.6105    	115.000000	4.28766   	115.000000	4.27313   	115.000000	4.26745   	115.000000	4.28253   	115.000000	4.28636   	115.000000	0.00130085	
120.000000	3.50211   	120.000000	4.15838   	120.000000	4.14705   	120.000000	4.13742   	120.000000	4.1552    	120.000000	4.15713   	120.000000	0.00125134	
125.000000	3.40161   	125.000000	4.03874   	125.000000	4.03013   	125.000000	4.0172    	125.000000	4.03725   	125.000000	4.03754   	125.000000	0.0012056 	
130.000000	3.30813   	130.000000	3.9277    	130.000000	3.9217    	130.000000	3.90571   	130.000000	3.92793   	130.000000	3.92654   	130.000000	0.00116322	
135.000000	3.22095   	135.000000	3.82436   	135.000000	3.82085   	135.000000	3.80204   	135.000000	3.82607   	135.000000	3.82324   	135.000000	0.00112383	
140.000000	3.13944   	140.000000	3.72795   	140.000000	3.72654   	140.000000	3.7054    	140.000000	3.7312    	140.000000	3.72686   	140.000000	0.00108713	
145.000000	3.06305   	145.000000	3.63779   	145.000000	3.63824   	145.000000	3.6151    	145.000000	3.64231   	145.000000	3.63674   	145.000000	0.00105284	
150.000000	2.9913    	150.000000	3.5533    	150.000000	3.55556   	150.000000	3.53053   	150.000000	3.55914   	150.000000	3.55228   	150.000000	0.00102073	
155.000000	2.88964   	155.000000	3.47396   	155.000000	3.47768   	155.000000	3.45117   	155.000000	3.48098   	155.000000	3.47297   	155.000000	0.000990602	
160.000000	2.83035   	160.000000	3.39931   	160.000000	3.40442   	160.000000	3.37655   	160.000000	3.40745   	160.000000	3.39835   	160.000000	0.000962268	
165.000000	2.77439   	165.000000	3.32895   	165.000000	3.33561   	165.000000	3.30626   	165.000000	3.33821   	165.000000	3.32802   	165.000000	0.000935573	
170.000000	2.72147   	170.000000	3.26252   	170.000000	3.27052   	170.000000	3.23993   	170.000000	3.27272   	170.000000	3.26161   	170.000000	0.000910378	
175.000000	2.67137   	175.000000	3.1997    	175.000000	3.20884   	175.000000	3.17725   	175.000000	3.21087   	175.000000	3.19881   	175.000000	0.000886556	
180.000000	2.62384   	180.000000	3.1402    	180.000000	3.1505    	180.000000	3.11792   	180.000000	3.1523    	180.000000	3.13934   	180.000000	0.000863998	
185.000000	2.57871   	185.000000	3.08378   	185.000000	3.09508   	185.000000	3.06168   	185.000000	3.09669   	185.000000	3.08293   	185.000000	0.000842604	
190.000000	2.53578   	190.000000	3.03019   	190.000000	3.04232   	190.000000	3.0083    	190.000000	3.04393   	190.000000	3.02936   	190.000000	0.000822286	
195.000000	2.4949    	195.000000	2.97923   	195.000000	2.99225   	195.000000	2.95756   	195.000000	2.99376   	195.000000	2.97842   	195.000000	0.000802962	
200.000000	2.45593   	200.000000	2.93071   	200.000000	2.94473   	200.000000	2.90929   	200.000000	2.94594   	200.000000	2.92992   	200.000000	0.000784561	
210.000000	2.38318   	210.000000	2.84033   	210.000000	2.85593   	210.000000	2.81942   	210.000000	2.85699   	210.000000	2.83958   	210.000000	0.000750272	
220.000000	2.31663   	220.000000	2.75786   	220.000000	2.77486   	220.000000	2.73751   	220.000000	2.77574   	220.000000	2.75714   	220.000000	0.000718963	
230.000000	2.2555    	230.000000	2.68231   	230.000000	2.70065   	230.000000	2.66255   	230.000000	2.70139   	230.000000	2.68162   	230.000000	0.000690259	
240.000000	2.19916   	240.000000	2.61286   	240.000000	2.63249   	240.000000	2.5937    	240.000000	2.63301   	240.000000	2.61219   	240.000000	0.000663842	
250.000000	2.14707   	250.000000	2.54879   	250.000000	2.56949   	250.000000	2.53026   	250.000000	2.56998   	250.000000	2.54816   	250.000000	0.000639446	
260.000000	2.09875   	260.000000	2.48952   	260.000000	2.51112   	260.000000	2.47162   	260.000000	2.51165   	260.000000	2.48891   	260.000000	0.000616846	
270.000000	2.05382   	270.000000	2.43453   	270.000000	2.4571    	270.000000	2.41727   	270.000000	2.45758   	270.000000	2.43394   	270.000000	0.000595847	
280.000000	2.01193   	280.000000	2.38338   	280.000000	2.40699   	280.000000	2.36676   	280.000000	2.40726   	280.000000	2.3828    	280.000000	0.000576284	
290.000000	1.97278   	290.000000	2.33568   	290.000000	2.36015   	290.000000	2.31971   	290.000000	2.36041   	290.000000	2.33512   	290.000000	0.000558011	
300.000000	1.93612   	300.000000	2.2911    	300.000000	2.31636   	300.000000	2.27578   	300.000000	2.31658   	300.000000	2.29056   	300.000000	0.000540904	
310.000000	1.90171   	310.000000	2.24936   	310.000000	2.27542   	310.000000	2.23469   	310.000000	2.27559   	310.000000	2.24883   	310.000000	0.000524854	
320.000000	1.86935   	320.000000	2.21019   	320.000000	2.23703   	320.000000	2.19616   	320.000000	2.23714   	320.000000	2.20968   	320.000000	0.000509763	
330.000000	1.83888   	330.000000	2.17337   	330.000000	2.20084   	330.000000	2.15998   	330.000000	2.201     	330.000000	2.17287   	330.000000	0.000495548	
340.000000	1.81012   	340.000000	2.13869   	340.000000	2.16675   	340.000000	2.12594   	340.000000	2.16702   	340.000000	2.13821   	340.000000	0.000482134	
350.000000	1.78295   	350.000000	2.10599   	350.000000	2.13475   	350.000000	2.09386   	350.000000	2.13493   	350.000000	2.10552   	350.000000	0.000469453	
360.000000	1.75724   	360.000000	2.0751    	360.000000	2.10459   	360.000000	2.06359   	360.000000	2.10466   	360.000000	2.07464   	360.000000	0.000457447	
370.000000	1.73287   	370.000000	2.04587   	370.000000	2.07604   	370.000000	2.03498   	370.000000	2.07607   	370.000000	2.04543   	370.000000	0.000446063	
380.000000	1.70975   	380.000000	2.01819   	380.000000	2.04894   	380.000000	2.00791   	380.000000	2.04895   	380.000000	2.01776   	380.000000	0.000435252	
390.000000	1.68778   	390.000000	1.99194   	390.000000	2.02321   	390.000000	1.98226   	390.000000	2.02327   	390.000000	1.99151   	390.000000	0.000424972	
400.000000	1.66689   	400.000000	1.96701   	400.000000	1.9988    	400.000000	1.95792   	400.000000	1.99892   	400.000000	1.96659   	400.000000	0.000415184	
410.000000	1.64699   	410.000000	1.94331   	410.000000	1.97562   	410.000000	1.9348    	410.000000	1.97574   	410.000000	1.9429    	410.000000	0.000405854	
420.000000	1.62802   	420.000000	1.92075   	420.000000	1.95355   	420.000000	1.91282   	420.000000	1.9537    	420.000000	1.92036   	420.000000	0.000396949	
430.000000	1.60992   	430.000000	1.89926   	430.000000	1.93258   	430.000000	1.8919    	430.000000	1.93274   	430.000000	1.89888   	430.000000	0.000388441	
440.000000	1.59264   	440.000000	1.87877   	440.000000	1.91265   	440.000000	1.87196   	440.000000	1.91275   	440.000000	1.87839   	440.000000	0.000380303	
450.000000	1.57611   	450.000000	1.85921   	450.000000	1.89367   	450.000000	1.85295   	450.000000	1.89366   	450.000000	1.85884   	450.000000	0.000372512	
460.000000	1.56031   	460.000000	1.84052   	460.000000	1.8755    	460.000000	1.8348    	460.000000	1.87545   	460.000000	1.84016   	460.000000	0.000365045	
470.000000	1.54517   	470.000000	1.82266   	470.000000	1.85809   	470.000000	1.81747   	470.000000	1.85807   	470.000000	1.8223    	470.000000	0.000357883	
480.000000	1.53066   	480.000000	1.80556   	480.000000	1.84142   	480.000000	1.80089   	480.000000	1.84141   	480.000000	1.80521   	480.000000	0.000351007	
490.000000	1.51676   	490.000000	1.78918   	490.000000	1.82549   	490.000000	1.78502   	490.000000	1.82547   	490.000000	1.78884   	490.000000	0.0003444 	
500.000000	1.50341   	500.000000	1.77349   	500.000000	1.81024   	500.000000	1.76983   	500.000000	1.81021   	500.000000	1.77315   	500.000000	0.000338046	
520.000000	1.47827   	520.000000	1.744     	520.000000	1.78161   	520.000000	1.74131   	520.000000	1.78156   	520.000000	1.74367   	520.000000	0.000326041	
540.000000	1.45504   	540.000000	1.7168    	540.000000	1.75514   	540.000000	1.71505   	540.000000	1.75515   	540.000000	1.71649   	540.000000	0.000314889	
560.000000	1.43351   	560.000000	1.69166   	560.000000	1.73066   	560.000000	1.6908    	560.000000	1.73077   	560.000000	1.69136   	560.000000	0.000304501	
580.000000	1.41353   	580.000000	1.66837   	580.000000	1.70812   	580.000000	1.66837   	580.000000	1.70818   	580.000000	1.66808   	580.000000	0.000294801	
600.000000	1.39494   	600.000000	1.64675   	600.000000	1.68722   	600.000000	1.64757   	600.000000	1.68726   	600.000000	1.64646   	600.000000	0.000285721	
620.000000	1.37761   	620.000000	1.62664   	620.000000	1.66778   	620.000000	1.62824   	620.000000	1.66778   	620.000000	1.62636   	620.000000	0.000277203	
640.000000	1.36144   	640.000000	1.60791   	640.000000	1.64971   	640.000000	1.61025   	640.000000	1.64966   	640.000000	1.60764   	640.000000	0.000269196	
660.000000	1.34632   	660.000000	1.59043   	660.000000	1.63281   	660.000000	1.59347   	660.000000	1.63276   	660.000000	1.59017   	660.000000	0.000261655	
680.000000	1.33217   	680.000000	1.57409   	680.000000	1.61696   	680.000000	1.57781   	680.000000	1.61696   	680.000000	1.57384   	680.000000	0.00025454	
700.000000	1.31891   	700.000000	1.55881   	700.000000	1.60216   	700.000000	1.56316   	700.000000	1.60219   	700.000000	1.55856   	700.000000	0.000247814	
720.000000	1.30647   	720.000000	1.54448   	720.000000	1.58836   	720.000000	1.54944   	720.000000	1.58834   	720.000000	1.54424   	720.000000	0.000241448	
740.000000	1.29478   	740.000000	1.53105   	740.000000	1.5754    	740.000000	1.53657   	740.000000	1.57535   	740.000000	1.53082   	740.000000	0.000235412	
760.000000	1.28379   	760.000000	1.51844   	760.000000	1.56317   	760.000000	1.52448   	760.000000	1.56317   	760.000000	1.51821   	760.000000	0.00022968	
780.000000	1.27346   	780.000000	1.50658   	780.000000	1.55166   	780.000000	1.51312   	780.000000	1.55169   	780.000000	1.50636   	780.000000	0.000224231	
800.000000	1.26372   	800.000000	1.49543   	800.000000	1.54088   	800.000000	1.50243   	800.000000	1.54089   	800.000000	1.49521   	800.000000	0.000219044	
820.000000	1.25455   	820.000000	1.48493   	820.000000	1.53075   	820.000000	1.49236   	820.000000	1.53072   	820.000000	1.48472   	820.000000	0.000214099	
840.000000	1.2459    	840.000000	1.47504   	840.000000	1.52118   	840.000000	1.48287   	840.000000	1.52113   	840.000000	1.47483   	840.000000	0.000209381	
860.000000	1.23773   	860.000000	1.46571   	860.000000	1.51212   	860.000000	1.47391   	860.000000	1.51206   	860.000000	1.46551   	860.000000	0.000204873	
880.000000	1.23003   	880.000000	1.45692   	880.000000	1.50353   	880.000000	1.46545   	880.000000	1.50351   	880.000000	1.45672   	880.000000	0.000200562	
900.000000	1.22276   	900.000000	1.44861   	900.000000	1.49541   	900.000000	1.45745   	900.000000	1.49542   	900.000000	1.44842   	900.000000	0.000196435	
920.000000	1.21588   	920.000000	1.44077   	920.000000	1.48773   	920.000000	1.44988   	920.000000	1.48776   	920.000000	1.44058   	920.000000	0.000192481	
940.000000	1.20939   	940.000000	1.43336   	940.000000	1.48046   	940.000000	1.44271   	940.000000	1.4805    	940.000000	1.43317   	940.000000	0.000188688	
960.000000	1.20325   	960.000000	1.42636   	960.000000	1.4736    	960.000000	1.43593   	960.000000	1.47364   	960.000000	1.42618   	960.000000	0.000185047	
980.000000	1.19745   	980.000000	1.41974   	980.000000	1.46712   	980.000000	1.4295    	980.000000	1.46713   	980.000000	1.41956   	980.000000	0.000181548	
1000.000000	1.19196   	1000.000000	1.41348   	1000.000000	1.46097   	1000.000000	1.4234    	1000.000000	1.46095   	1000.000000	1.4133    	1000.000000	0.000178184	
1020.000000	1.18678   	1020.000000	1.40756   	1020.000000	1.45513   	1020.000000	1.41761   	1020.000000	1.45508   	1020.000000	1.40739   	1020.000000	0.000174947	
1040.000000	1.18187   	1040.000000	1.40196   	1040.000000	1.44958   	1040.000000	1.41211   	1040.000000	1.44951   	1040.000000	1.40179   	1040.000000	0.000171829	
1060.000000	1.17724   	1060.000000	1.39667   	1060.000000	1.44428   	1060.000000	1.40689   	1060.000000	1.44423   	1060.000000	1.3965    	1060.000000	0.000168825	
1080.000000	1.17286   	1080.000000	1.39166   	1080.000000	1.43924   	1080.000000	1.40193   	1080.000000	1.43919   	1080.000000	1.39149   	1080.000000	0.000165927	
1100.000000	1.16872   	1100.000000	1.38692   	1100.000000	1.43445   	1100.000000	1.39722   	1100.000000	1.43441   	1100.000000	1.38675   	1100.000000	0.000163131	
1120.000000	1.16481   	1120.000000	1.38243   	1120.000000	1.42989   	1120.000000	1.39274   	1120.000000	1.42986   	1120.000000	1.38227   	1120.000000	0.00016043	
1140.000000	1.16111   	1140.000000	1.37819   	1140.000000	1.42556   	1140.000000	1.38847   	1140.000000	1.42554   	1140.000000	1.37804   	1140.000000	0.000157821	
1160.000000	1.15763   	1160.000000	1.37418   	1160.000000	1.42143   	1160.000000	1.38442   	1160.000000	1.42142   	1160.000000	1.37403   	1160.000000	0.000155298	
1180.000000	1.15434   	1180.000000	1.37039   	1180.000000	1.41751   	1180.000000	1.38055   	1180.000000	1.41749   	1180.000000	1.37024   	1180.000000	0.000152858	
1200.000000	1.15124   	1200.000000	1.36681   	1200.000000	1.41377   	1200.000000	1.37688   	1200.000000	1.41376   	1200.000000	1.36666   	1200.000000	0.000150495	
1220.000000	1.14831   	1220.000000	1.36343   	1220.000000	1.41021   	1220.000000	1.37337   	1220.000000	1.4102    	1220.000000	1.36328   	1220.000000	0.000148207	
1240.000000	1.14556   	1240.000000	1.36024   	1240.000000	1.40681   	1240.000000	1.37004   	1240.000000	1.40682   	1240.000000	1.36009   	1240.000000	0.00014599	
1260.000000	1.14298   	1260.000000	1.35722   	1260.000000	1.40358   	1260.000000	1.36686   	1260.000000	1.40358   	1260.000000	1.35708   	1260.000000	0.00014384	
1280.000000	1.14055   	1280.000000	1.35438   	1280.000000	1.4005    	1280.000000	1.36384   	1280.000000	1.4005    	1280.000000	1.35424   	1280.000000	0.000141756	
1300.000000	1.13827   	1300.000000	1.35171   	1300.000000	1.39756   	1300.000000	1.36095   	1300.000000	1.39757   	1300.000000	1.35157   	1300.000000	0.000139732	
1320.000000	1.13613   	1320.000000	1.34919   	1320.000000	1.39476   	1320.000000	1.3582    	1320.000000	1.39477   	1320.000000	1.34905   	1320.000000	0.000137768	
1340.000000	1.13413   	1340.000000	1.34682   	1340.000000	1.39209   	1340.000000	1.35558   	1340.000000	1.39211   	1340.000000	1.34668   	1340.000000	0.00013586	
1360.000000	1.13227   	1360.000000	1.34459   	1360.000000	1.38955   	1360.000000	1.35308   	1360.000000	1.38956   	1360.000000	1.34446   	1360.000000	0.000134006	
1380.000000	1.13053   	1380.000000	1.3425    	1380.000000	1.38712   	1380.000000	1.3507    	1380.000000	1.38713   	1380.000000	1.34237   	1380.000000	0.000132204	
1400.000000	1.12891   	1400.000000	1.34054   	1400.000000	1.3848    	1400.000000	1.34844   	1400.000000	1.38482   	1400.000000	1.34041   	1400.000000	0.000130451	
1420.000000	1.12741   	1420.000000	1.33871   	1420.000000	1.3826    	1420.000000	1.34627   	1420.000000	1.38261   	1420.000000	1.33858   	1420.000000	0.000128746	
1440.000000	1.12602   	1440.000000	1.337     	1440.000000	1.3805    	1440.000000	1.34421   	1440.000000	1.38051   	1440.000000	1.33688   	1440.000000	0.000127086	
1460.000000	1.12474   	1460.000000	1.33541   	1460.000000	1.37849   	1460.000000	1.34225   	1460.000000	1.37851   	1460.000000	1.33528   	1460.000000	0.00012547	
1480.000000	1.12356   	1480.000000	1.33392   	1480.000000	1.37658   	1480.000000	1.34038   	1480.000000	1.3766    	1480.000000	1.3338    	1480.000000	0.000123896	
1500.000000	1.12248   	1500.000000	1.33255   	1500.000000	1.37476   	1500.000000	1.3386    	1500.000000	1.37478   	1500.000000	1.33243   	1500.000000	0.000122362	
1520.000000	1.1215    	1520.000000	1.33127   	1520.000000	1.37302   	1520.000000	1.3369    	1520.000000	1.37304   	1520.000000	1.33115   	1520.000000	0.000120867	
1540.000000	1.12061   	1540.000000	1.3301    	1540.000000	1.37137   	1540.000000	1.33528   	1540.000000	1.37139   	1540.000000	1.32998   	1540.000000	0.00011941	
1560.000000	1.11982   	1560.000000	1.32902   	1560.000000	1.36979   	1560.000000	1.33375   	1560.000000	1.36982   	1560.000000	1.3289    	1560.000000	0.000117988	
1580.000000	1.1191    	1580.000000	1.32803   	1580.000000	1.36829   	1580.000000	1.33228   	1580.000000	1.36832   	1580.000000	1.32791   	1580.000000	0.000116601	
1600.000000	1.11848   	1600.000000	1.32713   	1600.000000	1.36687   	1600.000000	1.33089   	1600.000000	1.36689   	1600.000000	1.32702   	1600.000000	0.000115248	
1620.000000	1.11793   	1620.000000	1.32632   	1620.000000	1.36551   	1620.000000	1.32956   	1620.000000	1.36553   	1620.000000	1.3262    	1620.000000	0.000113926	
1640.000000	1.11746   	1640.000000	1.32558   	1640.000000	1.36421   	1640.000000	1.3283    	1640.000000	1.36424   	1640.000000	1.32547   	1640.000000	0.000112636	
1660.000000	1.11707   	1660.000000	1.32493   	1660.000000	1.36299   	1660.000000	1.3271    	1660.000000	1.36301   	1660.000000	1.32482   	1660.000000	0.000111375	
1680.000000	1.11675   	1680.000000	1.32435   	1680.000000	1.36182   	1680.000000	1.32597   	1680.000000	1.36184   	1680.000000	1.32424   	1680.000000	0.000110144	
1700.000000	1.1165    	1700.000000	1.32384   	1700.000000	1.36071   	1700.000000	1.32489   	1700.000000	1.36073   	1700.000000	1.32374   	1700.000000	0.00010894	
1750.000000	1.11617   	1750.000000	1.32289   	1750.000000	1.35817   	1750.000000	1.32243   	1750.000000	1.3582    	1750.000000	1.32278   	1750.000000	0.000106046	
1800.000000	1.11624   	1800.000000	1.32234   	1800.000000	1.35596   	1800.000000	1.32028   	1800.000000	1.35598   	1800.000000	1.32223   	1800.000000	0.000103307	
1850.000000	1.11668   	1850.000000	1.32216   	1850.000000	1.35403   	1850.000000	1.31842   	1850.000000	1.35405   	1850.000000	1.32206   	1850.000000	0.000100711	
1900.000000	1.11745   	1900.000000	1.32233   	1900.000000	1.35237   	1900.000000	1.31681   	1900.000000	1.35238   	1900.000000	1.32223   	1900.000000	9.82462e-05	
1950.000000	1.11855   	1950.000000	1.32281   	1950.000000	1.35094   	1950.000000	1.31544   	1950.000000	1.35095   	1950.000000	1.32272   	1950.000000	9.59031e-05	
2000.000000	1.11993   	2000.000000	1.32359   	2000.000000	1.34973   	2000.000000	1.31428   	2000.000000	1.34974   	2000.000000	1.3235    	2000.000000	9.36728e-05	
2100.000000	1.12352   	2100.000000	1.32596   	2100.000000	1.34788   	2100.000000	1.31253   	2100.000000	1.34789   	2100.000000	1.32587   	2100.000000	8.95193e-05	
2200.000000	1.12808   	2200.000000	1.32926   	2200.000000	1.3467    	2200.000000	1.31144   	2200.000000	1.3467    	2200.000000	1.32918   	2200.000000	8.57297e-05	
2300.000000	1.1335    	2300.000000	1.33339   	2300.000000	1.34607   	2300.000000	1.31089   	2300.000000	1.34607   	2300.000000	1.33331   	2300.000000	8.22578e-05	
2400.000000	1.13969   	2400.000000	1.33824   	2400.000000	1.34592   	2400.000000	1.31081   	2400.000000	1.34591   	2400.000000	1.33816   	2400.000000	7.90648e-05	
2500.000000	1.14656   	2500.000000	1.34372   	2500.000000	1.34616   	2500.000000	1.31111   	2500.000000	1.34614   	2500.000000	1.34364   	2500.000000	7.6118e-05	
2600.000000	1.15405   	2600.000000	1.34976   	2600.000000	1.34674   	2600.000000	1.31175   	2600.000000	1.34672   	2600.000000	1.34968   	2600.000000	7.33897e-05	
2700.000000	1.16211   	2700.000000	1.35629   	2700.000000	1.34761   	2700.000000	1.31268   	2700.000000	1.34757   	2700.000000	1.35622   	2700.000000	7.08564e-05	
2800.000000	1.17067   	2800.000000	1.36327   	2800.000000	1.34872   	2800.000000	1.31384   	2800.000000	1.34868   	2800.000000	1.3632    	2800.000000	6.84974e-05	
2900.000000	1.17971   	2900.000000	1.37064   	2900.000000	1.35004   	2900.000000	1.31521   	2900.000000	1.34999   	2900.000000	1.37057   	2900.000000	6.62954e-05	
3000.000000	1.18917   	3000.000000	1.37836   	3000.000000	1.35153   	3000.000000	1.31675   	3000.000000	1.35149   	3000.000000	1.3783    	3000.000000	6.42349e-05	
3200.000000	1.20926   	3200.000000	1.39475   	3200.000000	1.35494   	3200.000000	1.32026   	3200.000000	1.35491   	3200.000000	1.39468   	3200.000000	6.04868e-05	
3400.000000	1.23071   	3400.000000	1.41218   	3400.000000	1.3588    	3400.000000	1.32422   	3400.000000	1.35879   	3400.000000	1.41212   	3400.000000	5.71644e-05	
3600.000000	1.25337   	3600.000000	1.43048   	3600.000000	1.36299   	3600.000000	1.32849   	3600.000000	1.36299   	3600.000000	1.43043   	3600.000000	5.41985e-05	
3800.000000	1.27708   	3800.000000	1.44951   	3800.000000	1.36743   	3800.000000	1.33299   	3800.000000	1.36743   	3800.000000	1.44946   	3800.000000	5.1534e-05	
4000.000000	1.30174   	4000.000000	1.46915   	4000.000000	1.37202   	4000.000000	1.33765   	4000.000000	1.37203   	4000.000000	1.4691    	4000.000000	4.91268e-05	
4200.000000	1.32726   	4200.000000	1.48932   	4200.000000	1.37673   	4200.000000	1.34242   	4200.000000	1.37674   	4200.000000	1.48927   	4200.000000	4.69409e-05	
4400.000000	1.35356   	4400.000000	1.50992   	4400.000000	1.38151   	4400.000000	1.34724   	4400.000000	1.38151   	4400.000000	1.50988   	4400.000000	4.4947e-05	
4600.000000	1.38058   	4600.000000	1.53091   	4600.000000	1.38632   	4600.000000	1.3521    	4600.000000	1.38633   	4600.000000	1.53087   	4600.000000	4.31205e-05	
4800.000000	1.40827   	4800.000000	1.55223   	4800.000000	1.39115   	4800.000000	1.35698   	4800.000000	1.39115   	4800.000000	1.55219   	4800.000000	4.1441e-05	
5000.000000	1.43659   	5000.000000	1.57384   	5000.000000	1.39596   	5000.000000	1.36184   	5000.000000	1.39597   	5000.000000	1.5738    	5000.000000	3.98913e-05	
5250.000000	1.4728    	5250.000000	1.60119   	5250.000000	1.40195   	5250.000000	1.36788   	5250.000000	1.40196   	5250.000000	1.60115   	5250.000000	3.81145e-05	
5500.000000	1.50988   	5500.000000	1.62888   	5500.000000	1.40788   	5500.000000	1.37386   	5500.000000	1.4079    	5500.000000	1.62884   	5500.000000	3.64938e-05	
6000.000000	1.58639   	6000.000000	1.68505   	6000.000000	1.41952   	6000.000000	1.3856    	6000.000000	1.41954   	6000.000000	1.68502   	6000.000000	3.36443e-05	
6500.000000	1.66581   	6500.000000	1.74206   	6500.000000	1.43081   	6500.000000	1.39697   	6500.000000	1.43083   	6500.000000	1.74203   	6500.000000	3.12191e-05	
7000.000000	1.7479    	7000.000000	1.79968   	7000.000000	1.44173   	7000.000000	1.40795   	7000.000000	1.44172   	7000.000000	1.79966   	7000.000000	2.91291e-05	
7500.000000	1.8325    	7500.000000	1.85777   	7500.000000	1.45225   	7500.000000	1.41853   	7500.000000	1.45222   	7500.000000	1.85775   	7500.000000	2.73087e-05	
8000.000000	1.91948   	8000.000000	1.91621   	8000.000000	1.46233   	8000.000000	1.4287    	8000.000000	1.46231   	8000.000000	1.91619   	8000.000000	2.57085e-05	
8500.000000	2.00873   	8500.000000	1.97491   	8500.000000	1.47201   	8500.000000	1.43849   	8500.000000	1.47202   	8500.000000	1.97489   	8500.000000	2.42906e-05	
9000.000000	2.10019   	9000.000000	2.03381   	9000.000000	1.48135   	9000.000000	1.44791   	9000.000000	1.48135   	9000.000000	2.03379   	9000.000000	2.3025e-05	
9500.000000	2.19379   	9500.000000	2.09286   	9500.000000	1.49035   	9500.000000	1.45698   	9500.000000	1.49033   	9500.000000	2.09284   	9500.000000	2.18884e-05	
10000.000000	2.28948   	10000.000000	2.15201   	10000.000000	1.49901   	10000.000000	1.46572   	10000.000000	1.49898   	10000.000000	2.15199   	10000.000000	2.08618e-05	
11000.000000	2.48698   	11000.000000	2.27053   	11000.000000	1.51538   	11000.000000	1.48227   	11000.000000	1.51535   	11000.000000	2.27051   	11000.000000	1.90798e-05	
12000.000000	2.69248   	12000.000000	2.38918   	12000.000000	1.5306    	12000.000000	1.4977    	12000.000000	1.53059   	12000.000000	2.38916   	12000.000000	1.75856e-05	
13000.000000	2.90582   	13000.000000	2.50785   	13000.000000	1.54483   	13000.000000	1.51214   	13000.000000	1.54483   	13000.000000	2.50783   	13000.000000	1.63143e-05	
14000.000000	3.12688   	14000.000000	2.62646   	14000.000000	1.55818   	14000.000000	1.52569   	14000.000000	1.55817   	14000.000000	2.62644   	14000.000000	1.52189e-05	
15000.000000	3.35561   	15000.000000	2.74496   	15000.000000	1.57075   	15000.000000	1.53846   	15000.000000	1.57071   	15000.000000	2.74495   	15000.000000	1.42651e-05	
16000.000000	3.59197   	16000.000000	2.86332   	16000.000000	1.58259   	16000.000000	1.55052   	16000.000000	1.58254   	16000.000000	2.8633    	16000.000000	1.34269e-05	
17000.000000	3.83591   	17000.000000	2.9815    	17000.000000	1.59377   	17000.000000	1.56194   	17000.000000	1.59372   	17000.000000	2.98149   	17000.000000	1.26842e-05	
18000.000000	4.08744   	18000.000000	3.09951   	18000.000000	1.60435   	18000.000000	1.57279   	18000.000000	1.60431   	18000.000000	3.0995    	18000.000000	1.20215e-05	
19000.000000	4.34654   	19000.000000	3.21733   	19000.000000	1.6144    	19000.000000	1.58312   	19000.000000	1.61437   	19000.000000	3.21732   	19000.000000	1.14264e-05	
20000.000000	4.61323   	20000.000000	3.33496   	20000.000000	1.62398   	20000.000000	1.59297   	20000.000000	1.62394   	20000.000000	3.33495   	20000.000000	1.0889e-05	
21000.000000	4.88751   	21000.000000	3.45238   	21000.000000	1.63311   	21000.000000	1.60239   	21000.000000	1.63306   	21000.000000	3.45237   	21000.000000	1.04011e-05	
22000.000000	5.1694    	22000.000000	3.56961   	22000.000000	1.64182   	22000.000000	1.6114    	22000.000000	1.64178   	22000.000000	3.5696    	22000.000000	9.95631e-06	
23000.000000	5.45892   	23000.000000	3.68665   	23000.000000	1.65016   	23000.000000	1.62005   	23000.000000	1.65012   	23000.000000	3.68664   	23000.000000	9.54897e-06	
24000.000000	5.75608   	24000.000000	3.80348   	24000.000000	1.65815   	24000.000000	1.62836   	24000.000000	1.6581    	24000.000000	3.80347   	24000.000000	9.17453e-06	
25000.000000	6.06093   	25000.000000	3.92013   	25000.000000	1.66579   	25000.000000	1.63636   	25000.000000	1.66577   	25000.000000	3.92012   	25000.000000	8.82914e-06	
26000.000000	6.37349   	26000.000000	4.03659   	26000.000000	1.67312   	26000.000000	1.64406   	26000.000000	1.67312   	26000.000000	4.03658   	26000.000000	8.50949e-06	
27000.000000	6.69378   	27000.000000	4.15286   	27000.000000	1.6802    	27000.000000	1.65149   	27000.000000	1.68021   	27000.000000	4.15285   	27000.000000	8.2128e-06	
28000.000000	7.02183   	28000.000000	4.26895   	28000.000000	1.68701   	28000.000000	1.65867   	28000.000000	1.68701   	28000.000000	4.26894   	28000.000000	7.93665e-06	
29000.000000	7.35769   	29000.000000	4.38486   	29000.000000	1.69359   	29000.000000	1.66561   	29000.000000	1.69359   	29000.000000	4.38485   	29000.000000	7.67897e-06	
30000.000000	7.70139   	30000.000000	4.5006    	30000.000000	1.69994   	30000.000000	1.67233   	30000.000000	1.69992   	30000.000000	4.50059   	30000.000000	7.43794e-06	
32000.000000	8.41243   	32000.000000	4.73156   	32000.000000	1.71199   	32000.000000	1.68516   	32000.000000	1.71196   	32000.000000	4.73155   	32000.000000	6.99972e-06	
34000.000000	9.15526   	34000.000000	4.96188   	34000.000000	1.72323   	34000.000000	1.69725   	34000.000000	1.72321   	34000.000000	4.96187   	34000.000000	6.61154e-06	
36000.000000	9.93018   	36000.000000	5.19157   	36000.000000	1.73377   	36000.000000	1.70868   	36000.000000	1.73376   	36000.000000	5.19156   	36000.000000	6.26522e-06	
38000.000000	10.7375   	38000.000000	5.42066   	38000.000000	1.74369   	38000.000000	1.71951   	38000.000000	1.7437    	38000.000000	5.42066   	38000.000000	5.95428e-06	
40000.000000	11.5776   	40000.000000	5.64919   	40000.000000	1.75305   	40000.000000	1.72982   	40000.000000	1.75307   	40000.000000	5.64918   	40000.000000	5.67351e-06	
42000.000000	12.4508   	42000.000000	5.87717   	42000.000000	1.76191   	42000.000000	1.73963   	42000.000000	1.76192   	42000.000000	5.87717   	42000.000000	5.4187e-06	
44000.000000	13.3574   	44000.000000	6.10463   	44000.000000	1.77031   	44000.000000	1.74901   	44000.000000	1.77031   	44000.000000	6.10463   	44000.000000	5.18637e-06	
46000.000000	14.2978   	46000.000000	6.33159   	46000.000000	1.77831   	46000.000000	1.75799   	46000.000000	1.77825   	46000.000000	6.33159   	46000.000000	4.97365e-06	
48000.000000	15.2723   	48000.000000	6.55807   	48000.000000	1.78594   	48000.000000	1.76659   	48000.000000	1.78581   	48000.000000	6.55807   	48000.000000	4.77813e-06	
50000.000000	16.2813   	50000.000000	6.78409   	50000.000000	1.79317   	50000.000000	1.77485   	50000.000000	1.79299   	50000.000000	6.78409   	50000.000000	4.5978e-06	
