! 64Co energy loss (dE/dX) in He
! apply ZOOM for details
Energy (MeV/u)1	0 - [He-base] F.Hubert et al, AD&ND Tables 46(1990)1	Energy (MeV/u)2	1 - [H -base] J.F.Ziegler et al,Pergamon Press,NY(low energy)	Energy (MeV/u)3	2 - ATIMA 1.2 LS-theory (recommended for high energy)	Energy (MeV/u)4	3 - ATIMA 1.2 without LS-correction	Energy (MeV/u)5	4 - ATIMA 1.4 H.Weick, improved mean charge formula for HI	Energy (MeV/u)6	5 - electrical component of [1] - J.F.Ziegler et al	Energy (MeV/u)7	6 - nuclear component of [1] - J.F.Ziegler et al	
0.001000	7.67332   	0.001000	8.78084   	0.001000	7.72024   	0.001000	7.72024   	0.001000	7.72074   	0.001000	2.22114   	0.001000	6.5597    	
0.002000	7.76263   	0.002000	8.57492   	0.002000	7.33563   	0.002000	7.33563   	0.002000	7.33601   	0.002000	2.88046   	0.002000	5.69446   	
0.005000	7.86452   	0.005000	8.14307   	0.005000	6.67635   	0.005000	6.67635   	0.005000	6.67657   	0.005000	4.06152   	0.005000	4.08155   	
0.008000	8.11157   	0.008000	8.0909    	0.008000	6.52872   	0.008000	6.52872   	0.008000	6.52887   	0.008000	4.84433   	0.008000	3.24656   	
0.010000	8.30894   	0.010000	8.14514   	0.010000	6.54753   	0.010000	6.54753   	0.010000	6.54766   	0.010000	5.26715   	0.010000	2.87799   	
0.015000	8.82859   	0.015000	8.40489   	0.015000	6.767     	0.015000	6.767     	0.015000	6.7671    	0.015000	6.1321    	0.015000	2.27278   	
0.020000	9.33838   	0.020000	8.73014   	0.020000	7.08896   	0.020000	7.08896   	0.020000	7.08904   	0.020000	6.83064   	0.020000	1.8995    	
0.025000	10.0986   	0.025000	9.06963   	0.025000	7.4448    	0.025000	7.4448    	0.025000	7.44486   	0.025000	7.42682   	0.025000	1.64281   	
0.030000	10.8608   	0.030000	9.40625   	0.030000	7.80964   	0.030000	7.80964   	0.030000	7.8097    	0.030000	7.95236   	0.030000	1.45389   	
0.035000	11.5325   	0.035000	9.88129   	0.035000	8.27255   	0.035000	8.27255   	0.035000	8.2726    	0.035000	8.57309   	0.035000	1.3082    	
0.040000	12.1026   	0.040000	10.878    	0.040000	9.13982   	0.040000	9.13982   	0.040000	9.13986   	0.040000	9.68602   	0.040000	1.19195   	
0.045000	12.5575   	0.045000	11.7923   	0.045000	10.0236   	0.045000	10.0236   	0.045000	10.0236   	0.045000	10.7058   	0.045000	1.08646   	
0.050000	12.9135   	0.050000	12.6585   	0.050000	10.9363   	0.050000	10.9363   	0.050000	10.9363   	0.050000	11.6506   	0.050000	1.00785   	
0.055000	13.5567   	0.055000	13.4802   	0.055000	11.8593   	0.055000	11.8593   	0.055000	11.8594   	0.055000	12.5393   	0.055000	0.940925  	
0.060000	14.1386   	0.060000	14.2701   	0.060000	12.7871   	0.060000	12.7871   	0.060000	12.7872   	0.060000	13.3869   	0.060000	0.883185  	
0.070000	15.1255   	0.070000	15.7854   	0.070000	14.6391   	0.070000	14.6391   	0.070000	14.6391   	0.070000	14.997    	0.070000	0.788403  	
0.080000	16.2143   	0.080000	17.2367   	0.080000	16.4629   	0.080000	16.4629   	0.080000	16.4629   	0.080000	16.5231   	0.080000	0.713644  	
0.090000	17.3237   	0.090000	18.6301   	0.090000	18.2375   	0.090000	18.2375   	0.090000	18.2375   	0.090000	17.9771   	0.090000	0.653003  	
0.100000	18.5513   	0.100000	20.0896   	0.100000	19.9475   	0.100000	19.9475   	0.100000	19.9476   	0.100000	19.4869   	0.100000	0.60272   	
0.120000	20.2028   	0.120000	23.6416   	0.120000	23.1351   	0.120000	23.1351   	0.120000	23.1352   	0.120000	23.1177   	0.120000	0.523923  	
0.140000	21.5438   	0.140000	26.7974   	0.140000	25.9799   	0.140000	25.9799   	0.140000	25.9799   	0.140000	26.3326   	0.140000	0.464771  	
0.160000	22.7286   	0.160000	29.5683   	0.160000	28.4742   	0.160000	28.4742   	0.160000	28.4742   	0.160000	29.1497   	0.160000	0.41857   	
0.180000	23.8418   	0.180000	31.9902   	0.180000	30.6338   	0.180000	30.6338   	0.180000	30.6339   	0.180000	31.6088   	0.180000	0.381389  	
0.200000	24.9244   	0.200000	34.1061   	0.200000	32.4877   	0.200000	32.4877   	0.200000	32.4877   	0.200000	33.7553   	0.200000	0.350758  	
0.250000	27.1643   	0.250000	38.9057   	0.250000	36.0139   	0.250000	36.0139   	0.250000	36.0139   	0.250000	38.6124   	0.250000	0.293329  	
0.300000	29.1341   	0.300000	42.6131   	0.300000	38.374    	0.300000	38.374    	0.300000	38.3741   	0.300000	42.36     	0.300000	0.253103  	
0.350000	30.8363   	0.350000	45.3605   	0.350000	40.593    	0.350000	40.593    	0.350000	40.5931   	0.350000	45.1373   	0.350000	0.223223  	
0.400000	32.3262   	0.400000	47.4214   	0.400000	42.4959   	0.400000	42.4959   	0.400000	42.4959   	0.400000	47.2213   	0.400000	0.200078  	
0.450000	34.253    	0.450000	49.9178   	0.450000	43.9039   	0.450000	43.9039   	0.450000	43.9039   	0.450000	49.7363   	0.450000	0.181578  	
0.500000	35.8908   	0.500000	52.0948   	0.500000	44.9716   	0.500000	44.9716   	0.500000	44.9716   	0.500000	51.9284   	0.500000	0.166424  	
0.600000	37.1709   	0.600000	55.2305   	0.600000	46.4514   	0.600000	46.4514   	0.600000	46.4514   	0.600000	55.0875   	0.600000	0.143018  	
0.700000	37.5782   	0.700000	57.2256   	0.700000	47.3891   	0.700000	47.3891   	0.700000	47.3891   	0.700000	57.0999   	0.700000	0.125725  	
0.800000	38.6056   	0.800000	58.0359   	0.800000	47.9913   	0.800000	47.9913   	0.800000	47.9913   	0.800000	57.9235   	0.800000	0.112389  	
0.900000	39.2685   	0.900000	58.2782   	0.900000	48.3635   	0.900000	48.3635   	0.900000	48.3635   	0.900000	58.1765   	0.900000	0.101766  	
1.000000	39.6955   	1.000000	58.2418   	1.000000	48.5672   	1.000000	48.5672   	1.000000	48.5673   	1.000000	58.1487   	1.000000	0.0930915 	
1.250000	39.8929   	1.250000	57.349    	1.250000	48.5732   	1.250000	48.5732   	1.250000	48.5733   	1.250000	57.2719   	1.250000	0.0770176 	
1.500000	38.9851   	1.500000	55.0074   	1.500000	48.1247   	1.500000	48.1247   	1.500000	48.1247   	1.500000	54.9415   	1.500000	0.0659138 	
1.750000	38.0066   	1.750000	52.8896   	1.750000	47.4178   	1.750000	47.4178   	1.750000	47.4178   	1.750000	52.8318   	1.750000	0.0577531 	
2.000000	37.0111   	2.000000	50.9614   	2.000000	46.5657   	2.000000	46.5657   	2.000000	46.5657   	2.000000	50.9099   	2.000000	0.0514856 	
2.250000	35.9873   	2.250000	49.0535   	2.250000	45.4512   	2.250000	45.4512   	2.250000	45.4513   	2.250000	49.007    	2.250000	0.0465111 	
2.500000	42.4116   	2.500000	47.2926   	2.500000	44.2974   	2.500000	44.2974   	2.500000	44.2974   	2.500000	47.2501   	2.500000	0.0424607 	
3.000000	40.0961   	3.000000	44.2653   	3.000000	42.1533   	3.000000	42.1533   	3.000000	42.1533   	3.000000	44.229    	3.000000	0.0362501 	
3.500000	37.925    	3.500000	41.7123   	3.500000	40.2034   	3.500000	40.2034   	3.500000	40.2034   	3.500000	41.6806   	3.500000	0.0316993 	
4.000000	35.9376   	4.000000	39.4656   	4.000000	38.4248   	4.000000	38.4248   	4.000000	38.4248   	4.000000	39.4374   	4.000000	0.0282127 	
4.500000	34.1333   	4.500000	37.5005   	4.500000	36.7975   	4.500000	36.7975   	4.500000	36.7976   	4.500000	37.475    	4.500000	0.025451  	
5.000000	32.4984   	5.000000	35.7477   	5.000000	35.3042   	5.000000	35.3042   	5.000000	35.3042   	5.000000	35.7245   	5.000000	0.0232063 	
5.500000	31.0152   	5.500000	34.1741   	5.500000	33.9295   	5.500000	33.9295   	5.500000	33.9295   	5.500000	34.1528   	5.500000	0.0213436 	
6.000000	29.6662   	6.000000	32.753    	6.000000	32.6601   	6.000000	32.6601   	6.000000	32.6601   	6.000000	32.7332   	6.000000	0.0197717 	
6.500000	28.4355   	6.500000	31.4594   	6.500000	31.4844   	6.500000	31.4844   	6.500000	31.4844   	6.500000	31.441    	6.500000	0.0184263 	
7.000000	27.3091   	7.000000	30.2743   	7.000000	30.3924   	7.000000	30.3924   	7.000000	30.3925   	7.000000	30.2571   	7.000000	0.017261  	
7.500000	26.2745   	7.500000	29.1803   	7.500000	29.3755   	7.500000	29.3755   	7.500000	29.3756   	7.500000	29.1641   	7.500000	0.0162414 	
8.000000	25.3212   	8.000000	28.1662   	8.000000	28.4261   	8.000000	28.4261   	8.000000	28.4262   	8.000000	28.1509   	8.000000	0.0153413 	
8.500000	24.4402   	8.500000	27.223    	8.500000	27.5377   	8.500000	27.5377   	8.500000	27.5377   	8.500000	27.2084   	8.500000	0.0145405 	
9.000000	23.6235   	9.000000	26.3429   	9.000000	26.7044   	9.000000	26.7044   	9.000000	26.7044   	9.000000	26.329    	9.000000	0.0138233 	
9.500000	22.8642   	9.500000	25.519    	9.500000	25.9212   	9.500000	25.9212   	9.500000	25.9212   	9.500000	25.5058   	9.500000	0.0131768 	
10.000000	22.1566   	10.000000	23.7163   	10.000000	25.1836   	10.000000	25.1836   	10.000000	25.1836   	10.000000	23.7037   	10.000000	0.0125911 	
11.000000	20.8764   	11.000000	22.6677   	11.000000	23.7038   	11.000000	23.8617   	11.000000	23.9073   	11.000000	22.6562   	11.000000	0.01157   	
12.000000	19.7489   	12.000000	21.7022   	12.000000	22.3994   	12.000000	22.6815   	12.000000	22.7521   	12.000000	21.6915   	12.000000	0.0107091 	
13.000000	18.7479   	13.000000	20.8128   	13.000000	21.2416   	13.000000	21.6218   	13.000000	21.7034   	13.000000	20.8028   	13.000000	0.00997312	
14.000000	17.853    	14.000000	19.9926   	14.000000	20.208    	14.000000	20.6658   	14.000000	20.7488   	14.000000	19.9833   	14.000000	0.0093362 	
15.000000	17.0478   	15.000000	19.2348   	15.000000	19.2804   	15.000000	19.7992   	15.000000	19.8772   	15.000000	19.226    	15.000000	0.00877935	
16.000000	16.3193   	16.000000	18.5332   	16.000000	18.4439   	16.000000	19.0106   	16.000000	19.0793   	16.000000	18.5249   	16.000000	0.00828813	
17.000000	15.6568   	17.000000	17.8822   	17.000000	17.686    	17.000000	18.2903   	17.000000	18.3472   	17.000000	17.8744   	17.000000	0.00785142	
18.000000	15.0516   	18.000000	17.2769   	18.000000	16.9965   	18.000000	17.6302   	18.000000	17.6728   	18.000000	17.2694   	18.000000	0.0074605 	
19.000000	14.4963   	19.000000	16.7127   	19.000000	16.3671   	19.000000	17.0233   	19.000000	17.0512   	19.000000	16.7056   	19.000000	0.0071084 	
20.000000	13.985    	20.000000	16.1858   	20.000000	15.7908   	20.000000	16.4639   	20.000000	16.4772   	20.000000	16.179    	20.000000	0.00678953	
21.000000	13.5125   	21.000000	15.6927   	21.000000	15.2618   	21.000000	15.9469   	21.000000	15.9446   	21.000000	15.6862   	21.000000	0.00649934	
22.000000	13.0744   	22.000000	15.2304   	22.000000	14.7754   	22.000000	15.468    	22.000000	15.4513   	22.000000	15.2241   	22.000000	0.00623405	
23.000000	12.6671   	23.000000	14.796    	23.000000	14.3266   	23.000000	15.0234   	23.000000	14.9924   	23.000000	14.79     	23.000000	0.00599055	
24.000000	12.2873   	24.000000	14.3871   	24.000000	13.9109   	24.000000	14.6099   	24.000000	14.5655   	24.000000	14.3814   	24.000000	0.00576622	
25.000000	11.9323   	25.000000	14.0017   	25.000000	13.5252   	25.000000	14.2246   	25.000000	14.1674   	25.000000	13.9961   	25.000000	0.00555885	
27.000000	11.2874   	27.000000	13.2935   	27.000000	12.8356   	27.000000	13.5288   	27.000000	13.4484   	27.000000	13.2883   	27.000000	0.00518771	
29.000000	10.7165   	29.000000	12.6583   	29.000000	12.2379   	29.000000	12.9191   	29.000000	12.8189   	29.000000	12.6534   	29.000000	0.00486506	
31.000000	10.2074   	31.000000	12.0853   	31.000000	11.7081   	31.000000	12.3429   	31.000000	12.2317   	31.000000	12.0807   	31.000000	0.00458185	
33.000000	9.75023   	33.000000	11.5659   	33.000000	11.2239   	33.000000	11.7882   	33.000000	11.6751   	33.000000	11.5616   	33.000000	0.00433116	
35.000000	9.33739   	35.000000	11.093    	35.000000	10.7814   	35.000000	11.2853   	35.000000	11.1727   	35.000000	11.0889   	35.000000	0.00410763	
38.000000	8.78781   	38.000000	10.4579   	38.000000	10.1861   	38.000000	10.6134   	38.000000	10.5045   	38.000000	10.4541   	38.000000	0.00381419	
41.000000	8.30746   	41.000000	9.89804   	41.000000	9.65941   	41.000000	10.024    	41.000000	9.921     	41.000000	9.89448   	41.000000	0.00356152	
44.000000	7.8838    	44.000000	9.40075   	44.000000	9.18929   	44.000000	9.50292   	44.000000	9.40696   	44.000000	9.39741   	44.000000	0.00334156	
47.000000	7.50717   	47.000000	8.95613   	47.000000	8.76796   	47.000000	9.03884   	47.000000	8.95059   	47.000000	8.95299   	47.000000	0.00314827	
50.000000	7.17      	50.000000	8.55625   	50.000000	8.38837   	50.000000	8.6229    	50.000000	8.54267   	50.000000	8.55327   	50.000000	0.00297702	
55.000000	6.67995   	55.000000	7.9723    	55.000000	7.83285   	55.000000	8.01795   	55.000000	7.95057   	55.000000	7.96957   	55.000000	0.00273108	
60.000000	6.26215   	60.000000	7.47225   	60.000000	7.35461   	60.000000	7.5022    	60.000000	7.44686   	60.000000	7.46972   	60.000000	0.00252416	
65.000000	5.90145   	65.000000	7.03924   	65.000000	6.94052   	65.000000	7.05727   	65.000000	7.01285   	65.000000	7.0369    	65.000000	0.00234754	
70.000000	5.58666   	70.000000	6.66066   	70.000000	6.57656   	70.000000	6.66951   	70.000000	6.63488   	70.000000	6.65847   	70.000000	0.00219495	
75.000000	5.30939   	75.000000	6.32686   	75.000000	6.25515   	75.000000	6.32857   	75.000000	6.30267   	75.000000	6.32479   	75.000000	0.00206173	
80.000000	5.06317   	80.000000	6.03033   	80.000000	5.96992   	80.000000	6.02644   	80.000000	6.00836   	80.000000	6.02839   	80.000000	0.00194437	
85.000000	4.84296   	85.000000	5.76517   	85.000000	5.71346   	85.000000	5.75686   	85.000000	5.74555   	85.000000	5.76333   	85.000000	0.00184017	
90.000000	4.64477   	90.000000	5.52666   	90.000000	5.48285   	90.000000	5.51483   	90.000000	5.50945   	90.000000	5.52491   	90.000000	0.00174699	
95.000000	4.46537   	95.000000	5.31097   	95.000000	5.27376   	95.000000	5.29634   	95.000000	5.29635   	95.000000	5.30931   	95.000000	0.00166315	
100.000000	4.30217   	100.000000	5.11497   	100.000000	5.08386   	100.000000	5.09811   	100.000000	5.10287   	100.000000	5.11339   	100.000000	0.0015873 	
105.000000	4.15302   	105.000000	4.9361    	105.000000	4.91008   	105.000000	4.91744   	105.000000	4.92632   	105.000000	4.93458   	105.000000	0.00151834	
110.000000	4.01613   	110.000000	4.77219   	110.000000	4.75089   	110.000000	4.7521    	110.000000	4.76484   	110.000000	4.77074   	110.000000	0.00145535	
115.000000	3.89002   	115.000000	4.62145   	115.000000	4.6042    	115.000000	4.60023   	115.000000	4.61616   	115.000000	4.62005   	115.000000	0.00139759	
120.000000	3.77344   	120.000000	4.48235   	120.000000	4.46866   	120.000000	4.46023   	120.000000	4.47921   	120.000000	4.48101   	120.000000	0.00134441	
125.000000	3.66532   	125.000000	4.3536    	125.000000	4.34334   	125.000000	4.33078   	125.000000	4.35233   	125.000000	4.3523    	125.000000	0.00129529	
130.000000	3.56475   	130.000000	4.23408   	130.000000	4.22697   	130.000000	4.21071   	130.000000	4.23471   	130.000000	4.23283   	130.000000	0.00124977	
135.000000	3.47095   	135.000000	4.12283   	135.000000	4.11837   	135.000000	4.09906   	135.000000	4.12511   	135.000000	4.12162   	135.000000	0.00120747	
140.000000	3.38324   	140.000000	4.01903   	140.000000	4.01703   	140.000000	3.99497   	140.000000	4.02303   	140.000000	4.01786   	140.000000	0.00116805	
145.000000	3.30104   	145.000000	3.92195   	145.000000	3.92222   	145.000000	3.89769   	145.000000	3.92737   	145.000000	3.92081   	145.000000	0.00113122	
150.000000	3.22381   	150.000000	3.83095   	150.000000	3.83311   	150.000000	3.80658   	150.000000	3.83786   	150.000000	3.82986   	150.000000	0.00109673	
155.000000	3.11434   	155.000000	3.7455    	155.000000	3.74943   	155.000000	3.72108   	155.000000	3.75372   	155.000000	3.74444   	155.000000	0.00106437	
160.000000	3.05053   	160.000000	3.66509   	160.000000	3.67074   	160.000000	3.64068   	160.000000	3.67457   	160.000000	3.66406   	160.000000	0.00103394	
165.000000	2.99029   	165.000000	3.5893    	165.000000	3.59656   	165.000000	3.56494   	165.000000	3.60004   	165.000000	3.58829   	165.000000	0.00100526	
170.000000	2.93333   	170.000000	3.51773   	170.000000	3.52658   	170.000000	3.49347   	170.000000	3.52953   	170.000000	3.51675   	170.000000	0.000978198	
175.000000	2.87939   	175.000000	3.45005   	175.000000	3.46035   	175.000000	3.42592   	175.000000	3.46293   	175.000000	3.44909   	175.000000	0.000952611	
180.000000	2.82822   	180.000000	3.38594   	180.000000	3.39747   	180.000000	3.36198   	180.000000	3.39987   	180.000000	3.38501   	180.000000	0.00092838	
185.000000	2.77962   	185.000000	3.32514   	185.000000	3.33778   	185.000000	3.30136   	185.000000	3.33998   	185.000000	3.32423   	185.000000	0.0009054 	
190.000000	2.7334    	190.000000	3.26739   	190.000000	3.28113   	190.000000	3.24383   	190.000000	3.28317   	190.000000	3.26651   	190.000000	0.000883574	
195.000000	2.68939   	195.000000	3.21247   	195.000000	3.22728   	195.000000	3.18915   	195.000000	3.22915   	195.000000	3.21161   	195.000000	0.000862817	
200.000000	2.64742   	200.000000	3.16018   	200.000000	3.176     	200.000000	3.13711   	200.000000	3.17764   	200.000000	3.15934   	200.000000	0.000843051	
210.000000	2.56908   	210.000000	3.06277   	210.000000	3.08056   	210.000000	3.04024   	210.000000	3.08185   	210.000000	3.06197   	210.000000	0.000806217	
220.000000	2.49741   	220.000000	2.97388   	220.000000	2.99321   	220.000000	2.95194   	220.000000	2.99432   	220.000000	2.97311   	220.000000	0.000772585	
230.000000	2.43157   	230.000000	2.89245   	230.000000	2.91316   	230.000000	2.87114   	230.000000	2.91424   	230.000000	2.89171   	230.000000	0.000741749	
240.000000	2.37089   	240.000000	2.81758   	240.000000	2.83963   	240.000000	2.79691   	240.000000	2.84056   	240.000000	2.81687   	240.000000	0.00071337	
250.000000	2.31477   	250.000000	2.74852   	250.000000	2.77184   	250.000000	2.72852   	250.000000	2.77266   	250.000000	2.74783   	250.000000	0.000687163	
260.000000	2.26272   	260.000000	2.68462   	260.000000	2.70915   	260.000000	2.6653    	260.000000	2.70981   	260.000000	2.68395   	260.000000	0.000662883	
270.000000	2.21432   	270.000000	2.62533   	270.000000	2.65103   	270.000000	2.6067    	270.000000	2.65156   	270.000000	2.62469   	270.000000	0.000640325	
280.000000	2.16918   	280.000000	2.57018   	280.000000	2.59699   	280.000000	2.55225   	280.000000	2.59734   	280.000000	2.56956   	280.000000	0.000619307	
290.000000	2.127     	290.000000	2.51875   	290.000000	2.54647   	290.000000	2.50152   	290.000000	2.54686   	290.000000	2.51815   	290.000000	0.000599676	
300.000000	2.0875    	300.000000	2.47069   	300.000000	2.4992    	300.000000	2.45415   	300.000000	2.49962   	300.000000	2.4701    	300.000000	0.000581298	
310.000000	2.05042   	310.000000	2.42567   	310.000000	2.45506   	310.000000	2.40984   	310.000000	2.45545   	310.000000	2.42511   	310.000000	0.000564054	
320.000000	2.01556   	320.000000	2.38344   	320.000000	2.41381   	320.000000	2.36829   	320.000000	2.41401   	320.000000	2.38289   	320.000000	0.000547841	
330.000000	1.98272   	330.000000	2.34373   	330.000000	2.37495   	330.000000	2.32928   	330.000000	2.37506   	330.000000	2.3432    	330.000000	0.000532569	
340.000000	1.95174   	340.000000	2.30635   	340.000000	2.33829   	340.000000	2.29258   	340.000000	2.33843   	340.000000	2.30583   	340.000000	0.000518157	
350.000000	1.92246   	350.000000	2.27108   	350.000000	2.30379   	350.000000	2.25799   	350.000000	2.30385   	350.000000	2.27058   	350.000000	0.000504533	
360.000000	1.89475   	360.000000	2.23777   	360.000000	2.27113   	360.000000	2.22535   	360.000000	2.27123   	360.000000	2.23728   	360.000000	0.000491633	
370.000000	1.86849   	370.000000	2.20626   	370.000000	2.24017   	370.000000	2.1945    	370.000000	2.24041   	370.000000	2.20578   	370.000000	0.000479402	
380.000000	1.84357   	380.000000	2.17641   	380.000000	2.21095   	380.000000	2.16531   	380.000000	2.21118   	380.000000	2.17594   	380.000000	0.000467786	
390.000000	1.81989   	390.000000	2.1481    	390.000000	2.18334   	390.000000	2.13765   	390.000000	2.18349   	390.000000	2.14764   	390.000000	0.000456741	
400.000000	1.79737   	400.000000	2.12122   	400.000000	2.15715   	400.000000	2.11141   	400.000000	2.15724   	400.000000	2.12077   	400.000000	0.000446224	
410.000000	1.77592   	410.000000	2.09566   	410.000000	2.13222   	410.000000	2.08648   	410.000000	2.13225   	410.000000	2.09522   	410.000000	0.000436199	
420.000000	1.75548   	420.000000	2.07134   	420.000000	2.10842   	420.000000	2.06278   	420.000000	2.1085    	420.000000	2.07091   	420.000000	0.000426631	
430.000000	1.73597   	430.000000	2.04816   	430.000000	2.08576   	430.000000	2.04021   	430.000000	2.0859    	430.000000	2.04775   	430.000000	0.00041749	
440.000000	1.71734   	440.000000	2.02607   	440.000000	2.06425   	440.000000	2.01872   	440.000000	2.06435   	440.000000	2.02566   	440.000000	0.000408746	
450.000000	1.69953   	450.000000	2.00497   	450.000000	2.04377   	450.000000	1.99822   	450.000000	2.04377   	450.000000	2.00457   	450.000000	0.000400375	
460.000000	1.68249   	460.000000	1.98482   	460.000000	2.02415   	460.000000	1.97865   	460.000000	2.02414   	460.000000	1.98443   	460.000000	0.000392352	
470.000000	1.66618   	470.000000	1.96555   	470.000000	2.00535   	470.000000	1.95995   	470.000000	2.0054    	470.000000	1.96517   	470.000000	0.000384656	
480.000000	1.65054   	480.000000	1.94712   	480.000000	1.98737   	480.000000	1.94207   	480.000000	1.98744   	480.000000	1.94674   	480.000000	0.000377268	
490.000000	1.63555   	490.000000	1.92946   	490.000000	1.97018   	490.000000	1.92496   	490.000000	1.97025   	490.000000	1.92909   	490.000000	0.000370168	
500.000000	1.62116   	500.000000	1.91253   	500.000000	1.95371   	500.000000	1.90858   	500.000000	1.9538    	500.000000	1.91217   	500.000000	0.000363341	
520.000000	1.59407   	520.000000	1.88073   	520.000000	1.92277   	520.000000	1.87783   	520.000000	1.92291   	520.000000	1.88038   	520.000000	0.000350441	
540.000000	1.56902   	540.000000	1.8514    	540.000000	1.89438   	540.000000	1.8495    	540.000000	1.89443   	540.000000	1.85106   	540.000000	0.000338458	
560.000000	1.54582   	560.000000	1.82429   	560.000000	1.8682    	560.000000	1.82336   	560.000000	1.86814   	560.000000	1.82396   	560.000000	0.000327296	
580.000000	1.52427   	580.000000	1.79917   	580.000000	1.84385   	580.000000	1.79917   	580.000000	1.84379   	580.000000	1.79886   	580.000000	0.000316872	
600.000000	1.50423   	600.000000	1.77586   	600.000000	1.82128   	600.000000	1.77673   	600.000000	1.82123   	600.000000	1.77555   	600.000000	0.000307115	
620.000000	1.48555   	620.000000	1.75417   	620.000000	1.80029   	620.000000	1.75589   	620.000000	1.80022   	620.000000	1.75387   	620.000000	0.000297962	
640.000000	1.46812   	640.000000	1.73397   	640.000000	1.78066   	640.000000	1.73649   	640.000000	1.78068   	640.000000	1.73368   	640.000000	0.000289358	
660.000000	1.45182   	660.000000	1.71512   	660.000000	1.76236   	660.000000	1.7184    	660.000000	1.76246   	660.000000	1.71484   	660.000000	0.000281254	
680.000000	1.43657   	680.000000	1.6975    	680.000000	1.74534   	680.000000	1.70151   	680.000000	1.74542   	680.000000	1.69723   	680.000000	0.000273607	
700.000000	1.42227   	700.000000	1.68102   	700.000000	1.72944   	700.000000	1.68571   	700.000000	1.72949   	700.000000	1.68075   	700.000000	0.00026638	
720.000000	1.40885   	720.000000	1.66558   	720.000000	1.71452   	720.000000	1.67091   	720.000000	1.71456   	720.000000	1.66532   	720.000000	0.000259538	
740.000000	1.39625   	740.000000	1.65109   	740.000000	1.70054   	740.000000	1.65704   	740.000000	1.70055   	740.000000	1.65084   	740.000000	0.000253052	
760.000000	1.38441   	760.000000	1.63749   	760.000000	1.68742   	760.000000	1.644     	760.000000	1.6874    	760.000000	1.63724   	760.000000	0.000246893	
780.000000	1.37326   	780.000000	1.6247    	780.000000	1.67506   	780.000000	1.63175   	780.000000	1.67503   	780.000000	1.62446   	780.000000	0.000241037	
800.000000	1.36277   	800.000000	1.61268   	800.000000	1.66339   	800.000000	1.62023   	800.000000	1.66338   	800.000000	1.61244   	800.000000	0.000235462	
820.000000	1.35288   	820.000000	1.60135   	820.000000	1.65237   	820.000000	1.60937   	820.000000	1.65241   	820.000000	1.60112   	820.000000	0.000230148	
840.000000	1.34355   	840.000000	1.59069   	840.000000	1.64199   	840.000000	1.59913   	840.000000	1.64206   	840.000000	1.59046   	840.000000	0.000225077	
860.000000	1.33475   	860.000000	1.58063   	860.000000	1.63223   	860.000000	1.58947   	860.000000	1.63229   	860.000000	1.58041   	860.000000	0.000220233	
880.000000	1.32644   	880.000000	1.57114   	880.000000	1.62303   	880.000000	1.58034   	880.000000	1.62306   	880.000000	1.57093   	880.000000	0.0002156 	
900.000000	1.3186    	900.000000	1.56219   	900.000000	1.61434   	900.000000	1.57171   	900.000000	1.61434   	900.000000	1.56198   	900.000000	0.000211165	
920.000000	1.31119   	920.000000	1.55373   	920.000000	1.60611   	920.000000	1.56355   	920.000000	1.60607   	920.000000	1.55352   	920.000000	0.000206915	
940.000000	1.30419   	940.000000	1.54574   	940.000000	1.59831   	940.000000	1.55582   	940.000000	1.59825   	940.000000	1.54554   	940.000000	0.000202838	
960.000000	1.29757   	960.000000	1.53819   	960.000000	1.5909    	960.000000	1.54851   	960.000000	1.59084   	960.000000	1.53799   	960.000000	0.000198925	
980.000000	1.29131   	980.000000	1.53105   	980.000000	1.58387   	980.000000	1.54157   	980.000000	1.58382   	980.000000	1.53086   	980.000000	0.000195165	
1000.000000	1.2854    	1000.000000	1.5243    	1000.000000	1.57718   	1000.000000	1.53499   	1000.000000	1.57715   	1000.000000	1.52411   	1000.000000	0.00019155	
1020.000000	1.27981   	1020.000000	1.51792   	1020.000000	1.57083   	1020.000000	1.52875   	1020.000000	1.57082   	1020.000000	1.51773   	1020.000000	0.000188071	
1040.000000	1.27452   	1040.000000	1.51188   	1040.000000	1.5648    	1040.000000	1.52282   	1040.000000	1.56482   	1040.000000	1.5117    	1040.000000	0.00018472	
1060.000000	1.26952   	1060.000000	1.50617   	1060.000000	1.55908   	1060.000000	1.5172    	1060.000000	1.55912   	1060.000000	1.50599   	1060.000000	0.000181491	
1080.000000	1.2648    	1080.000000	1.50077   	1080.000000	1.55364   	1080.000000	1.51185   	1080.000000	1.55369   	1080.000000	1.50059   	1080.000000	0.000178377	
1100.000000	1.26033   	1100.000000	1.49565   	1100.000000	1.54848   	1100.000000	1.50676   	1100.000000	1.54853   	1100.000000	1.49548   	1100.000000	0.000175371	
1120.000000	1.25612   	1120.000000	1.49082   	1120.000000	1.54359   	1120.000000	1.50193   	1120.000000	1.54362   	1120.000000	1.49065   	1120.000000	0.000172469	
1140.000000	1.25213   	1140.000000	1.48625   	1140.000000	1.53893   	1140.000000	1.49733   	1140.000000	1.53896   	1140.000000	1.48608   	1140.000000	0.000169665	
1160.000000	1.24837   	1160.000000	1.48192   	1160.000000	1.53451   	1160.000000	1.49296   	1160.000000	1.53451   	1160.000000	1.48176   	1160.000000	0.000166953	
1180.000000	1.24483   	1180.000000	1.47784   	1180.000000	1.53029   	1180.000000	1.48879   	1180.000000	1.53028   	1180.000000	1.47767   	1180.000000	0.00016433	
1200.000000	1.24148   	1200.000000	1.47397   	1200.000000	1.52627   	1200.000000	1.48483   	1200.000000	1.52625   	1200.000000	1.47381   	1200.000000	0.000161791	
1220.000000	1.23833   	1220.000000	1.47033   	1220.000000	1.52242   	1220.000000	1.48105   	1220.000000	1.52241   	1220.000000	1.47017   	1220.000000	0.000159331	
1240.000000	1.23537   	1240.000000	1.46688   	1240.000000	1.51876   	1240.000000	1.47745   	1240.000000	1.51876   	1240.000000	1.46673   	1240.000000	0.000156948	
1260.000000	1.23258   	1260.000000	1.46363   	1260.000000	1.51526   	1260.000000	1.47403   	1260.000000	1.51527   	1260.000000	1.46348   	1260.000000	0.000154638	
1280.000000	1.22996   	1280.000000	1.46057   	1280.000000	1.51192   	1280.000000	1.47076   	1280.000000	1.51195   	1280.000000	1.46042   	1280.000000	0.000152397	
1300.000000	1.2275    	1300.000000	1.45768   	1300.000000	1.50875   	1300.000000	1.46765   	1300.000000	1.50878   	1300.000000	1.45753   	1300.000000	0.000150223	
1320.000000	1.2252    	1320.000000	1.45497   	1320.000000	1.50573   	1320.000000	1.46469   	1320.000000	1.50576   	1320.000000	1.45482   	1320.000000	0.000148111	
1340.000000	1.22304   	1340.000000	1.45241   	1340.000000	1.50287   	1340.000000	1.46186   	1340.000000	1.50289   	1340.000000	1.45226   	1340.000000	0.000146061	
1360.000000	1.22103   	1360.000000	1.45001   	1360.000000	1.50014   	1360.000000	1.45917   	1360.000000	1.50014   	1360.000000	1.44987   	1360.000000	0.000144068	
1380.000000	1.21916   	1380.000000	1.44776   	1380.000000	1.49754   	1380.000000	1.4566    	1380.000000	1.49752   	1380.000000	1.44761   	1380.000000	0.000142131	
1400.000000	1.21741   	1400.000000	1.44565   	1400.000000	1.49506   	1400.000000	1.45416   	1400.000000	1.49503   	1400.000000	1.44551   	1400.000000	0.000140247	
1420.000000	1.21579   	1420.000000	1.44367   	1420.000000	1.4927    	1420.000000	1.45182   	1420.000000	1.49265   	1420.000000	1.44353   	1420.000000	0.000138414	
1440.000000	1.21429   	1440.000000	1.44183   	1440.000000	1.49044   	1440.000000	1.4496    	1440.000000	1.49038   	1440.000000	1.44169   	1440.000000	0.00013663	
1460.000000	1.21291   	1460.000000	1.44011   	1460.000000	1.48829   	1460.000000	1.44749   	1460.000000	1.48822   	1460.000000	1.43997   	1460.000000	0.000134893	
1480.000000	1.21164   	1480.000000	1.43851   	1480.000000	1.48623   	1480.000000	1.44547   	1480.000000	1.48616   	1480.000000	1.43837   	1480.000000	0.000133201	
1500.000000	1.21048   	1500.000000	1.43702   	1500.000000	1.48426   	1500.000000	1.44355   	1500.000000	1.48419   	1500.000000	1.43689   	1500.000000	0.000131553	
1520.000000	1.20942   	1520.000000	1.43565   	1520.000000	1.48238   	1520.000000	1.44172   	1520.000000	1.48232   	1520.000000	1.43552   	1520.000000	0.000129946	
1540.000000	1.20847   	1540.000000	1.43438   	1540.000000	1.48059   	1540.000000	1.43997   	1540.000000	1.48054   	1540.000000	1.43425   	1540.000000	0.000128379	
1560.000000	1.20761   	1560.000000	1.43322   	1560.000000	1.47889   	1560.000000	1.43831   	1560.000000	1.47884   	1560.000000	1.43309   	1560.000000	0.000126851	
1580.000000	1.20684   	1580.000000	1.43215   	1580.000000	1.47726   	1580.000000	1.43673   	1580.000000	1.47722   	1580.000000	1.43203   	1580.000000	0.000125361	
1600.000000	1.20616   	1600.000000	1.43118   	1600.000000	1.47571   	1600.000000	1.43523   	1600.000000	1.47568   	1600.000000	1.43106   	1600.000000	0.000123906	
1620.000000	1.20558   	1620.000000	1.4303    	1620.000000	1.47424   	1620.000000	1.4338    	1620.000000	1.47421   	1620.000000	1.43018   	1620.000000	0.000122485	
1640.000000	1.20507   	1640.000000	1.42951   	1640.000000	1.47284   	1640.000000	1.43244   	1640.000000	1.47282   	1640.000000	1.42939   	1640.000000	0.000121098	
1660.000000	1.20465   	1660.000000	1.4288    	1660.000000	1.47151   	1660.000000	1.43115   	1660.000000	1.47149   	1660.000000	1.42869   	1660.000000	0.000119743	
1680.000000	1.2043    	1680.000000	1.42818   	1680.000000	1.47025   	1680.000000	1.42993   	1680.000000	1.47023   	1680.000000	1.42806   	1680.000000	0.000118419	
1700.000000	1.20403   	1700.000000	1.42764   	1700.000000	1.46905   	1700.000000	1.42876   	1700.000000	1.46903   	1700.000000	1.42752   	1700.000000	0.000117125	
1750.000000	1.20368   	1750.000000	1.4266    	1750.000000	1.46631   	1750.000000	1.42611   	1750.000000	1.4663    	1750.000000	1.42649   	1750.000000	0.000114015	
1800.000000	1.20375   	1800.000000	1.42601   	1800.000000	1.46391   	1800.000000	1.42379   	1800.000000	1.4639    	1800.000000	1.4259    	1800.000000	0.000111071	
1850.000000	1.20422   	1850.000000	1.42582   	1850.000000	1.46183   	1850.000000	1.42178   	1850.000000	1.46183   	1850.000000	1.42571   	1850.000000	0.00010828	
1900.000000	1.20506   	1900.000000	1.426     	1900.000000	1.46003   	1900.000000	1.42005   	1900.000000	1.46002   	1900.000000	1.42589   	1900.000000	0.000105631	
1950.000000	1.20624   	1950.000000	1.42652   	1950.000000	1.45848   	1950.000000	1.41857   	1950.000000	1.45848   	1950.000000	1.42642   	1950.000000	0.000103112	
2000.000000	1.20774   	2000.000000	1.42737   	2000.000000	1.45717   	2000.000000	1.41732   	2000.000000	1.45717   	2000.000000	1.42727   	2000.000000	0.000100715	
2100.000000	1.21161   	2100.000000	1.42991   	2100.000000	1.45516   	2100.000000	1.41544   	2100.000000	1.45517   	2100.000000	1.42982   	2100.000000	9.625e-05 	
2200.000000	1.21652   	2200.000000	1.43348   	2200.000000	1.45387   	2200.000000	1.41426   	2200.000000	1.45389   	2200.000000	1.43339   	2200.000000	9.21764e-05	
2300.000000	1.22237   	2300.000000	1.43793   	2300.000000	1.45319   	2300.000000	1.41367   	2300.000000	1.4532    	2300.000000	1.43784   	2300.000000	8.84442e-05	
2400.000000	1.22904   	2400.000000	1.44316   	2400.000000	1.45301   	2400.000000	1.41358   	2400.000000	1.45303   	2400.000000	1.44307   	2400.000000	8.50118e-05	
2500.000000	1.23645   	2500.000000	1.44907   	2500.000000	1.45327   	2500.000000	1.41391   	2500.000000	1.45327   	2500.000000	1.44899   	2500.000000	8.18441e-05	
2600.000000	1.24453   	2600.000000	1.45558   	2600.000000	1.45389   	2600.000000	1.4146    	2600.000000	1.45389   	2600.000000	1.4555    	2600.000000	7.89112e-05	
2700.000000	1.25322   	2700.000000	1.46263   	2700.000000	1.45482   	2700.000000	1.41559   	2700.000000	1.45481   	2700.000000	1.46255   	2700.000000	7.61878e-05	
2800.000000	1.26246   	2800.000000	1.47015   	2800.000000	1.45601   	2800.000000	1.41684   	2800.000000	1.45601   	2800.000000	1.47008   	2800.000000	7.3652e-05	
2900.000000	1.2722    	2900.000000	1.4781    	2900.000000	1.45743   	2900.000000	1.41832   	2900.000000	1.45742   	2900.000000	1.47803   	2900.000000	7.12847e-05	
3000.000000	1.2824    	3000.000000	1.48643   	3000.000000	1.45903   	3000.000000	1.41998   	3000.000000	1.45903   	3000.000000	1.48636   	3000.000000	6.90696e-05	
3200.000000	1.30406   	3200.000000	1.5041    	3200.000000	1.46271   	3200.000000	1.42378   	3200.000000	1.46272   	3200.000000	1.50403   	3200.000000	6.50402e-05	
3400.000000	1.3272    	3400.000000	1.5229    	3400.000000	1.46688   	3400.000000	1.42804   	3400.000000	1.4669    	3400.000000	1.52283   	3400.000000	6.14685e-05	
3600.000000	1.35163   	3600.000000	1.54263   	3600.000000	1.4714    	3600.000000	1.43265   	3600.000000	1.47143   	3600.000000	1.54258   	3600.000000	5.82799e-05	
3800.000000	1.3772    	3800.000000	1.56316   	3800.000000	1.47617   	3800.000000	1.4375    	3800.000000	1.47621   	3800.000000	1.5631    	3800.000000	5.54153e-05	
4000.000000	1.4038    	4000.000000	1.58434   	4000.000000	1.48112   	4000.000000	1.44253   	4000.000000	1.48116   	4000.000000	1.58429   	4000.000000	5.28273e-05	
4200.000000	1.43132   	4200.000000	1.60608   	4200.000000	1.4862    	4200.000000	1.44766   	4200.000000	1.48624   	4200.000000	1.60603   	4200.000000	5.04773e-05	
4400.000000	1.45968   	4400.000000	1.6283    	4400.000000	1.49135   	4400.000000	1.45287   	4400.000000	1.49139   	4400.000000	1.62826   	4400.000000	4.83336e-05	
4600.000000	1.48882   	4600.000000	1.65094   	4600.000000	1.49654   	4600.000000	1.45811   	4600.000000	1.49658   	4600.000000	1.65089   	4600.000000	4.63699e-05	
4800.000000	1.51869   	4800.000000	1.67393   	4800.000000	1.50175   	4800.000000	1.46337   	4800.000000	1.50178   	4800.000000	1.67389   	4800.000000	4.45642e-05	
5000.000000	1.54922   	5000.000000	1.69723   	5000.000000	1.50695   	5000.000000	1.46861   	5000.000000	1.50698   	5000.000000	1.69719   	5000.000000	4.2898e-05	
5250.000000	1.58828   	5250.000000	1.72673   	5250.000000	1.51342   	5250.000000	1.47512   	5250.000000	1.51344   	5250.000000	1.72669   	5250.000000	4.09877e-05	
5500.000000	1.62825   	5500.000000	1.75659   	5500.000000	1.51983   	5500.000000	1.48158   	5500.000000	1.51984   	5500.000000	1.75655   	5500.000000	3.92451e-05	
6000.000000	1.71076   	6000.000000	1.81716   	6000.000000	1.53241   	6000.000000	1.49423   	6000.000000	1.53239   	6000.000000	1.81713   	6000.000000	3.61814e-05	
6500.000000	1.79641   	6500.000000	1.87864   	6500.000000	1.54459   	6500.000000	1.5065    	6500.000000	1.54456   	6500.000000	1.87861   	6500.000000	3.35737e-05	
7000.000000	1.88494   	7000.000000	1.94078   	7000.000000	1.55632   	7000.000000	1.51834   	7000.000000	1.5563    	7000.000000	1.94075   	7000.000000	3.13265e-05	
7500.000000	1.97617   	7500.000000	2.00343   	7500.000000	1.56759   	7500.000000	1.52974   	7500.000000	1.56762   	7500.000000	2.0034    	7500.000000	2.93692e-05	
8000.000000	2.06997   	8000.000000	2.06645   	8000.000000	1.57852   	8000.000000	1.54072   	8000.000000	1.5785    	8000.000000	2.06642   	8000.000000	2.76486e-05	
8500.000000	2.16622   	8500.000000	2.12975   	8500.000000	1.58901   	8500.000000	1.55128   	8500.000000	1.58896   	8500.000000	2.12972   	8500.000000	2.61239e-05	
9000.000000	2.26485   	9000.000000	2.19327   	9000.000000	1.59904   	9000.000000	1.56143   	9000.000000	1.59902   	9000.000000	2.19324   	9000.000000	2.47631e-05	
9500.000000	2.36578   	9500.000000	2.25694   	9500.000000	1.60869   	9500.000000	1.57121   	9500.000000	1.60871   	9500.000000	2.25692   	9500.000000	2.35409e-05	
10000.000000	2.46898   	10000.000000	2.32074   	10000.000000	1.61801   	10000.000000	1.58063   	10000.000000	1.61803   	10000.000000	2.32072   	10000.000000	2.24369e-05	
11000.000000	2.68197   	11000.000000	2.44855   	11000.000000	1.63567   	11000.000000	1.59848   	11000.000000	1.63567   	11000.000000	2.44853   	11000.000000	2.05207e-05	
12000.000000	2.90358   	12000.000000	2.5765    	12000.000000	1.6521    	12000.000000	1.61512   	12000.000000	1.6521    	12000.000000	2.57648   	12000.000000	1.8914e-05	
13000.000000	3.13364   	13000.000000	2.70447   	13000.000000	1.66744   	13000.000000	1.63069   	13000.000000	1.66744   	13000.000000	2.70445   	13000.000000	1.75468e-05	
14000.000000	3.37204   	14000.000000	2.83238   	14000.000000	1.68182   	14000.000000	1.64531   	14000.000000	1.68182   	14000.000000	2.83236   	14000.000000	1.6369e-05	
15000.000000	3.6187    	15000.000000	2.96017   	15000.000000	1.69535   	15000.000000	1.65908   	15000.000000	1.69534   	15000.000000	2.96016   	15000.000000	1.53432e-05	
16000.000000	3.87358   	16000.000000	3.08781   	16000.000000	1.70809   	16000.000000	1.67208   	16000.000000	1.70808   	16000.000000	3.08779   	16000.000000	1.44418e-05	
17000.000000	4.13666   	17000.000000	3.21526   	17000.000000	1.72013   	17000.000000	1.6844    	17000.000000	1.72013   	17000.000000	3.21525   	17000.000000	1.36431e-05	
18000.000000	4.4079    	18000.000000	3.34252   	18000.000000	1.73153   	18000.000000	1.6961    	18000.000000	1.73154   	18000.000000	3.34251   	18000.000000	1.29304e-05	
19000.000000	4.68732   	19000.000000	3.46958   	19000.000000	1.74236   	19000.000000	1.70724   	19000.000000	1.74238   	19000.000000	3.46957   	19000.000000	1.22904e-05	
20000.000000	4.97492   	20000.000000	3.59643   	20000.000000	1.75268   	20000.000000	1.71786   	20000.000000	1.75269   	20000.000000	3.59641   	20000.000000	1.17125e-05	
21000.000000	5.2707    	21000.000000	3.72306   	21000.000000	1.76253   	21000.000000	1.72802   	21000.000000	1.76252   	21000.000000	3.72305   	21000.000000	1.11878e-05	
22000.000000	5.57469   	22000.000000	3.84948   	22000.000000	1.77193   	22000.000000	1.73774   	22000.000000	1.7719    	22000.000000	3.84947   	22000.000000	1.07094e-05	
23000.000000	5.88691   	23000.000000	3.97569   	23000.000000	1.78093   	23000.000000	1.74707   	23000.000000	1.78089   	23000.000000	3.97568   	23000.000000	1.02714e-05	
24000.000000	6.20738   	24000.000000	4.10169   	24000.000000	1.78954   	24000.000000	1.75603   	24000.000000	1.78948   	24000.000000	4.10168   	24000.000000	9.86866e-06	
25000.000000	6.53612   	25000.000000	4.22748   	25000.000000	1.79779   	25000.000000	1.76465   	25000.000000	1.79774   	25000.000000	4.22747   	25000.000000	9.49719e-06	
26000.000000	6.87318   	26000.000000	4.35306   	26000.000000	1.8057    	26000.000000	1.77296   	26000.000000	1.80566   	26000.000000	4.35306   	26000.000000	9.15341e-06	
27000.000000	7.21858   	27000.000000	4.47845   	27000.000000	1.8133    	27000.000000	1.78097   	27000.000000	1.81328   	27000.000000	4.47844   	27000.000000	8.83432e-06	
28000.000000	7.57236   	28000.000000	4.60364   	28000.000000	1.82062   	28000.000000	1.78871   	28000.000000	1.82061   	28000.000000	4.60363   	28000.000000	8.53732e-06	
29000.000000	7.93455   	29000.000000	4.72864   	29000.000000	1.82767   	29000.000000	1.7962    	29000.000000	1.82769   	29000.000000	4.72863   	29000.000000	8.26018e-06	
30000.000000	8.30519   	30000.000000	4.85345   	30000.000000	1.83448   	30000.000000	1.80345   	30000.000000	1.8345    	30000.000000	4.85344   	30000.000000	8.00094e-06	
32000.000000	9.07198   	32000.000000	5.10253   	32000.000000	1.84743   	32000.000000	1.81728   	32000.000000	1.84745   	32000.000000	5.10252   	32000.000000	7.52963e-06	
34000.000000	9.87305   	34000.000000	5.3509    	34000.000000	1.85957   	34000.000000	1.83032   	34000.000000	1.85956   	34000.000000	5.35089   	34000.000000	7.11213e-06	
36000.000000	10.7087   	36000.000000	5.5986    	36000.000000	1.87094   	36000.000000	1.84264   	36000.000000	1.87092   	36000.000000	5.59859   	36000.000000	6.73964e-06	
38000.000000	11.5794   	38000.000000	5.84566   	38000.000000	1.8816    	38000.000000	1.85433   	38000.000000	1.8816    	38000.000000	5.84565   	38000.000000	6.4052e-06	
40000.000000	12.4853   	40000.000000	6.0921    	40000.000000	1.89165   	40000.000000	1.86544   	40000.000000	1.89168   	40000.000000	6.09209   	40000.000000	6.10322e-06	
42000.000000	13.427    	42000.000000	6.33796   	42000.000000	1.90115   	42000.000000	1.87602   	42000.000000	1.90119   	42000.000000	6.33795   	42000.000000	5.82915e-06	
44000.000000	14.4046   	44000.000000	6.58325   	44000.000000	1.91018   	44000.000000	1.88614   	44000.000000	1.91021   	44000.000000	6.58325   	44000.000000	5.57926e-06	
46000.000000	15.4187   	46000.000000	6.82801   	46000.000000	1.91879   	46000.000000	1.89582   	46000.000000	1.91874   	46000.000000	6.828     	46000.000000	5.35045e-06	
48000.000000	16.4697   	48000.000000	7.07224   	48000.000000	1.92701   	48000.000000	1.90509   	48000.000000	1.92686   	48000.000000	7.07224   	48000.000000	5.14016e-06	
50000.000000	17.5578   	50000.000000	7.31598   	50000.000000	1.93482   	50000.000000	1.914     	50000.000000	1.93457   	50000.000000	7.31598   	50000.000000	4.94619e-06	
