! 66Ni energy loss (dE/dX) in He
! apply ZOOM for details
Energy (MeV/u)1	0 - [He-base] F.Hubert et al, AD&ND Tables 46(1990)1	Energy (MeV/u)2	1 - [H -base] J.F.Ziegler et al,Pergamon Press,NY(low energy)	Energy (MeV/u)3	2 - ATIMA 1.2 LS-theory (recommended for high energy)	Energy (MeV/u)4	3 - ATIMA 1.2 without LS-correction	Energy (MeV/u)5	4 - ATIMA 1.4 H.Weick, improved mean charge formula for HI	Energy (MeV/u)6	5 - electrical component of [1] - J.F.Ziegler et al	Energy (MeV/u)7	6 - nuclear component of [1] - J.F.Ziegler et al	
0.001000	7.9543    	0.001000	9.14146   	0.001000	8.1024    	0.001000	8.1024    	0.001000	8.10293   	0.001000	2.32782   	0.001000	6.81363   	
0.002000	8.06238   	0.002000	8.96672   	0.002000	7.77041   	0.002000	7.77041   	0.002000	7.77081   	0.002000	3.01881   	0.002000	5.9479    	
0.005000	8.16716   	0.005000	8.54971   	0.005000	7.17462   	0.005000	7.17462   	0.005000	7.17486   	0.005000	4.25661   	0.005000	4.2931    	
0.008000	8.41292   	0.008000	8.50226   	0.008000	7.07007   	0.008000	7.07007   	0.008000	7.07024   	0.008000	5.07702   	0.008000	3.42524   	
0.010000	8.61085   	0.010000	8.56043   	0.010000	7.11532   	0.010000	7.11532   	0.010000	7.11546   	0.010000	5.52014   	0.010000	3.04029   	
0.015000	9.1353    	0.015000	8.8326    	0.015000	7.39679   	0.015000	7.39679   	0.015000	7.39689   	0.015000	6.42665   	0.015000	2.40595   	
0.020000	9.65246   	0.020000	9.17212   	0.020000	7.77629   	0.020000	7.77629   	0.020000	7.77637   	0.020000	7.15874   	0.020000	2.01338   	
0.025000	10.3108   	0.025000	9.52642   	0.025000	8.18598   	0.025000	8.18598   	0.025000	8.18606   	0.025000	7.78355   	0.025000	1.74287   	
0.030000	11.1278   	0.030000	9.87781   	0.030000	8.60155   	0.030000	8.60155   	0.030000	8.60162   	0.030000	8.33433   	0.030000	1.54349   	
0.035000	11.8551   	0.035000	10.2199   	0.035000	9.01313   	0.035000	9.01313   	0.035000	9.01319   	0.035000	8.8303    	0.035000	1.38956   	
0.040000	12.4787   	0.040000	11.1883   	0.040000	9.85368   	0.040000	9.85368   	0.040000	9.85373   	0.040000	9.92171   	0.040000	1.26662   	
0.045000	12.9913   	0.045000	12.1901   	0.045000	10.785    	0.045000	10.785    	0.045000	10.7851   	0.045000	11.0242   	0.045000	1.16587   	
0.050000	13.3831   	0.050000	13.1221   	0.050000	11.7226   	0.050000	11.7226   	0.050000	11.7227   	0.050000	12.0504   	0.050000	1.07163   	
0.055000	14.0793   	0.055000	14.0192   	0.055000	12.6802   	0.055000	12.6802   	0.055000	12.6803   	0.055000	13.0184   	0.055000	1.00077   	
0.060000	14.7111   	0.060000	14.8825   	0.060000	13.6411   	0.060000	13.6411   	0.060000	13.6412   	0.060000	13.9429   	0.060000	0.939601  	
0.070000	15.7869   	0.070000	16.5376   	0.070000	15.5551   	0.070000	15.5551   	0.070000	15.5551   	0.070000	15.6984   	0.070000	0.839128  	
0.080000	16.9638   	0.080000	18.1187   	0.080000	17.4355   	0.080000	17.4355   	0.080000	17.4356   	0.080000	17.3589   	0.080000	0.759823  	
0.090000	17.9838   	0.090000	19.6312   	0.090000	19.2617   	0.090000	19.2617   	0.090000	19.2617   	0.090000	18.9358   	0.090000	0.695459  	
0.100000	19.1744   	0.100000	21.0728   	0.100000	21.0186   	0.100000	21.0186   	0.100000	21.0186   	0.100000	20.4307   	0.100000	0.642063  	
0.120000	20.7984   	0.120000	24.4953   	0.120000	24.287    	0.120000	24.287    	0.120000	24.287    	0.120000	23.9369   	0.120000	0.558342  	
0.140000	22.117    	0.140000	27.6397   	0.140000	27.1974   	0.140000	27.1974   	0.140000	27.1974   	0.140000	27.1443   	0.140000	0.495457  	
0.160000	23.2867   	0.160000	30.3991   	0.160000	29.7446   	0.160000	29.7446   	0.160000	29.7446   	0.160000	29.9528   	0.160000	0.446318  	
0.180000	24.3919   	0.180000	32.8117   	0.180000	31.9466   	0.180000	31.9466   	0.180000	31.9467   	0.180000	32.405    	0.180000	0.406757  	
0.200000	25.4729   	0.200000	34.9218   	0.200000	33.8344   	0.200000	33.8344   	0.200000	33.8345   	0.200000	34.5477   	0.200000	0.374157  	
0.250000	27.6127   	0.250000	39.5525   	0.250000	37.4194   	0.250000	37.4194   	0.250000	37.4194   	0.250000	39.2395   	0.250000	0.313007  	
0.300000	29.6187   	0.300000	43.3077   	0.300000	39.8152   	0.300000	39.8152   	0.300000	39.8152   	0.300000	43.0375   	0.300000	0.270155  	
0.350000	31.3631   	0.350000	46.109    	0.350000	41.4464   	0.350000	41.4464   	0.350000	41.4465   	0.350000	45.8707   	0.350000	0.238313  	
0.400000	32.865    	0.400000	48.2268   	0.400000	43.402    	0.400000	43.402    	0.400000	43.402    	0.400000	48.0131   	0.400000	0.213641  	
0.450000	34.6129   	0.450000	50.3343   	0.450000	44.924    	0.450000	44.924    	0.450000	44.9241   	0.450000	50.1404   	0.450000	0.193915  	
0.500000	36.3495   	0.500000	52.6498   	0.500000	46.0903   	0.500000	46.0903   	0.500000	46.0903   	0.500000	52.472    	0.500000	0.177754  	
0.600000	37.7859   	0.600000	56.0285   	0.600000	47.7324   	0.600000	47.7324   	0.600000	47.7324   	0.600000	55.8757   	0.600000	0.152786  	
0.700000	38.3137   	0.700000	58.2265   	0.700000	48.7986   	0.700000	48.7986   	0.700000	48.7987   	0.700000	58.0922   	0.700000	0.134335  	
0.800000	39.5804   	0.800000	59.4132   	0.800000	49.5054   	0.800000	49.5054   	0.800000	49.5054   	0.800000	59.2931   	0.800000	0.120102  	
0.900000	40.3388   	0.900000	59.7834   	0.900000	49.964    	0.900000	49.964    	0.900000	49.9641   	0.900000	59.6747   	0.900000	0.108763  	
1.000000	40.8465   	1.000000	59.8519   	1.000000	50.2399   	1.000000	50.2399   	1.000000	50.24     	1.000000	59.7524   	1.000000	0.0995019 	
1.250000	41.2754   	1.250000	59.2269   	1.250000	50.3806   	1.250000	50.3806   	1.250000	50.3807   	1.250000	59.1446   	1.250000	0.0823379 	
1.500000	40.4818   	1.500000	57.0992   	1.500000	50.0208   	1.500000	50.0208   	1.500000	50.0208   	1.500000	57.0287   	1.500000	0.0704781 	
1.750000	39.4991   	1.750000	54.9442   	1.750000	49.372    	1.750000	49.372    	1.750000	49.372    	1.750000	54.8824   	1.750000	0.06176   	
2.000000	38.5001   	2.000000	52.9895   	2.000000	48.5568   	2.000000	48.5568   	2.000000	48.5568   	2.000000	52.9344   	2.000000	0.0550635 	
2.250000	37.535    	2.250000	51.1521   	2.250000	47.5711   	2.250000	47.5711   	2.250000	47.5711   	2.250000	51.1023   	2.250000	0.0497477 	
2.500000	44.7579   	2.500000	49.3747   	2.500000	46.3982   	2.500000	46.3982   	2.500000	46.3982   	2.500000	49.3293   	2.500000	0.045419  	
3.000000	42.3783   	3.000000	46.3255   	3.000000	44.2129   	3.000000	44.2129   	3.000000	44.2129   	3.000000	46.2868   	3.000000	0.0387807 	
3.500000	40.1325   	3.500000	43.7585   	3.500000	42.2193   	3.500000	42.2193   	3.500000	42.2193   	3.500000	43.7246   	3.500000	0.0339157 	
4.000000	38.0679   	4.000000	41.4884   	4.000000	40.396    	4.000000	40.396    	4.000000	40.396    	4.000000	41.4582   	4.000000	0.030188  	
4.500000	36.1879   	4.500000	39.4716   	4.500000	38.724    	4.500000	38.724    	4.500000	38.7241   	4.500000	39.4444   	4.500000	0.027235  	
5.000000	34.4804   	5.000000	37.6708   	5.000000	37.1866   	5.000000	37.1866   	5.000000	37.1866   	5.000000	37.646    	5.000000	0.0248345 	
5.500000	32.9284   	5.500000	36.0345   	5.500000	35.7687   	5.500000	35.7687   	5.500000	35.7687   	5.500000	36.0116   	5.500000	0.0228424 	
6.000000	31.5146   	6.000000	34.557    	6.000000	34.4572   	6.000000	34.4572   	6.000000	34.4572   	6.000000	34.5358   	6.000000	0.0211612 	
6.500000	30.2232   	6.500000	33.2113   	6.500000	33.2408   	6.500000	33.2408   	6.500000	33.2408   	6.500000	33.1915   	6.500000	0.0197222 	
7.000000	29.0397   	7.000000	31.9787   	7.000000	32.1095   	7.000000	32.1095   	7.000000	32.1096   	7.000000	31.9602   	7.000000	0.0184757 	
7.500000	27.9517   	7.500000	30.8415   	7.500000	31.0547   	7.500000	31.0547   	7.500000	31.0547   	7.500000	30.8242   	7.500000	0.017385  	
8.000000	26.9483   	8.000000	29.7867   	8.000000	30.0687   	8.000000	30.0687   	8.000000	30.0687   	8.000000	29.7703   	8.000000	0.0164221 	
8.500000	26.0202   	8.500000	28.8048   	8.500000	29.145    	8.500000	29.145    	8.500000	29.145    	8.500000	28.7893   	8.500000	0.0155654 	
9.000000	25.1592   	9.000000	27.888    	9.000000	28.2778   	9.000000	28.2778   	9.000000	28.2778   	9.000000	27.8732   	9.000000	0.014798  	
9.500000	24.3583   	9.500000	27.0296   	9.500000	27.462    	9.500000	27.462    	9.500000	27.462    	9.500000	27.0155   	9.500000	0.0141064 	
10.000000	23.6114   	10.000000	25.1326   	10.000000	26.693    	10.000000	26.693    	10.000000	26.693    	10.000000	25.1191   	10.000000	0.0134797 	
11.000000	22.259    	11.000000	24.0432   	11.000000	25.1406   	11.000000	25.3145   	11.000000	25.369    	11.000000	24.0308   	11.000000	0.0123871 	
12.000000	21.0667   	12.000000	23.0377   	12.000000	23.7706   	12.000000	24.082    	12.000000	24.1675   	12.000000	23.0262   	12.000000	0.011466  	
13.000000	20.0073   	13.000000	22.1097   	13.000000	22.5539   	13.000000	22.974    	13.000000	23.0745   	13.000000	22.0991   	13.000000	0.0106784 	
14.000000	19.0595   	14.000000	21.2526   	14.000000	21.4667   	14.000000	21.9731   	14.000000	22.0773   	14.000000	21.2426   	14.000000	0.0099968 	
15.000000	18.2062   	15.000000	20.4594   	15.000000	20.4897   	15.000000	21.0651   	15.000000	21.1654   	15.000000	20.45     	15.000000	0.00940085	
16.000000	17.4336   	16.000000	19.7242   	16.000000	19.608    	16.000000	20.2379   	16.000000	20.3293   	16.000000	19.7153   	16.000000	0.00887512	
17.000000	16.7307   	17.000000	19.0411   	17.000000	18.809    	17.000000	19.4817   	17.000000	19.5609   	17.000000	19.0327   	17.000000	0.00840772	
18.000000	16.0882   	18.000000	18.4053   	18.000000	18.0817   	18.000000	18.7881   	18.000000	18.8522   	18.000000	18.3973   	18.000000	0.0079893 	
19.000000	15.4985   	19.000000	17.8121   	19.000000	17.4175   	19.000000	18.15     	19.000000	18.1982   	19.000000	17.8045   	19.000000	0.00761243	
20.000000	14.9552   	20.000000	17.2576   	20.000000	16.8097   	20.000000	17.5613   	20.000000	17.5936   	20.000000	17.2504   	20.000000	0.00727112	
21.000000	14.4529   	21.000000	16.7383   	21.000000	16.2517   	21.000000	17.017    	21.000000	17.0322   	21.000000	16.7313   	21.000000	0.00696049	
22.000000	13.9871   	22.000000	16.2509   	22.000000	15.7373   	22.000000	16.5124   	22.000000	16.5116   	22.000000	16.2443   	22.000000	0.00667652	
23.000000	13.5538   	23.000000	15.7927   	23.000000	15.2621   	23.000000	16.0437   	23.000000	16.0269   	23.000000	15.7863   	23.000000	0.00641586	
24.000000	13.1497   	24.000000	15.3612   	24.000000	14.8227   	24.000000	15.6076   	24.000000	15.5756   	24.000000	15.355    	24.000000	0.00617572	
25.000000	12.7718   	25.000000	14.9541   	25.000000	14.4158   	25.000000	15.2009   	25.000000	15.1545   	25.000000	14.9481   	25.000000	0.00595372	
27.000000	12.0851   	27.000000	14.2054   	27.000000	13.6856   	27.000000	14.4661   	27.000000	14.3932   	27.000000	14.1999   	27.000000	0.0055564 	
29.000000	11.4769   	29.000000	13.5332   	29.000000	13.0527   	29.000000	13.8217   	29.000000	13.7257   	29.000000	13.5279   	29.000000	0.00521097	
31.000000	10.9342   	31.000000	12.9262   	31.000000	12.4948   	31.000000	13.2112   	31.000000	13.1013   	31.000000	12.9213   	31.000000	0.00490775	
33.000000	10.4467   	33.000000	12.3755   	33.000000	11.984    	33.000000	12.6222   	33.000000	12.5081   	33.000000	12.3709   	33.000000	0.00463935	
35.000000	10.0063   	35.000000	11.8737   	35.000000	11.5169   	35.000000	12.0878   	35.000000	11.9724   	35.000000	11.8693   	35.000000	0.00440002	
38.000000	9.41984   	38.000000	11.1992   	38.000000	10.8879   	38.000000	11.3731   	38.000000	11.2596   	38.000000	11.1951   	38.000000	0.00408582	
41.000000	8.90698   	41.000000	10.604    	41.000000	10.3305   	41.000000	10.7457   	41.000000	10.637    	41.000000	10.6002   	41.000000	0.00381527	
44.000000	8.45446   	44.000000	10.0748   	44.000000	9.83252   	44.000000	10.1904   	44.000000	10.0882   	44.000000	10.0713   	44.000000	0.00357974	
47.000000	8.05202   	47.000000	9.60138   	47.000000	9.3857    	47.000000	9.69548   	47.000000	9.60077   	47.000000	9.59801   	47.000000	0.00337276	
50.000000	7.69163   	50.000000	9.17527   	50.000000	8.98306   	50.000000	9.25165   	50.000000	9.16497   	50.000000	9.17208   	50.000000	0.00318936	
55.000000	7.16763   	55.000000	8.5525    	55.000000	8.39165   	55.000000	8.60562   	55.000000	8.53212   	55.000000	8.54957   	55.000000	0.00292598	
60.000000	6.7207    	60.000000	8.01873   	60.000000	7.88399   	60.000000	8.05437   	60.000000	7.99348   	60.000000	8.01603   	60.000000	0.00270438	
65.000000	6.33468   	65.000000	7.55617   	65.000000	7.44221   	65.000000	7.57848   	65.000000	7.5292    	65.000000	7.55366   	65.000000	0.00251523	
70.000000	5.9977    	70.000000	7.15148   	70.000000	7.0546    	70.000000	7.16348   	70.000000	7.12471   	70.000000	7.14912   	70.000000	0.0023518 	
75.000000	5.70078   	75.000000	6.79444   	75.000000	6.71202   	75.000000	6.7984    	75.000000	6.76908   	75.000000	6.79223   	75.000000	0.00220911	
80.000000	5.43706   	80.000000	6.47711   	80.000000	6.40694   	80.000000	6.47474   	80.000000	6.45393   	80.000000	6.47502   	80.000000	0.00208341	
85.000000	5.20114   	85.000000	6.19322   	85.000000	6.13327   	85.000000	6.18583   	85.000000	6.17244   	85.000000	6.19125   	85.000000	0.00197179	
90.000000	4.98875   	90.000000	5.93775   	90.000000	5.88706   	90.000000	5.92636   	90.000000	5.91948   	90.000000	5.93588   	90.000000	0.00187198	
95.000000	4.79648   	95.000000	5.70665   	95.000000	5.66374   	95.000000	5.69205   	95.000000	5.69113   	95.000000	5.70487   	95.000000	0.00178218	
100.000000	4.62153   	100.000000	5.49658   	100.000000	5.46085   	100.000000	5.47941   	100.000000	5.48376   	100.000000	5.49488   	100.000000	0.00170093	
105.000000	4.46161   	105.000000	5.3048    	105.000000	5.27453   	105.000000	5.28557   	105.000000	5.29449   	105.000000	5.30318   	105.000000	0.00162706	
110.000000	4.31482   	110.000000	5.12903   	110.000000	5.10424   	110.000000	5.10814   	110.000000	5.12136   	110.000000	5.12747   	110.000000	0.00155958	
115.000000	4.17957   	115.000000	4.96734   	115.000000	4.94748   	115.000000	4.94513   	115.000000	4.96192   	115.000000	4.96584   	115.000000	0.0014977 	
120.000000	4.05453   	120.000000	4.81811   	120.000000	4.80229   	120.000000	4.79484   	120.000000	4.81504   	120.000000	4.81666   	120.000000	0.00144073	
125.000000	3.93855   	125.000000	4.67994   	125.000000	4.66771   	125.000000	4.65585   	125.000000	4.67893   	125.000000	4.67855   	125.000000	0.00138811	
130.000000	3.83065   	130.000000	4.55167   	130.000000	4.54282   	130.000000	4.52693   	130.000000	4.55276   	130.000000	4.55033   	130.000000	0.00133934	
135.000000	3.73001   	135.000000	4.43225   	135.000000	4.42663   	135.000000	4.40702   	135.000000	4.43517   	135.000000	4.43096   	135.000000	0.00129402	
140.000000	3.63589   	140.000000	4.32081   	140.000000	4.31797   	140.000000	4.29521   	140.000000	4.32564   	140.000000	4.31956   	140.000000	0.00125179	
145.000000	3.54767   	145.000000	4.21657   	145.000000	4.21616   	145.000000	4.19072   	145.000000	4.22298   	145.000000	4.21536   	145.000000	0.00121234	
150.000000	3.46479   	150.000000	4.11886   	150.000000	4.12079   	150.000000	4.09285   	150.000000	4.12692   	150.000000	4.11769   	150.000000	0.00117539	
155.000000	3.34723   	155.000000	4.02709   	155.000000	4.03129   	155.000000	4.00099   	155.000000	4.03661   	155.000000	4.02595   	155.000000	0.00114072	
160.000000	3.27874   	160.000000	3.94072   	160.000000	3.94695   	160.000000	3.91461   	160.000000	3.95165   	160.000000	3.93961   	160.000000	0.00110811	
165.000000	3.21408   	165.000000	3.8593    	165.000000	3.86726   	165.000000	3.83322   	165.000000	3.87165   	165.000000	3.85823   	165.000000	0.00107739	
170.000000	3.15294   	170.000000	3.78242   	170.000000	3.792     	170.000000	3.75643   	170.000000	3.79595   	170.000000	3.78137   	170.000000	0.00104839	
175.000000	3.09503   	175.000000	3.70971   	175.000000	3.72086   	175.000000	3.68384   	175.000000	3.72445   	175.000000	3.70869   	175.000000	0.00102098	
180.000000	3.0401    	180.000000	3.64083   	180.000000	3.65348   	180.000000	3.61512   	180.000000	3.65674   	180.000000	3.63984   	180.000000	0.000995017	
185.000000	2.98792   	185.000000	3.5755    	185.000000	3.5896    	185.000000	3.54998   	185.000000	3.59243   	185.000000	3.57453   	185.000000	0.000970395	
190.000000	2.9383    	190.000000	3.51344   	190.000000	3.52895   	190.000000	3.48815   	190.000000	3.53143   	190.000000	3.5125    	190.000000	0.00094701	
195.000000	2.89103   	195.000000	3.45443   	195.000000	3.47117   	195.000000	3.42937   	195.000000	3.47342   	195.000000	3.4535    	195.000000	0.000924769	
200.000000	2.84597   	200.000000	3.39823   	200.000000	3.41603   	200.000000	3.37344   	200.000000	3.41811   	200.000000	3.39733   	200.000000	0.00090359	
210.000000	2.76184   	210.000000	3.29354   	210.000000	3.31337   	210.000000	3.26932   	210.000000	3.31522   	210.000000	3.29268   	210.000000	0.000864124	
220.000000	2.68486   	220.000000	3.198     	220.000000	3.21973   	220.000000	3.17441   	220.000000	3.22121   	220.000000	3.19717   	220.000000	0.000828087	
230.000000	2.61415   	230.000000	3.11047   	230.000000	3.13402   	230.000000	3.08754   	230.000000	3.13518   	230.000000	3.10967   	230.000000	0.000795045	
240.000000	2.54897   	240.000000	3.02998   	240.000000	3.05501   	240.000000	3.00775   	240.000000	3.05604   	240.000000	3.02922   	240.000000	0.000764637	
250.000000	2.48869   	250.000000	2.95574   	250.000000	2.98207   	250.000000	2.93422   	250.000000	2.98309   	250.000000	2.955     	250.000000	0.000736554	
260.000000	2.43278   	260.000000	2.88704   	260.000000	2.91465   	260.000000	2.86625   	260.000000	2.91556   	260.000000	2.88633   	260.000000	0.000710538	
270.000000	2.38077   	270.000000	2.8233    	270.000000	2.85212   	270.000000	2.80325   	270.000000	2.85297   	270.000000	2.82261   	270.000000	0.000686364	
280.000000	2.33229   	280.000000	2.764     	280.000000	2.79399   	280.000000	2.7447    	280.000000	2.79471   	280.000000	2.76334   	280.000000	0.000663842	
290.000000	2.28697   	290.000000	2.70871   	290.000000	2.73981   	290.000000	2.69015   	290.000000	2.74047   	290.000000	2.70806   	290.000000	0.000642806	
300.000000	2.24452   	300.000000	2.65703   	300.000000	2.68925   	300.000000	2.63922   	300.000000	2.68971   	300.000000	2.65641   	300.000000	0.000623111	
310.000000	2.20468   	310.000000	2.60863   	310.000000	2.64184   	310.000000	2.59158   	310.000000	2.64224   	310.000000	2.60803   	310.000000	0.000604632	
320.000000	2.16722   	320.000000	2.56322   	320.000000	2.59724   	320.000000	2.54691   	320.000000	2.5977    	320.000000	2.56263   	320.000000	0.000587258	
330.000000	2.13194   	330.000000	2.52052   	330.000000	2.55547   	330.000000	2.50496   	330.000000	2.55583   	330.000000	2.51995   	330.000000	0.000570892	
340.000000	2.09864   	340.000000	2.48032   	340.000000	2.51622   	340.000000	2.46549   	340.000000	2.51648   	340.000000	2.47976   	340.000000	0.000555447	
350.000000	2.06717   	350.000000	2.4424    	350.000000	2.47908   	350.000000	2.4283    	350.000000	2.47931   	350.000000	2.44186   	350.000000	0.000540846	
360.000000	2.03739   	360.000000	2.40658   	360.000000	2.44398   	360.000000	2.3932    	360.000000	2.44424   	360.000000	2.40605   	360.000000	0.000527022	
370.000000	2.00917   	370.000000	2.37269   	370.000000	2.41084   	370.000000	2.36003   	370.000000	2.41112   	370.000000	2.37218   	370.000000	0.000513914	
380.000000	1.98239   	380.000000	2.34059   	380.000000	2.37946   	380.000000	2.32864   	380.000000	2.37969   	380.000000	2.34009   	380.000000	0.000501465	
390.000000	1.95694   	390.000000	2.31015   	390.000000	2.34971   	390.000000	2.2989    	390.000000	2.34993   	390.000000	2.30966   	390.000000	0.000489628	
400.000000	1.93274   	400.000000	2.28124   	400.000000	2.32149   	400.000000	2.27067   	400.000000	2.32171   	400.000000	2.28076   	400.000000	0.000478358	
410.000000	1.90969   	410.000000	2.25376   	410.000000	2.29468   	410.000000	2.24387   	410.000000	2.29485   	410.000000	2.25329   	410.000000	0.000467614	
420.000000	1.88772   	420.000000	2.2276    	420.000000	2.26917   	420.000000	2.21838   	420.000000	2.26931   	420.000000	2.22714   	420.000000	0.000457359	
430.000000	1.86675   	430.000000	2.20268   	430.000000	2.2449    	430.000000	2.19412   	430.000000	2.24502   	430.000000	2.20223   	430.000000	0.000447562	
440.000000	1.84672   	440.000000	2.17892   	440.000000	2.22179   	440.000000	2.171     	440.000000	2.22185   	440.000000	2.17848   	440.000000	0.000438191	
450.000000	1.82758   	450.000000	2.15623   	450.000000	2.19972   	450.000000	2.14895   	450.000000	2.19973   	450.000000	2.1558    	450.000000	0.000429219	
460.000000	1.80927   	460.000000	2.13456   	460.000000	2.17857   	460.000000	2.12791   	460.000000	2.17862   	460.000000	2.13414   	460.000000	0.000420621	
470.000000	1.79173   	470.000000	2.11384   	470.000000	2.15833   	470.000000	2.1078    	470.000000	2.15847   	470.000000	2.11343   	470.000000	0.000412373	
480.000000	1.77492   	480.000000	2.09401   	480.000000	2.13902   	480.000000	2.08858   	480.000000	2.13916   	480.000000	2.09361   	480.000000	0.000404454	
490.000000	1.75881   	490.000000	2.07502   	490.000000	2.12061   	490.000000	2.07018   	490.000000	2.12068   	490.000000	2.07463   	490.000000	0.000396845	
500.000000	1.74334   	500.000000	2.05682   	500.000000	2.10297   	500.000000	2.05256   	500.000000	2.103     	500.000000	2.05643   	500.000000	0.000389527	
520.000000	1.71421   	520.000000	2.02262   	520.000000	2.06968   	520.000000	2.01949   	520.000000	2.06978   	520.000000	2.02224   	520.000000	0.000375702	
540.000000	1.68729   	540.000000	1.99108   	540.000000	2.03909   	540.000000	1.98903   	540.000000	2.03916   	540.000000	1.99072   	540.000000	0.000362858	
560.000000	1.66234   	560.000000	1.96192   	560.000000	2.01091   	560.000000	1.96091   	560.000000	2.01089   	560.000000	1.96157   	560.000000	0.000350894	
580.000000	1.63918   	580.000000	1.93491   	580.000000	1.98471   	580.000000	1.9349    	580.000000	1.9847    	580.000000	1.93457   	580.000000	0.000339722	
600.000000	1.61763   	600.000000	1.90984   	600.000000	1.96038   	600.000000	1.91077   	600.000000	1.96044   	600.000000	1.90951   	600.000000	0.000329264	
620.000000	1.59755   	620.000000	1.88652   	620.000000	1.9378    	620.000000	1.88836   	620.000000	1.93785   	620.000000	1.8862    	620.000000	0.000319453	
640.000000	1.57881   	640.000000	1.86479   	640.000000	1.91677   	640.000000	1.8675    	640.000000	1.91684   	640.000000	1.86448   	640.000000	0.000310231	
660.000000	1.56129   	660.000000	1.84452   	660.000000	1.89715   	660.000000	1.84805   	660.000000	1.89724   	660.000000	1.84421   	660.000000	0.000301544	
680.000000	1.54489   	680.000000	1.82557   	680.000000	1.87883   	680.000000	1.82988   	680.000000	1.87892   	680.000000	1.82528   	680.000000	0.000293348	
700.000000	1.52952   	700.000000	1.80784   	700.000000	1.86169   	700.000000	1.81289   	700.000000	1.86179   	700.000000	1.80756   	700.000000	0.000285602	
720.000000	1.51509   	720.000000	1.79123   	720.000000	1.84564   	720.000000	1.79697   	720.000000	1.84573   	720.000000	1.79096   	720.000000	0.000278268	
740.000000	1.50155   	740.000000	1.77566   	740.000000	1.83058   	740.000000	1.78205   	740.000000	1.83066   	740.000000	1.77538   	740.000000	0.000271315	
760.000000	1.48881   	760.000000	1.76103   	760.000000	1.81643   	760.000000	1.76803   	760.000000	1.81652   	760.000000	1.76076   	760.000000	0.000264713	
780.000000	1.47683   	780.000000	1.74728   	780.000000	1.80313   	780.000000	1.75486   	780.000000	1.80321   	780.000000	1.74702   	780.000000	0.000258436	
800.000000	1.46554   	800.000000	1.73435   	800.000000	1.79062   	800.000000	1.74246   	800.000000	1.79068   	800.000000	1.73409   	800.000000	0.00025246	
820.000000	1.45491   	820.000000	1.72217   	820.000000	1.77882   	820.000000	1.73079   	820.000000	1.77889   	820.000000	1.72192   	820.000000	0.000246764	
840.000000	1.44488   	840.000000	1.7107    	840.000000	1.7677    	840.000000	1.71977   	840.000000	1.76776   	840.000000	1.71046   	840.000000	0.000241329	
860.000000	1.43542   	860.000000	1.69988   	860.000000	1.75721   	860.000000	1.70938   	860.000000	1.75724   	860.000000	1.69964   	860.000000	0.000236136	
880.000000	1.42649   	880.000000	1.68968   	880.000000	1.74729   	880.000000	1.69957   	880.000000	1.74732   	880.000000	1.68945   	880.000000	0.000231169	
900.000000	1.41805   	900.000000	1.68005   	900.000000	1.73791   	900.000000	1.69029   	900.000000	1.73794   	900.000000	1.67982   	900.000000	0.000226415	
920.000000	1.41009   	920.000000	1.67095   	920.000000	1.72903   	920.000000	1.68151   	920.000000	1.72905   	920.000000	1.67073   	920.000000	0.000221859	
940.000000	1.40256   	940.000000	1.66236   	940.000000	1.72063   	940.000000	1.6732    	940.000000	1.72063   	940.000000	1.66214   	940.000000	0.00021749	
960.000000	1.39544   	960.000000	1.65424   	960.000000	1.71268   	960.000000	1.66533   	960.000000	1.71266   	960.000000	1.65403   	960.000000	0.000213295	
980.000000	1.38871   	980.000000	1.64656   	980.000000	1.70515   	980.000000	1.65787   	980.000000	1.70512   	980.000000	1.64635   	980.000000	0.000209264	
1000.000000	1.38236   	1000.000000	1.6393    	1000.000000	1.698     	1000.000000	1.6508    	1000.000000	1.69794   	1000.000000	1.6391    	1000.000000	0.000205389	
1020.000000	1.37634   	1020.000000	1.63244   	1020.000000	1.6912    	1020.000000	1.64409   	1020.000000	1.69113   	1020.000000	1.63224   	1020.000000	0.000201659	
1040.000000	1.37066   	1040.000000	1.62594   	1040.000000	1.68472   	1040.000000	1.63771   	1040.000000	1.68467   	1040.000000	1.62575   	1040.000000	0.000198067	
1060.000000	1.36528   	1060.000000	1.6198    	1060.000000	1.67855   	1060.000000	1.63166   	1060.000000	1.67854   	1060.000000	1.61961   	1060.000000	0.000194605	
1080.000000	1.3602    	1080.000000	1.61399   	1080.000000	1.67268   	1080.000000	1.62591   	1080.000000	1.6727    	1080.000000	1.6138    	1080.000000	0.000191267	
1100.000000	1.3554    	1100.000000	1.60849   	1100.000000	1.66711   	1100.000000	1.62044   	1100.000000	1.66714   	1100.000000	1.60831   	1100.000000	0.000188045	
1120.000000	1.35087   	1120.000000	1.60329   	1120.000000	1.66183   	1120.000000	1.61524   	1120.000000	1.66187   	1120.000000	1.60311   	1120.000000	0.000184934	
1140.000000	1.34659   	1140.000000	1.59838   	1140.000000	1.65682   	1140.000000	1.6103    	1140.000000	1.65685   	1140.000000	1.59819   	1140.000000	0.000181927	
1160.000000	1.34255   	1160.000000	1.59373   	1160.000000	1.65206   	1160.000000	1.60559   	1160.000000	1.65207   	1160.000000	1.59355   	1160.000000	0.00017902	
1180.000000	1.33873   	1180.000000	1.58933   	1180.000000	1.64752   	1180.000000	1.60111   	1180.000000	1.64751   	1180.000000	1.58916   	1180.000000	0.000176208	
1200.000000	1.33514   	1200.000000	1.58518   	1200.000000	1.6432    	1200.000000	1.59685   	1200.000000	1.64318   	1200.000000	1.58501   	1200.000000	0.000173486	
1220.000000	1.33175   	1220.000000	1.58126   	1220.000000	1.63907   	1220.000000	1.59279   	1220.000000	1.63905   	1220.000000	1.58109   	1220.000000	0.00017085	
1240.000000	1.32856   	1240.000000	1.57755   	1240.000000	1.63512   	1240.000000	1.58892   	1240.000000	1.63512   	1240.000000	1.57738   	1240.000000	0.000168295	
1260.000000	1.32556   	1260.000000	1.57406   	1260.000000	1.63136   	1260.000000	1.58523   	1260.000000	1.63137   	1260.000000	1.57389   	1260.000000	0.000165818	
1280.000000	1.32275   	1280.000000	1.57076   	1280.000000	1.62777   	1280.000000	1.58172   	1280.000000	1.62779   	1280.000000	1.5706    	1280.000000	0.000163416	
1300.000000	1.3201    	1300.000000	1.56766   	1300.000000	1.62435   	1300.000000	1.57838   	1300.000000	1.62438   	1300.000000	1.5675    	1300.000000	0.000161085	
1320.000000	1.31763   	1320.000000	1.56474   	1320.000000	1.6211    	1320.000000	1.57519   	1320.000000	1.62114   	1320.000000	1.56458   	1320.000000	0.000158821	
1340.000000	1.31531   	1340.000000	1.56199   	1340.000000	1.61801   	1340.000000	1.57215   	1340.000000	1.61805   	1340.000000	1.56183   	1340.000000	0.000156623	
1360.000000	1.31314   	1360.000000	1.55941   	1360.000000	1.61507   	1360.000000	1.56926   	1360.000000	1.61509   	1360.000000	1.55925   	1360.000000	0.000154487	
1380.000000	1.31113   	1380.000000	1.55698   	1380.000000	1.61226   	1380.000000	1.5665    	1380.000000	1.61227   	1380.000000	1.55683   	1380.000000	0.00015241	
1400.000000	1.30925   	1400.000000	1.55471   	1400.000000	1.60959   	1400.000000	1.56387   	1400.000000	1.60959   	1400.000000	1.55456   	1400.000000	0.00015039	
1420.000000	1.30751   	1420.000000	1.55259   	1420.000000	1.60704   	1420.000000	1.56136   	1420.000000	1.60703   	1420.000000	1.55244   	1420.000000	0.000148425	
1440.000000	1.3059    	1440.000000	1.55061   	1440.000000	1.6046    	1440.000000	1.55897   	1440.000000	1.60459   	1440.000000	1.55046   	1440.000000	0.000146513	
1460.000000	1.30441   	1460.000000	1.54876   	1460.000000	1.60227   	1460.000000	1.55669   	1460.000000	1.60227   	1460.000000	1.54861   	1460.000000	0.00014465	
1480.000000	1.30305   	1480.000000	1.54704   	1480.000000	1.60004   	1480.000000	1.55452   	1480.000000	1.60005   	1480.000000	1.54689   	1480.000000	0.000142837	
1500.000000	1.3018    	1500.000000	1.54544   	1500.000000	1.59792   	1500.000000	1.55246   	1500.000000	1.59793   	1500.000000	1.5453    	1500.000000	0.000141069	
1520.000000	1.30066   	1520.000000	1.54396   	1520.000000	1.59589   	1520.000000	1.55049   	1520.000000	1.59591   	1520.000000	1.54382   	1520.000000	0.000139347	
1540.000000	1.29963   	1540.000000	1.5426    	1540.000000	1.59396   	1540.000000	1.54861   	1540.000000	1.59399   	1540.000000	1.54246   	1540.000000	0.000137667	
1560.000000	1.29871   	1560.000000	1.54135   	1560.000000	1.59212   	1560.000000	1.54683   	1560.000000	1.59217   	1560.000000	1.54121   	1560.000000	0.000136029	
1580.000000	1.29789   	1580.000000	1.5402    	1580.000000	1.59038   	1580.000000	1.54513   	1580.000000	1.59043   	1580.000000	1.54007   	1580.000000	0.000134431	
1600.000000	1.29716   	1600.000000	1.53916   	1600.000000	1.58872   	1600.000000	1.54351   	1600.000000	1.58877   	1600.000000	1.53902   	1600.000000	0.000132871	
1620.000000	1.29653   	1620.000000	1.53821   	1620.000000	1.58714   	1620.000000	1.54198   	1620.000000	1.58719   	1620.000000	1.53808   	1620.000000	0.000131348	
1640.000000	1.29598   	1640.000000	1.53736   	1640.000000	1.58565   	1640.000000	1.54051   	1640.000000	1.58569   	1640.000000	1.53723   	1640.000000	0.000129861	
1660.000000	1.29553   	1660.000000	1.5366    	1660.000000	1.58423   	1660.000000	1.53913   	1660.000000	1.58426   	1660.000000	1.53647   	1660.000000	0.000128408	
1680.000000	1.29516   	1680.000000	1.53593   	1680.000000	1.58288   	1680.000000	1.53781   	1680.000000	1.5829    	1680.000000	1.5358    	1680.000000	0.000126989	
1700.000000	1.29487   	1700.000000	1.53535   	1700.000000	1.58161   	1700.000000	1.53655   	1700.000000	1.58162   	1700.000000	1.53522   	1700.000000	0.000125601	
1750.000000	1.29449   	1750.000000	1.53423   	1750.000000	1.57869   	1750.000000	1.5337    	1750.000000	1.57867   	1750.000000	1.53411   	1750.000000	0.000122267	
1800.000000	1.29457   	1800.000000	1.5336    	1800.000000	1.57613   	1800.000000	1.53121   	1800.000000	1.5761    	1800.000000	1.53348   	1800.000000	0.00011911	
1850.000000	1.29507   	1850.000000	1.53339   	1850.000000	1.57389   	1850.000000	1.52905   	1850.000000	1.57386   	1850.000000	1.53327   	1850.000000	0.000116118	
1900.000000	1.29597   	1900.000000	1.53359   	1900.000000	1.57195   	1900.000000	1.52719   	1900.000000	1.57192   	1900.000000	1.53347   	1900.000000	0.000113278	
1950.000000	1.29724   	1950.000000	1.53415   	1950.000000	1.57027   	1950.000000	1.52559   	1950.000000	1.57025   	1950.000000	1.53404   	1950.000000	0.000110577	
2000.000000	1.29885   	2000.000000	1.53506   	2000.000000	1.56885   	2000.000000	1.52425   	2000.000000	1.56885   	2000.000000	1.53495   	2000.000000	0.000108007	
2100.000000	1.30301   	2100.000000	1.53779   	2100.000000	1.56667   	2100.000000	1.52223   	2100.000000	1.56669   	2100.000000	1.53769   	2100.000000	0.00010322	
2200.000000	1.3083    	2200.000000	1.54163   	2200.000000	1.56527   	2200.000000	1.52096   	2200.000000	1.56531   	2200.000000	1.54153   	2200.000000	9.88521e-05	
2300.000000	1.31459   	2300.000000	1.54642   	2300.000000	1.56453   	2300.000000	1.52032   	2300.000000	1.56457   	2300.000000	1.54632   	2300.000000	9.48504e-05	
2400.000000	1.32177   	2400.000000	1.55204   	2400.000000	1.56433   	2400.000000	1.52022   	2400.000000	1.56438   	2400.000000	1.55195   	2400.000000	9.11702e-05	
2500.000000	1.32974   	2500.000000	1.55839   	2500.000000	1.5646    	2500.000000	1.52058   	2500.000000	1.56464   	2500.000000	1.55831   	2500.000000	8.77737e-05	
2600.000000	1.33843   	2600.000000	1.5654    	2600.000000	1.56527   	2600.000000	1.52132   	2600.000000	1.5653    	2600.000000	1.56531   	2600.000000	8.4629e-05	
2700.000000	1.34777   	2700.000000	1.57298   	2700.000000	1.56626   	2700.000000	1.52239   	2700.000000	1.56629   	2700.000000	1.57289   	2700.000000	8.17088e-05	
2800.000000	1.3577    	2800.000000	1.58107   	2800.000000	1.56755   	2800.000000	1.52374   	2800.000000	1.56758   	2800.000000	1.58099   	2800.000000	7.89898e-05	
2900.000000	1.36818   	2900.000000	1.58961   	2900.000000	1.56907   	2900.000000	1.52533   	2900.000000	1.56909   	2900.000000	1.58954   	2900.000000	7.64515e-05	
3000.000000	1.37915   	3000.000000	1.59858   	3000.000000	1.5708    	3000.000000	1.52712   	3000.000000	1.57082   	3000.000000	1.5985    	3000.000000	7.40763e-05	
3200.000000	1.40245   	3200.000000	1.61757   	3200.000000	1.57477   	3200.000000	1.53119   	3200.000000	1.57479   	3200.000000	1.6175    	3200.000000	6.97557e-05	
3400.000000	1.42733   	3400.000000	1.63779   	3400.000000	1.57926   	3400.000000	1.53578   	3400.000000	1.57927   	3400.000000	1.63773   	3400.000000	6.59257e-05	
3600.000000	1.45361   	3600.000000	1.65902   	3600.000000	1.58413   	3600.000000	1.54074   	3600.000000	1.58414   	3600.000000	1.65896   	3600.000000	6.25066e-05	
3800.000000	1.48111   	3800.000000	1.68109   	3800.000000	1.58927   	3800.000000	1.54596   	3800.000000	1.58928   	3800.000000	1.68103   	3800.000000	5.94348e-05	
4000.000000	1.50971   	4000.000000	1.70387   	4000.000000	1.5946    	4000.000000	1.55136   	4000.000000	1.59461   	4000.000000	1.70381   	4000.000000	5.66597e-05	
4200.000000	1.53931   	4200.000000	1.72725   	4200.000000	1.60005   	4200.000000	1.55688   	4200.000000	1.60007   	4200.000000	1.7272    	4200.000000	5.41397e-05	
4400.000000	1.56981   	4400.000000	1.75115   	4400.000000	1.60559   	4400.000000	1.56248   	4400.000000	1.6056    	4400.000000	1.7511    	4400.000000	5.18408e-05	
4600.000000	1.60115   	4600.000000	1.7755    	4600.000000	1.61118   	4600.000000	1.56812   	4600.000000	1.61118   	4600.000000	1.77545   	4600.000000	4.9735e-05	
4800.000000	1.63326   	4800.000000	1.80022   	4800.000000	1.61677   	4800.000000	1.57377   	4800.000000	1.61677   	4800.000000	1.80017   	4800.000000	4.77986e-05	
5000.000000	1.6661    	5000.000000	1.82528   	5000.000000	1.62237   	5000.000000	1.57941   	5000.000000	1.62236   	5000.000000	1.82523   	5000.000000	4.60118e-05	
5250.000000	1.7081    	5250.000000	1.857     	5250.000000	1.62932   	5250.000000	1.58641   	5250.000000	1.6293    	5250.000000	1.85696   	5250.000000	4.39632e-05	
5500.000000	1.7511    	5500.000000	1.88911   	5500.000000	1.63621   	5500.000000	1.59335   	5500.000000	1.63618   	5500.000000	1.88907   	5500.000000	4.20946e-05	
6000.000000	1.83983   	6000.000000	1.95426   	6000.000000	1.64972   	6000.000000	1.60697   	6000.000000	1.64968   	6000.000000	1.95422   	6000.000000	3.8809e-05	
6500.000000	1.93194   	6500.000000	2.02038   	6500.000000	1.6627    	6500.000000	1.62016   	6500.000000	1.66276   	6500.000000	2.02034   	6500.000000	3.60124e-05	
7000.000000	2.02715   	7000.000000	2.08721   	7000.000000	1.67536   	7000.000000	1.63289   	7000.000000	1.67539   	7000.000000	2.08717   	7000.000000	3.36024e-05	
7500.000000	2.12527   	7500.000000	2.15458   	7500.000000	1.68756   	7500.000000	1.64516   	7500.000000	1.68755   	7500.000000	2.15455   	7500.000000	3.15033e-05	
8000.000000	2.22614   	8000.000000	2.22235   	8000.000000	1.69924   	8000.000000	1.65696   	8000.000000	1.69925   	8000.000000	2.22232   	8000.000000	2.9658e-05	
8500.000000	2.32966   	8500.000000	2.29043   	8500.000000	1.71047   	8500.000000	1.66831   	8500.000000	1.71049   	8500.000000	2.2904    	8500.000000	2.80227e-05	
9000.000000	2.43572   	9000.000000	2.35874   	9000.000000	1.72131   	9000.000000	1.67924   	9000.000000	1.72131   	9000.000000	2.35871   	9000.000000	2.65632e-05	
9500.000000	2.54427   	9500.000000	2.42722   	9500.000000	1.73173   	9500.000000	1.68975   	9500.000000	1.73172   	9500.000000	2.4272    	9500.000000	2.52524e-05	
10000.000000	2.65525   	10000.000000	2.49583   	10000.000000	1.74174   	10000.000000	1.69989   	10000.000000	1.74174   	10000.000000	2.4958    	10000.000000	2.40684e-05	
11000.000000	2.88431   	11000.000000	2.63328   	11000.000000	1.76066   	11000.000000	1.71908   	11000.000000	1.7607    	11000.000000	2.63326   	11000.000000	2.20132e-05	
12000.000000	3.12264   	12000.000000	2.77089   	12000.000000	1.77827   	12000.000000	1.73697   	12000.000000	1.77836   	12000.000000	2.77087   	12000.000000	2.02899e-05	
13000.000000	3.37006   	13000.000000	2.90851   	13000.000000	1.79476   	13000.000000	1.75372   	13000.000000	1.79485   	13000.000000	2.90849   	13000.000000	1.88235e-05	
14000.000000	3.62644   	14000.000000	3.04607   	14000.000000	1.8103    	14000.000000	1.76944   	14000.000000	1.8103    	14000.000000	3.04605   	14000.000000	1.75601e-05	
15000.000000	3.89172   	15000.000000	3.1835    	15000.000000	1.82493   	15000.000000	1.78425   	15000.000000	1.82482   	15000.000000	3.18349   	15000.000000	1.646e-05 	
16000.000000	4.16583   	16000.000000	3.32077   	16000.000000	1.83869   	16000.000000	1.79823   	16000.000000	1.83851   	16000.000000	3.32075   	16000.000000	1.5493e-05	
17000.000000	4.44875   	17000.000000	3.45784   	17000.000000	1.85165   	17000.000000	1.81148   	17000.000000	1.85145   	17000.000000	3.45782   	17000.000000	1.46364e-05	
18000.000000	4.74046   	18000.000000	3.5947    	18000.000000	1.86388   	18000.000000	1.82407   	18000.000000	1.86372   	18000.000000	3.59469   	18000.000000	1.38719e-05	
19000.000000	5.04096   	19000.000000	3.73134   	19000.000000	1.87546   	19000.000000	1.83604   	19000.000000	1.87535   	19000.000000	3.73133   	19000.000000	1.31854e-05	
20000.000000	5.35025   	20000.000000	3.86776   	20000.000000	1.88647   	20000.000000	1.84747   	20000.000000	1.88642   	20000.000000	3.86775   	20000.000000	1.25655e-05	
21000.000000	5.66835   	21000.000000	4.00395   	21000.000000	1.89698   	21000.000000	1.85839   	21000.000000	1.89698   	21000.000000	4.00394   	21000.000000	1.20027e-05	
22000.000000	5.99528   	22000.000000	4.13991   	22000.000000	1.90706   	22000.000000	1.86884   	22000.000000	1.90706   	22000.000000	4.13989   	22000.000000	1.14896e-05	
23000.000000	6.33105   	23000.000000	4.27564   	23000.000000	1.91675   	23000.000000	1.87887   	23000.000000	1.9167    	23000.000000	4.27563   	23000.000000	1.10196e-05	
24000.000000	6.6757    	24000.000000	4.41114   	24000.000000	1.926     	24000.000000	1.88851   	24000.000000	1.92593   	24000.000000	4.41113   	24000.000000	1.05877e-05	
25000.000000	7.02925   	25000.000000	4.54642   	25000.000000	1.93481   	25000.000000	1.89778   	25000.000000	1.93479   	25000.000000	4.54641   	25000.000000	1.01892e-05	
26000.000000	7.39173   	26000.000000	4.68149   	26000.000000	1.94328   	26000.000000	1.90672   	26000.000000	1.94328   	26000.000000	4.68148   	26000.000000	9.82042e-06	
27000.000000	7.7632    	27000.000000	4.81633   	27000.000000	1.95148   	27000.000000	1.91534   	27000.000000	1.95147   	27000.000000	4.81632   	27000.000000	9.47813e-06	
28000.000000	8.14366   	28000.000000	4.95097   	28000.000000	1.95939   	28000.000000	1.92366   	28000.000000	1.95933   	28000.000000	4.95096   	28000.000000	9.15953e-06	
29000.000000	8.53318   	29000.000000	5.0854    	29000.000000	1.96698   	29000.000000	1.93172   	29000.000000	1.96692   	29000.000000	5.08539   	29000.000000	8.86223e-06	
30000.000000	8.93179   	30000.000000	5.21963   	30000.000000	1.97428   	30000.000000	1.93951   	30000.000000	1.97423   	30000.000000	5.21962   	30000.000000	8.58415e-06	
32000.000000	9.75643   	32000.000000	5.48749   	32000.000000	1.98813   	32000.000000	1.95439   	32000.000000	1.98811   	32000.000000	5.48748   	32000.000000	8.07855e-06	
34000.000000	10.6179   	34000.000000	5.7546    	34000.000000	2.00113   	34000.000000	1.9684    	34000.000000	2.00109   	34000.000000	5.75459   	34000.000000	7.63068e-06	
36000.000000	11.5167   	36000.000000	6.02099   	36000.000000	2.01331   	36000.000000	1.98166   	36000.000000	2.01326   	36000.000000	6.02098   	36000.000000	7.23109e-06	
38000.000000	12.453    	38000.000000	6.28669   	38000.000000	2.02475   	38000.000000	1.99423   	38000.000000	2.02471   	38000.000000	6.28668   	38000.000000	6.87232e-06	
40000.000000	13.4273   	40000.000000	6.55172   	40000.000000	2.03552   	40000.000000	2.00618   	40000.000000	2.0355    	40000.000000	6.55172   	40000.000000	6.54836e-06	
42000.000000	14.44     	42000.000000	6.81613   	42000.000000	2.0457    	42000.000000	2.01756   	42000.000000	2.04568   	42000.000000	6.81612   	42000.000000	6.25434e-06	
44000.000000	15.4914   	44000.000000	7.07993   	44000.000000	2.05533   	44000.000000	2.02844   	44000.000000	2.05534   	44000.000000	7.07992   	44000.000000	5.98626e-06	
46000.000000	16.582    	46000.000000	7.34315   	46000.000000	2.0645    	46000.000000	2.03885   	46000.000000	2.06447   	46000.000000	7.34314   	46000.000000	5.7408e-06	
48000.000000	17.7122   	48000.000000	7.60581   	48000.000000	2.07324   	48000.000000	2.04882   	48000.000000	2.07316   	48000.000000	7.60581   	48000.000000	5.51519e-06	
50000.000000	18.8824   	50000.000000	7.86794   	50000.000000	2.08153   	50000.000000	2.05841   	50000.000000	2.0814    	50000.000000	7.86794   	50000.000000	5.30709e-06	
