! 69Cu energy loss (dE/dX) in He
! apply ZOOM for details
Energy (MeV/u)1	0 - [He-base] F.Hubert et al, AD&ND Tables 46(1990)1	Energy (MeV/u)2	1 - [H -base] J.F.Ziegler et al,Pergamon Press,NY(low energy)	Energy (MeV/u)3	2 - ATIMA 1.2 LS-theory (recommended for high energy)	Energy (MeV/u)4	3 - ATIMA 1.2 without LS-correction	Energy (MeV/u)5	4 - ATIMA 1.4 H.Weick, improved mean charge formula for HI	Energy (MeV/u)6	5 - electrical component of [1] - J.F.Ziegler et al	Energy (MeV/u)7	6 - nuclear component of [1] - J.F.Ziegler et al	
0.001000	8.23579   	0.001000	9.49991   	0.001000	8.3795    	0.001000	8.3795    	0.001000	8.38002   	0.001000	2.4293    	0.001000	7.07061   	
0.002000	8.35976   	0.002000	9.35514   	0.002000	8.05569   	0.002000	8.05569   	0.002000	8.05609   	0.002000	3.15042   	0.002000	6.20472   	
0.005000	8.46256   	0.005000	8.95052   	0.005000	7.43487   	0.005000	7.43487   	0.005000	7.4351    	0.005000	4.44217   	0.005000	4.50835   	
0.008000	8.70393   	0.008000	8.90582   	0.008000	7.30921   	0.008000	7.30921   	0.008000	7.30938   	0.008000	5.29835   	0.008000	3.60747   	
0.010000	8.90079   	0.010000	8.96678   	0.010000	7.34465   	0.010000	7.34465   	0.010000	7.34479   	0.010000	5.76078   	0.010000	3.206     	
0.015000	9.42679   	0.015000	9.24896   	0.015000	7.61091   	0.015000	7.61091   	0.015000	7.61102   	0.015000	6.70681   	0.015000	2.54215   	
0.020000	9.94877   	0.020000	9.6008    	0.020000	7.98287   	0.020000	7.98287   	0.020000	7.98296   	0.020000	7.47081   	0.020000	2.12999   	
0.025000	10.4729   	0.025000	9.96827   	0.025000	8.38911   	0.025000	8.38911   	0.025000	8.38919   	0.025000	8.12286   	0.025000	1.84541   	
0.030000	11.3038   	0.030000	10.333    	0.030000	8.80361   	0.030000	8.80361   	0.030000	8.80368   	0.030000	8.69765   	0.030000	1.63535   	
0.035000	12.0466   	0.035000	10.6883   	0.035000	9.21562   	0.035000	9.21562   	0.035000	9.21567   	0.035000	9.21525   	0.035000	1.47301   	
0.040000	12.6858   	0.040000	11.4163   	0.040000	9.89133   	0.040000	9.89133   	0.040000	9.89138   	0.040000	10.0731   	0.040000	1.34326   	
0.045000	13.2132   	0.045000	12.4427   	0.045000	10.8345   	0.045000	10.8345   	0.045000	10.8346   	0.045000	11.2059   	0.045000	1.23684   	
0.050000	13.618    	0.050000	13.3986   	0.050000	11.7857   	0.050000	11.7857   	0.050000	11.7857   	0.050000	12.2615   	0.050000	1.1371    	
0.055000	14.3324   	0.055000	14.3203   	0.055000	12.7596   	0.055000	12.7596   	0.055000	12.7597   	0.055000	13.2581   	0.055000	1.06222   	
0.060000	14.9818   	0.060000	15.2078   	0.060000	13.7385   	0.060000	13.7385   	0.060000	13.7385   	0.060000	14.2103   	0.060000	0.997547  	
0.070000	16.0902   	0.070000	16.9105   	0.070000	15.692    	0.070000	15.692    	0.070000	15.6921   	0.070000	16.0192   	0.070000	0.89125   	
0.080000	17.3016   	0.080000	18.5376   	0.080000	17.6156   	0.080000	17.6156   	0.080000	17.6157   	0.080000	17.7304   	0.080000	0.80729   	
0.090000	18.3532   	0.090000	20.0944   	0.090000	19.4872   	0.090000	19.4872   	0.090000	19.4872   	0.090000	19.3553   	0.090000	0.73911   	
0.100000	19.4135   	0.100000	21.5781   	0.100000	21.2907   	0.100000	21.2907   	0.100000	21.2907   	0.100000	20.8956   	0.100000	0.682524  	
0.120000	21.1016   	0.120000	24.8677   	0.120000	24.6528   	0.120000	24.6528   	0.120000	24.6528   	0.120000	24.2739   	0.120000	0.593753  	
0.140000	22.478    	0.140000	28.1073   	0.140000	27.6544   	0.140000	27.6544   	0.140000	27.6544   	0.140000	27.5803   	0.140000	0.527036  	
0.160000	23.7009   	0.160000	30.9571   	0.160000	30.2878   	0.160000	30.2878   	0.160000	30.2878   	0.160000	30.4822   	0.160000	0.474879  	
0.180000	24.8564   	0.180000	33.4542   	0.180000	32.5697   	0.180000	32.5697   	0.180000	32.5698   	0.180000	33.0213   	0.180000	0.432875  	
0.200000	25.9858   	0.200000	35.6426   	0.200000	34.5307   	0.200000	34.5307   	0.200000	34.5308   	0.200000	35.2443   	0.200000	0.398249  	
0.250000	28.1204   	0.250000	40.269    	0.250000	38.2705   	0.250000	38.2705   	0.250000	38.2705   	0.250000	39.9357   	0.250000	0.333276  	
0.300000	30.2353   	0.300000	44.2016   	0.300000	40.7872   	0.300000	40.7872   	0.300000	40.7873   	0.300000	43.9138   	0.300000	0.287723  	
0.350000	32.0774   	0.350000	47.1535   	0.350000	42.5143   	0.350000	42.5143   	0.350000	42.5143   	0.350000	46.8996   	0.350000	0.253862  	
0.400000	33.6669   	0.400000	49.3993   	0.400000	44.2584   	0.400000	44.2584   	0.400000	44.2585   	0.400000	49.1717   	0.400000	0.227618  	
0.450000	35.0725   	0.450000	51.1259   	0.450000	45.8952   	0.450000	45.8952   	0.450000	45.8953   	0.450000	50.9192   	0.450000	0.206631  	
0.500000	36.407    	0.500000	52.751    	0.500000	47.1612   	0.500000	47.1612   	0.500000	47.1612   	0.500000	52.5616   	0.500000	0.189433  	
0.600000	37.2091   	0.600000	55.0192   	0.600000	48.968    	0.600000	48.968    	0.600000	48.9681   	0.600000	54.8564   	0.600000	0.162858  	
0.700000	37.2968   	0.700000	56.3925   	0.700000	50.1656   	0.700000	50.1656   	0.700000	50.1656   	0.700000	56.2493   	0.700000	0.143213  	
0.800000	38.4208   	0.800000	57.1964   	0.800000	50.9795   	0.800000	50.9795   	0.800000	50.9795   	0.800000	57.0683   	0.800000	0.128056  	
0.900000	39.4964   	0.900000	58.0986   	0.900000	51.5271   	0.900000	51.5271   	0.900000	51.5272   	0.900000	57.9826   	0.900000	0.11598   	
1.000000	40.2809   	1.000000	58.6227   	1.000000	51.8777   	1.000000	51.8777   	1.000000	51.8778   	1.000000	58.5166   	1.000000	0.106114  	
1.250000	41.2603   	1.250000	58.88     	1.250000	52.1588   	1.250000	52.1588   	1.250000	52.1588   	1.250000	58.7922   	1.250000	0.0878266 	
1.500000	41.1821   	1.500000	57.8939   	1.500000	51.8927   	1.500000	51.8927   	1.500000	51.8927   	1.500000	57.8187   	1.500000	0.0751875 	
1.750000	40.6081   	1.750000	56.3833   	1.750000	51.3064   	1.750000	51.3064   	1.750000	51.3065   	1.750000	56.3174   	1.750000	0.0658948 	
2.000000	39.8793   	2.000000	54.8378   	2.000000	50.5321   	2.000000	50.5321   	2.000000	50.5321   	2.000000	54.779    	2.000000	0.0587558 	
2.250000	39.1345   	2.250000	53.3123   	2.250000	49.6501   	2.250000	49.6501   	2.250000	49.6501   	2.250000	53.2592   	2.250000	0.0530881 	
2.500000	47.1356   	2.500000	51.5968   	2.500000	48.5006   	2.500000	48.5006   	2.500000	48.5006   	2.500000	51.5483   	2.500000	0.0484723 	
3.000000	44.6944   	3.000000	48.5204   	3.000000	46.277    	3.000000	46.277    	3.000000	46.277    	3.000000	48.479    	3.000000	0.0413929 	
3.500000	42.3753   	3.500000	45.9533   	3.500000	44.2422   	3.500000	44.2422   	3.500000	44.2422   	3.500000	45.9171   	3.500000	0.0362038 	
4.000000	40.2345   	4.000000	43.641    	4.000000	42.3763   	4.000000	42.3763   	4.000000	42.3763   	4.000000	43.6088   	4.000000	0.0322273 	
4.500000	38.2793   	4.500000	41.4989   	4.500000	40.6615   	4.500000	40.6615   	4.500000	40.6615   	4.500000	41.4698   	4.500000	0.0290768 	
5.000000	36.4994   	5.000000	39.6091   	5.000000	39.0815   	5.000000	39.0815   	5.000000	39.0815   	5.000000	39.5826   	5.000000	0.0265157 	
5.500000	34.8786   	5.500000	37.9131   	5.500000	37.6217   	5.500000	37.6217   	5.500000	37.6218   	5.500000	37.8887   	5.500000	0.0243901 	
6.000000	33.4      	6.000000	36.3792   	6.000000	36.2695   	6.000000	36.2695   	6.000000	36.2695   	6.000000	36.3566   	6.000000	0.022596  	
6.500000	32.0476   	6.500000	34.9822   	6.500000	35.0135   	6.500000	35.0135   	6.500000	35.0135   	6.500000	34.9612   	6.500000	0.0210604 	
7.000000	30.8068   	7.000000	33.7008   	7.000000	33.8438   	7.000000	33.8438   	7.000000	33.8438   	7.000000	33.6811   	7.000000	0.0197301 	
7.500000	29.6651   	7.500000	32.5209   	7.500000	32.7518   	7.500000	32.7518   	7.500000	32.7518   	7.500000	32.5023   	7.500000	0.0185661 	
8.000000	28.6112   	8.000000	31.4258   	8.000000	31.73     	8.000000	31.73     	8.000000	31.73     	8.000000	31.4082   	8.000000	0.0175383 	
8.500000	27.6356   	8.500000	30.4057   	8.500000	30.7717   	8.500000	30.7717   	8.500000	30.7717   	8.500000	30.3891   	8.500000	0.0166239 	
9.000000	26.73     	9.000000	29.4526   	9.000000	29.8712   	9.000000	29.8712   	9.000000	29.8712   	9.000000	29.4367   	9.000000	0.0158048 	
9.500000	25.887    	9.500000	28.5595   	9.500000	29.0232   	9.500000	29.0232   	9.500000	29.0232   	9.500000	28.5444   	9.500000	0.0150666 	
10.000000	25.1004   	10.000000	26.5676   	10.000000	28.2232   	10.000000	28.2232   	10.000000	28.2232   	10.000000	26.5532   	10.000000	0.0143976 	
11.000000	23.6749   	11.000000	25.4383   	11.000000	26.5983   	11.000000	26.7889   	11.000000	26.8533   	11.000000	25.4251   	11.000000	0.0132312 	
12.000000	22.417    	12.000000	24.3937   	12.000000	25.1631   	12.000000	25.5046   	12.000000	25.6069   	12.000000	24.3815   	12.000000	0.0122478 	
13.000000	21.2985   	13.000000	23.4279   	13.000000	23.887    	13.000000	24.3487   	13.000000	24.4704   	13.000000	23.4165   	13.000000	0.0114069 	
14.000000	20.297    	14.000000	22.5342   	14.000000	22.7455   	14.000000	23.3035   	14.000000	23.4317   	14.000000	22.5235   	14.000000	0.0106792 	
15.000000	19.3948   	15.000000	21.7062   	15.000000	21.7193   	15.000000	22.3542   	15.000000	22.48     	15.000000	21.6961   	15.000000	0.0100429 	
16.000000	18.5774   	16.000000	20.9375   	16.000000	20.7927   	16.000000	21.4886   	16.000000	21.606    	16.000000	20.928    	16.000000	0.00948151	
17.000000	17.8333   	17.000000	20.2226   	17.000000	19.9524   	17.000000	20.6967   	17.000000	20.8018   	17.000000	20.2136   	17.000000	0.00898241	
18.000000	17.1529   	18.000000	19.5564   	18.000000	19.1872   	18.000000	19.9697   	18.000000	20.059    	18.000000	19.5479   	18.000000	0.0085356 	
19.000000	16.5281   	19.000000	18.9344   	19.000000	18.488    	19.000000	19.3004   	19.000000	19.3728   	19.000000	18.9262   	19.000000	0.00813315	
20.000000	15.9522   	20.000000	18.3523   	20.000000	17.8472   	20.000000	18.6826   	20.000000	18.7377   	20.000000	18.3446   	20.000000	0.00776867	
21.000000	15.4196   	21.000000	17.8067   	21.000000	17.2586   	21.000000	18.1109   	21.000000	18.1473   	21.000000	17.7993   	21.000000	0.00743693	
22.000000	14.9255   	22.000000	17.2944   	22.000000	16.7166   	22.000000	17.5806   	22.000000	17.5994   	22.000000	17.2872   	22.000000	0.00713366	
23.000000	14.4657   	23.000000	16.8123   	23.000000	16.2165   	23.000000	17.0878   	23.000000	17.0888   	23.000000	16.8054   	23.000000	0.00685528	
24.000000	14.0368   	24.000000	16.358    	24.000000	15.7537   	24.000000	16.629    	24.000000	16.613    	24.000000	16.3514   	24.000000	0.0065988 	
25.000000	13.6356   	25.000000	15.9291   	25.000000	15.3244   	25.000000	16.201    	25.000000	16.1688   	25.000000	15.9227   	25.000000	0.0063617 	
27.000000	12.9061   	27.000000	15.1397   	27.000000	14.554    	27.000000	15.427    	27.000000	15.3648   	27.000000	15.1338   	27.000000	0.00593733	
29.000000	12.2598   	29.000000	14.4302   	29.000000	13.8849   	29.000000	14.7476   	29.000000	14.6591   	29.000000	14.4246   	29.000000	0.00556838	
31.000000	11.6827   	31.000000	13.7889   	31.000000	13.2964   	31.000000	14.1026   	31.000000	13.9934   	31.000000	13.7836   	31.000000	0.0052445 	
33.000000	11.1643   	33.000000	13.2066   	33.000000	12.761    	33.000000	13.4789   	33.000000	13.3581   	33.000000	13.2016   	33.000000	0.00495781	
35.000000	10.6957   	35.000000	12.6755   	35.000000	12.2698   	35.000000	12.9126   	35.000000	12.7859   	35.000000	12.6708   	35.000000	0.00470215	
38.000000	10.0714   	38.000000	11.9611   	38.000000	11.6054   	38.000000	12.1545   	38.000000	12.0261   	38.000000	11.9567   	38.000000	0.00436651	
41.000000	9.52519   	41.000000	11.33     	41.000000	11.0169   	41.000000	11.4883   	41.000000	11.3633   	41.000000	11.326    	41.000000	0.00407748	
44.000000	9.04308   	44.000000	10.7686   	44.000000	10.4921   	44.000000	10.8983   	44.000000	10.7796   	44.000000	10.7647   	44.000000	0.00382586	
47.000000	8.61417   	47.000000	10.2658   	47.000000	10.0204   	47.000000	10.372    	47.000000	10.2613   	47.000000	10.2622   	47.000000	0.00360474	
50.000000	8.22995   	50.000000	9.81295   	50.000000	9.59318   	50.000000	9.89974   	50.000000	9.79776   	50.000000	9.80954   	50.000000	0.0034088 	
55.000000	7.67108   	55.000000	9.15061   	55.000000	8.96748   	55.000000	9.21177   	55.000000	9.12437   	55.000000	9.14748   	55.000000	0.0031274 	
60.000000	7.1942    	60.000000	8.58241   	60.000000	8.42791   	60.000000	8.62423   	60.000000	8.55074   	60.000000	8.57952   	60.000000	0.00289063	
65.000000	6.78217   	65.000000	8.08964   	65.000000	7.95919   	65.000000	8.11665   	65.000000	8.0558    	65.000000	8.08695   	65.000000	0.00268852	
70.000000	6.42236   	70.000000	7.65822   	70.000000	7.5474    	70.000000	7.67374   	70.000000	7.62423   	70.000000	7.65571   	70.000000	0.00251389	
75.000000	6.10524   	75.000000	7.27738   	75.000000	7.18324   	75.000000	7.28389   	75.000000	7.24535   	75.000000	7.27502   	75.000000	0.00236143	
80.000000	5.82349   	80.000000	6.93872   	80.000000	6.85872   	80.000000	6.93812   	80.000000	6.90932   	80.000000	6.93649   	80.000000	0.0022271 	
85.000000	5.57139   	85.000000	6.63561   	85.000000	6.56743   	85.000000	6.62935   	85.000000	6.60898   	85.000000	6.6335    	85.000000	0.00210783	
90.000000	5.34439   	90.000000	6.36273   	90.000000	6.30451   	90.000000	6.35194   	90.000000	6.33898   	90.000000	6.36073   	90.000000	0.00200117	
95.000000	5.13885   	95.000000	6.11579   	95.000000	6.06666   	95.000000	6.10136   	95.000000	6.09517   	95.000000	6.11388   	95.000000	0.0019052 	
100.000000	4.95179   	100.000000	5.89125   	100.000000	5.8498    	100.000000	5.87389   	100.000000	5.87374   	100.000000	5.88943   	100.000000	0.00181837	
105.000000	4.78077   	105.000000	5.6862    	105.000000	5.65123   	105.000000	5.66648   	105.000000	5.67162   	105.000000	5.68446   	105.000000	0.00173943	
110.000000	4.62378   	110.000000	5.49822   	110.000000	5.46918   	110.000000	5.47659   	110.000000	5.48671   	110.000000	5.49655   	110.000000	0.00166732	
115.000000	4.47911   	115.000000	5.32525   	115.000000	5.30182   	115.000000	5.30209   	115.000000	5.31637   	115.000000	5.32365   	115.000000	0.00160118	
120.000000	4.34533   	120.000000	5.16558   	120.000000	5.14703   	120.000000	5.14119   	120.000000	5.15945   	120.000000	5.16404   	120.000000	0.0015403 	
125.000000	4.22124   	125.000000	5.01772   	125.000000	5.00347   	125.000000	4.99236   	125.000000	5.014     	125.000000	5.01623   	125.000000	0.00148405	
130.000000	4.10578   	130.000000	4.88041   	130.000000	4.87021   	130.000000	4.85429   	130.000000	4.87916   	130.000000	4.87898   	130.000000	0.00143194	
135.000000	3.99808   	135.000000	4.75257   	135.000000	4.74578   	135.000000	4.72586   	135.000000	4.75346   	135.000000	4.75119   	135.000000	0.0013835 	
140.000000	3.89734   	140.000000	4.63325   	140.000000	4.62965   	140.000000	4.6061    	140.000000	4.6364    	140.000000	4.63192   	140.000000	0.00133836	
145.000000	3.80291   	145.000000	4.52163   	145.000000	4.52096   	145.000000	4.49416   	145.000000	4.52666   	145.000000	4.52034   	145.000000	0.00129619	
150.000000	3.7142    	150.000000	4.41699   	150.000000	4.4188    	150.000000	4.3893    	150.000000	4.42398   	150.000000	4.41573   	150.000000	0.0012567 	
155.000000	3.58829   	155.000000	4.31869   	155.000000	4.32283   	155.000000	4.29087   	155.000000	4.32743   	155.000000	4.31747   	155.000000	0.00121964	
160.000000	3.51497   	160.000000	4.22617   	160.000000	4.23256   	160.000000	4.19831   	160.000000	4.23659   	160.000000	4.22499   	160.000000	0.00118479	
165.000000	3.44574   	165.000000	4.13895   	165.000000	4.14746   	165.000000	4.1111    	165.000000	4.15104   	165.000000	4.13779   	165.000000	0.00115195	
170.000000	3.38028   	170.000000	4.05657   	170.000000	4.06714   	170.000000	4.02879   	170.000000	4.07009   	170.000000	4.05545   	170.000000	0.00112096	
175.000000	3.31827   	175.000000	3.97866   	175.000000	3.99114   	175.000000	3.95099   	175.000000	3.99363   	175.000000	3.97757   	175.000000	0.00109165	
180.000000	3.25945   	180.000000	3.90485   	180.000000	3.91896   	180.000000	3.87734   	180.000000	3.92121   	180.000000	3.90379   	180.000000	0.0010639 	
185.000000	3.20358   	185.000000	3.83484   	185.000000	3.85042   	185.000000	3.80752   	185.000000	3.85242   	185.000000	3.8338    	185.000000	0.00103758	
190.000000	3.15043   	190.000000	3.76833   	190.000000	3.78536   	190.000000	3.74124   	190.000000	3.78716   	190.000000	3.76732   	190.000000	0.00101259	
195.000000	3.09981   	195.000000	3.70508   	195.000000	3.72355   	195.000000	3.67823   	195.000000	3.7251    	195.000000	3.70409   	195.000000	0.000988814	
200.000000	3.05155   	200.000000	3.64485   	200.000000	3.66469   	200.000000	3.61827   	200.000000	3.66592   	200.000000	3.64388   	200.000000	0.000966175	
210.000000	2.96144   	210.000000	3.53263   	210.000000	3.55464   	210.000000	3.50665   	210.000000	3.55584   	210.000000	3.5317    	210.000000	0.000923987	
220.000000	2.87898   	220.000000	3.43021   	220.000000	3.45456   	220.000000	3.40489   	220.000000	3.45524   	220.000000	3.42932   	220.000000	0.000885465	
230.000000	2.80323   	230.000000	3.33636   	230.000000	3.36267   	230.000000	3.31175   	230.000000	3.36318   	230.000000	3.33551   	230.000000	0.000850144	
240.000000	2.7334    	240.000000	3.25007   	240.000000	3.27818   	240.000000	3.22619   	240.000000	3.27846   	240.000000	3.24925   	240.000000	0.000817637	
250.000000	2.66882   	250.000000	3.17046   	250.000000	3.20003   	250.000000	3.14735   	250.000000	3.20037   	250.000000	3.16967   	250.000000	0.000787617	
260.000000	2.60891   	260.000000	3.09679   	260.000000	3.1278    	260.000000	3.07446   	260.000000	3.12808   	260.000000	3.09603   	260.000000	0.000759804	
270.000000	2.55319   	270.000000	3.02844   	270.000000	3.06096   	270.000000	3.0069    	270.000000	3.06107   	270.000000	3.02771   	270.000000	0.000733962	
280.000000	2.50123   	280.000000	2.96485   	280.000000	2.99856   	280.000000	2.94411   	280.000000	2.99868   	280.000000	2.96414   	280.000000	0.000709885	
290.000000	2.45266   	290.000000	2.90555   	290.000000	2.94042   	290.000000	2.88562   	290.000000	2.94061   	290.000000	2.90487   	290.000000	0.000687395	
300.000000	2.40717   	300.000000	2.85013   	300.000000	2.88614   	300.000000	2.831     	300.000000	2.88624   	300.000000	2.84947   	300.000000	0.00066634	
310.000000	2.36448   	310.000000	2.79823   	310.000000	2.83532   	310.000000	2.7799    	310.000000	2.83541   	310.000000	2.79758   	310.000000	0.000646585	
320.000000	2.32433   	320.000000	2.74952   	320.000000	2.78766   	320.000000	2.73199   	320.000000	2.7877    	320.000000	2.74889   	320.000000	0.00062801	
330.000000	2.28651   	330.000000	2.70373   	330.000000	2.74293   	330.000000	2.687     	330.000000	2.74286   	330.000000	2.70312   	330.000000	0.000610513	
340.000000	2.25082   	340.000000	2.66061   	340.000000	2.70076   	340.000000	2.64467   	340.000000	2.7007    	340.000000	2.66001   	340.000000	0.000594001	
350.000000	2.21709   	350.000000	2.61994   	350.000000	2.66086   	350.000000	2.60479   	350.000000	2.66088   	350.000000	2.61936   	350.000000	0.000578391	
360.000000	2.18517   	360.000000	2.58152   	360.000000	2.62329   	360.000000	2.56714   	360.000000	2.62331   	360.000000	2.58095   	360.000000	0.000563611	
370.000000	2.15492   	370.000000	2.54517   	370.000000	2.58788   	370.000000	2.53157   	370.000000	2.58782   	370.000000	2.54462   	370.000000	0.000549596	
380.000000	2.12621   	380.000000	2.51074   	380.000000	2.55426   	380.000000	2.4979    	380.000000	2.55415   	380.000000	2.51021   	380.000000	0.000536287	
390.000000	2.09893   	390.000000	2.47809   	390.000000	2.5223    	390.000000	2.46599   	390.000000	2.52226   	390.000000	2.47756   	390.000000	0.000523631	
400.000000	2.07299   	400.000000	2.44708   	400.000000	2.49197   	400.000000	2.43572   	400.000000	2.49203   	400.000000	2.44657   	400.000000	0.000511581	
410.000000	2.04828   	410.000000	2.4176    	410.000000	2.46321   	410.000000	2.40697   	410.000000	2.46324   	410.000000	2.4171    	410.000000	0.000500094	
420.000000	2.02472   	420.000000	2.38954   	420.000000	2.43596   	420.000000	2.37963   	420.000000	2.43588   	420.000000	2.38905   	420.000000	0.00048913	
430.000000	2.00224   	430.000000	2.36281   	430.000000	2.41001   	430.000000	2.35361   	430.000000	2.40984   	430.000000	2.36233   	430.000000	0.000478655	
440.000000	1.98078   	440.000000	2.33732   	440.000000	2.3852    	440.000000	2.32881   	440.000000	2.38501   	440.000000	2.33685   	440.000000	0.000468636	
450.000000	1.96025   	450.000000	2.31299   	450.000000	2.36149   	450.000000	2.30516   	450.000000	2.3613    	450.000000	2.31253   	450.000000	0.000459043	
460.000000	1.94062   	460.000000	2.28974   	460.000000	2.33888   	460.000000	2.28259   	460.000000	2.33868   	460.000000	2.28929   	460.000000	0.000449849	
470.000000	1.92181   	470.000000	2.26752   	470.000000	2.31727   	470.000000	2.26103   	470.000000	2.31708   	470.000000	2.26708   	470.000000	0.00044103	
480.000000	1.90379   	480.000000	2.24625   	480.000000	2.29656   	480.000000	2.2404    	480.000000	2.29638   	480.000000	2.24582   	480.000000	0.000432563	
490.000000	1.88651   	490.000000	2.22588   	490.000000	2.27668   	490.000000	2.22067   	490.000000	2.27658   	490.000000	2.22545   	490.000000	0.000424428	
500.000000	1.86993   	500.000000	2.20636   	500.000000	2.25764   	500.000000	2.20177   	500.000000	2.25762   	500.000000	2.20594   	500.000000	0.000416603	
520.000000	1.8387    	520.000000	2.16967   	520.000000	2.22203   	520.000000	2.1663    	520.000000	2.22201   	520.000000	2.16927   	520.000000	0.00040182	
540.000000	1.80984   	540.000000	2.13583   	540.000000	2.1893    	540.000000	2.13363   	540.000000	2.18919   	540.000000	2.13545   	540.000000	0.000388087	
560.000000	1.78309   	560.000000	2.10456   	560.000000	2.159     	560.000000	2.10347   	560.000000	2.15889   	560.000000	2.10418   	560.000000	0.000375295	
580.000000	1.75825   	580.000000	2.07558   	580.000000	2.13084   	580.000000	2.07556   	580.000000	2.13081   	580.000000	2.07522   	580.000000	0.000363349	
600.000000	1.73514   	600.000000	2.04869   	600.000000	2.10482   	600.000000	2.04969   	600.000000	2.1048    	600.000000	2.04833   	600.000000	0.000352166	
620.000000	1.71361   	620.000000	2.02367   	620.000000	2.08069   	620.000000	2.02564   	620.000000	2.08058   	620.000000	2.02333   	620.000000	0.000341675	
640.000000	1.69351   	640.000000	2.00037   	640.000000	2.0581    	640.000000	2.00326   	640.000000	2.05805   	640.000000	2.00003   	640.000000	0.000331814	
660.000000	1.67472   	660.000000	1.97862   	660.000000	2.03705   	660.000000	1.9824    	660.000000	2.03703   	660.000000	1.9783    	660.000000	0.000322526	
680.000000	1.65714   	680.000000	1.9583    	680.000000	2.01748   	680.000000	1.96291   	680.000000	2.01738   	680.000000	1.95798   	680.000000	0.000313761	
700.000000	1.64065   	700.000000	1.93928   	700.000000	1.99915   	700.000000	1.94468   	700.000000	1.99902   	700.000000	1.93897   	700.000000	0.000305478	
720.000000	1.62519   	720.000000	1.92146   	720.000000	1.98192   	720.000000	1.92761   	720.000000	1.98179   	720.000000	1.92117   	720.000000	0.000297636	
740.000000	1.61066   	740.000000	1.90475   	740.000000	1.96572   	740.000000	1.9116    	740.000000	1.96563   	740.000000	1.90446   	740.000000	0.0002902 	
760.000000	1.597     	760.000000	1.88906   	760.000000	1.95052   	760.000000	1.89657   	760.000000	1.95047   	760.000000	1.88878   	760.000000	0.00028314	
780.000000	1.58415   	780.000000	1.87431   	780.000000	1.93624   	780.000000	1.88244   	780.000000	1.9362    	780.000000	1.87404   	780.000000	0.000276428	
800.000000	1.57205   	800.000000	1.86044   	800.000000	1.9228    	800.000000	1.86914   	800.000000	1.92276   	800.000000	1.86017   	800.000000	0.000270038	
820.000000	1.56064   	820.000000	1.84738   	820.000000	1.91013   	820.000000	1.85662   	820.000000	1.91011   	820.000000	1.84711   	820.000000	0.000263946	
840.000000	1.54989   	840.000000	1.83507   	840.000000	1.89818   	840.000000	1.8448    	840.000000	1.89817   	840.000000	1.83481   	840.000000	0.000258134	
860.000000	1.53974   	860.000000	1.82347   	860.000000	1.8869    	860.000000	1.83366   	860.000000	1.88689   	860.000000	1.82322   	860.000000	0.00025258	
880.000000	1.53016   	880.000000	1.81252   	880.000000	1.87625   	880.000000	1.82313   	880.000000	1.87625   	880.000000	1.81228   	880.000000	0.00024727	
900.000000	1.52112   	900.000000	1.80219   	900.000000	1.86617   	900.000000	1.81318   	900.000000	1.86619   	900.000000	1.80195   	900.000000	0.000242185	
920.000000	1.51257   	920.000000	1.79244   	920.000000	1.85664   	920.000000	1.80376   	920.000000	1.85665   	920.000000	1.7922    	920.000000	0.000237313	
940.000000	1.5045    	940.000000	1.78322   	940.000000	1.84762   	940.000000	1.79485   	940.000000	1.84762   	940.000000	1.78299   	940.000000	0.00023264	
960.000000	1.49687   	960.000000	1.77451   	960.000000	1.83907   	960.000000	1.78641   	960.000000	1.83908   	960.000000	1.77428   	960.000000	0.000228154	
980.000000	1.48965   	980.000000	1.76627   	980.000000	1.83096   	980.000000	1.7784    	980.000000	1.83098   	980.000000	1.76605   	980.000000	0.000223844	
1000.000000	1.48283   	1000.000000	1.75849   	1000.000000	1.82327   	1000.000000	1.77082   	1000.000000	1.82328   	1000.000000	1.75827   	1000.000000	0.000219699	
1020.000000	1.47638   	1020.000000	1.75112   	1020.000000	1.81598   	1020.000000	1.76361   	1020.000000	1.81598   	1020.000000	1.75091   	1020.000000	0.000215711	
1040.000000	1.47029   	1040.000000	1.74416   	1040.000000	1.80905   	1040.000000	1.75678   	1040.000000	1.80905   	1040.000000	1.74395   	1040.000000	0.000211869	
1060.000000	1.46452   	1060.000000	1.73757   	1060.000000	1.80247   	1060.000000	1.75029   	1060.000000	1.80248   	1060.000000	1.73736   	1060.000000	0.000208167	
1080.000000	1.45908   	1080.000000	1.73133   	1080.000000	1.79621   	1080.000000	1.74412   	1080.000000	1.79621   	1080.000000	1.73113   	1080.000000	0.000204597	
1100.000000	1.45393   	1100.000000	1.72544   	1100.000000	1.79026   	1100.000000	1.73825   	1100.000000	1.79025   	1100.000000	1.72524   	1100.000000	0.000201151	
1120.000000	1.44907   	1120.000000	1.71986   	1120.000000	1.7846    	1120.000000	1.73268   	1120.000000	1.7846    	1120.000000	1.71966   	1120.000000	0.000197824	
1140.000000	1.44447   	1140.000000	1.71458   	1140.000000	1.77922   	1140.000000	1.72737   	1140.000000	1.77922   	1140.000000	1.71439   	1140.000000	0.000194609	
1160.000000	1.44014   	1160.000000	1.7096    	1160.000000	1.77409   	1160.000000	1.72232   	1160.000000	1.77409   	1160.000000	1.70941   	1160.000000	0.0001915 	
1180.000000	1.43605   	1180.000000	1.70488   	1180.000000	1.76922   	1180.000000	1.71752   	1180.000000	1.7692    	1180.000000	1.70469   	1180.000000	0.000188492	
1200.000000	1.43219   	1200.000000	1.70043   	1200.000000	1.76457   	1200.000000	1.71294   	1200.000000	1.76455   	1200.000000	1.70024   	1200.000000	0.000185581	
1220.000000	1.42856   	1220.000000	1.69622   	1220.000000	1.76015   	1220.000000	1.70859   	1220.000000	1.76012   	1220.000000	1.69604   	1220.000000	0.000182761	
1240.000000	1.42514   	1240.000000	1.69225   	1240.000000	1.75594   	1240.000000	1.70444   	1240.000000	1.75591   	1240.000000	1.69207   	1240.000000	0.000180029	
1260.000000	1.42192   	1260.000000	1.6885    	1260.000000	1.75193   	1260.000000	1.70049   	1260.000000	1.75188   	1260.000000	1.68832   	1260.000000	0.00017738	
1280.000000	1.4189    	1280.000000	1.68496   	1280.000000	1.7481    	1280.000000	1.69672   	1280.000000	1.74804   	1280.000000	1.68479   	1280.000000	0.000174811	
1300.000000	1.41607   	1300.000000	1.68163   	1300.000000	1.74445   	1300.000000	1.69313   	1300.000000	1.74439   	1300.000000	1.68146   	1300.000000	0.000172318	
1320.000000	1.41341   	1320.000000	1.6785    	1320.000000	1.74096   	1320.000000	1.68971   	1320.000000	1.7409    	1320.000000	1.67833   	1320.000000	0.000169897	
1340.000000	1.41093   	1340.000000	1.67555   	1340.000000	1.73762   	1340.000000	1.68645   	1340.000000	1.73759   	1340.000000	1.67538   	1340.000000	0.000167546	
1360.000000	1.40861   	1360.000000	1.67278   	1360.000000	1.73444   	1360.000000	1.68335   	1360.000000	1.73442   	1360.000000	1.67262   	1360.000000	0.000165261	
1380.000000	1.40644   	1380.000000	1.67018   	1380.000000	1.73141   	1380.000000	1.68038   	1380.000000	1.73139   	1380.000000	1.67002   	1380.000000	0.00016304	
1400.000000	1.40443   	1400.000000	1.66775   	1400.000000	1.72851   	1400.000000	1.67756   	1400.000000	1.72851   	1400.000000	1.66759   	1400.000000	0.00016088	
1420.000000	1.40256   	1420.000000	1.66547   	1420.000000	1.72575   	1420.000000	1.67487   	1420.000000	1.72577   	1420.000000	1.66531   	1420.000000	0.000158778	
1440.000000	1.40083   	1440.000000	1.66334   	1440.000000	1.72312   	1440.000000	1.67231   	1440.000000	1.72315   	1440.000000	1.66318   	1440.000000	0.000156733	
1460.000000	1.39924   	1460.000000	1.66136   	1460.000000	1.72062   	1460.000000	1.66987   	1460.000000	1.72066   	1460.000000	1.6612    	1460.000000	0.000154741	
1480.000000	1.39778   	1480.000000	1.65951   	1480.000000	1.71823   	1480.000000	1.66754   	1480.000000	1.71828   	1480.000000	1.65936   	1480.000000	0.000152801	
1500.000000	1.39644   	1500.000000	1.6578    	1500.000000	1.71596   	1500.000000	1.66532   	1500.000000	1.716     	1500.000000	1.65765   	1500.000000	0.000150911	
1520.000000	1.39522   	1520.000000	1.65621   	1520.000000	1.7138    	1520.000000	1.66321   	1520.000000	1.71384   	1520.000000	1.65606   	1520.000000	0.000149068	
1540.000000	1.39412   	1540.000000	1.65475   	1540.000000	1.71175   	1540.000000	1.6612    	1540.000000	1.71178   	1540.000000	1.65461   	1540.000000	0.000147272	
1560.000000	1.39312   	1560.000000	1.65341   	1560.000000	1.70979   	1560.000000	1.65929   	1560.000000	1.70982   	1560.000000	1.65326   	1560.000000	0.00014552	
1580.000000	1.39224   	1580.000000	1.65218   	1580.000000	1.70793   	1580.000000	1.65746   	1580.000000	1.70796   	1580.000000	1.65204   	1580.000000	0.000143811	
1600.000000	1.39146   	1600.000000	1.65106   	1600.000000	1.70616   	1600.000000	1.65573   	1600.000000	1.70618   	1600.000000	1.65092   	1600.000000	0.000142142	
1620.000000	1.39078   	1620.000000	1.65005   	1620.000000	1.70448   	1620.000000	1.65408   	1620.000000	1.70448   	1620.000000	1.6499    	1620.000000	0.000140513	
1640.000000	1.3902    	1640.000000	1.64913   	1640.000000	1.70287   	1640.000000	1.65251   	1640.000000	1.70287   	1640.000000	1.64899   	1640.000000	0.000138923	
1660.000000	1.38971   	1660.000000	1.64832   	1660.000000	1.70135   	1660.000000	1.65102   	1660.000000	1.70133   	1660.000000	1.64818   	1660.000000	0.000137369	
1680.000000	1.38931   	1680.000000	1.6476    	1680.000000	1.69991   	1680.000000	1.64961   	1680.000000	1.69988   	1680.000000	1.64746   	1680.000000	0.000135851	
1700.000000	1.38901   	1700.000000	1.64697   	1700.000000	1.69853   	1700.000000	1.64827   	1700.000000	1.6985    	1700.000000	1.64684   	1700.000000	0.000134367	
1750.000000	1.3886    	1750.000000	1.64578   	1750.000000	1.69538   	1750.000000	1.64521   	1750.000000	1.69534   	1750.000000	1.64565   	1750.000000	0.000130801	
1800.000000	1.38869   	1800.000000	1.64509   	1800.000000	1.69262   	1800.000000	1.64253   	1800.000000	1.69257   	1800.000000	1.64497   	1800.000000	0.000127425	
1850.000000	1.38923   	1850.000000	1.64487   	1850.000000	1.6902    	1850.000000	1.64021   	1850.000000	1.69017   	1850.000000	1.64475   	1850.000000	0.000124224	
1900.000000	1.39019   	1900.000000	1.64508   	1900.000000	1.68809   	1900.000000	1.63822   	1900.000000	1.68808   	1900.000000	1.64496   	1900.000000	0.000121186	
1950.000000	1.39155   	1950.000000	1.64569   	1950.000000	1.68629   	1950.000000	1.63651   	1950.000000	1.6863    	1950.000000	1.64557   	1950.000000	0.000118298	
2000.000000	1.39328   	2000.000000	1.64666   	2000.000000	1.68476   	2000.000000	1.63507   	2000.000000	1.68478   	2000.000000	1.64654   	2000.000000	0.000115548	
2100.000000	1.39775   	2100.000000	1.6496    	2100.000000	1.68245   	2100.000000	1.6329    	2100.000000	1.68247   	2100.000000	1.64949   	2100.000000	0.000110428	
2200.000000	1.40342   	2200.000000	1.65371   	2200.000000	1.68098   	2200.000000	1.63153   	2200.000000	1.68098   	2200.000000	1.65361   	2200.000000	0.000105756	
2300.000000	1.41016   	2300.000000	1.65885   	2300.000000	1.68022   	2300.000000	1.63085   	2300.000000	1.68018   	2300.000000	1.65875   	2300.000000	0.000101476	
2400.000000	1.41786   	2400.000000	1.66488   	2400.000000	1.68003   	2400.000000	1.63075   	2400.000000	1.67997   	2400.000000	1.66478   	2400.000000	9.75394e-05	
2500.000000	1.42641   	2500.000000	1.6717    	2500.000000	1.68031   	2500.000000	1.63113   	2500.000000	1.68025   	2500.000000	1.6716    	2500.000000	9.39064e-05	
2600.000000	1.43574   	2600.000000	1.67921   	2600.000000	1.68101   	2600.000000	1.63193   	2600.000000	1.68096   	2600.000000	1.67912   	2600.000000	9.05426e-05	
2700.000000	1.44576   	2700.000000	1.68734   	2700.000000	1.68206   	2700.000000	1.63307   	2700.000000	1.68202   	2700.000000	1.68725   	2700.000000	8.7419e-05	
2800.000000	1.45641   	2800.000000	1.69602   	2800.000000	1.68342   	2800.000000	1.63452   	2800.000000	1.6834    	2800.000000	1.69593   	2800.000000	8.45105e-05	
2900.000000	1.46765   	2900.000000	1.70519   	2900.000000	1.68504   	2900.000000	1.63622   	2900.000000	1.68502   	2900.000000	1.7051    	2900.000000	8.17953e-05	
3000.000000	1.47942   	3000.000000	1.7148    	3000.000000	1.68689   	3000.000000	1.63814   	3000.000000	1.68688   	3000.000000	1.71472   	3000.000000	7.92546e-05	
3200.000000	1.50441   	3200.000000	1.73518   	3200.000000	1.69114   	3200.000000	1.64252   	3200.000000	1.69112   	3200.000000	1.7351    	3200.000000	7.46328e-05	
3400.000000	1.53111   	3400.000000	1.75687   	3400.000000	1.69596   	3400.000000	1.64744   	3400.000000	1.69593   	3400.000000	1.75679   	3400.000000	7.05359e-05	
3600.000000	1.55929   	3600.000000	1.77964   	3600.000000	1.70118   	3600.000000	1.65275   	3600.000000	1.70116   	3600.000000	1.77957   	3600.000000	6.68783e-05	
3800.000000	1.58879   	3800.000000	1.80331   	3800.000000	1.7067    	3800.000000	1.65835   	3800.000000	1.70666   	3800.000000	1.80325   	3800.000000	6.35923e-05	
4000.000000	1.61947   	4000.000000	1.82775   	4000.000000	1.71241   	4000.000000	1.66415   	4000.000000	1.71238   	4000.000000	1.82769   	4000.000000	6.06236e-05	
4200.000000	1.65122   	4200.000000	1.85283   	4200.000000	1.71825   	4200.000000	1.67007   	4200.000000	1.71823   	4200.000000	1.85277   	4200.000000	5.79277e-05	
4400.000000	1.68394   	4400.000000	1.87847   	4400.000000	1.72418   	4400.000000	1.67608   	4400.000000	1.72416   	4400.000000	1.87841   	4400.000000	5.54685e-05	
4600.000000	1.71756   	4600.000000	1.90458   	4600.000000	1.73016   	4600.000000	1.68213   	4600.000000	1.73014   	4600.000000	1.90453   	4600.000000	5.32157e-05	
4800.000000	1.75201   	4800.000000	1.9311    	4800.000000	1.73615   	4800.000000	1.68819   	4800.000000	1.73614   	4800.000000	1.93105   	4800.000000	5.11442e-05	
5000.000000	1.78724   	5000.000000	1.95798   	5000.000000	1.74213   	5000.000000	1.69424   	5000.000000	1.74213   	5000.000000	1.95793   	5000.000000	4.92327e-05	
5250.000000	1.83229   	5250.000000	1.99202   	5250.000000	1.74956   	5250.000000	1.70175   	5250.000000	1.74957   	5250.000000	1.99197   	5250.000000	4.70411e-05	
5500.000000	1.87841   	5500.000000	2.02646   	5500.000000	1.75693   	5500.000000	1.7092    	5500.000000	1.75695   	5500.000000	2.02641   	5500.000000	4.50419e-05	
6000.000000	1.9736    	6000.000000	2.09634   	6000.000000	1.77139   	6000.000000	1.7238    	6000.000000	1.77142   	6000.000000	2.0963    	6000.000000	4.15269e-05	
6500.000000	2.0724    	6500.000000	2.16727   	6500.000000	1.78543   	6500.000000	1.73795   	6500.000000	1.78545   	6500.000000	2.16723   	6500.000000	3.8535e-05	
7000.000000	2.17453   	7000.000000	2.23896   	7000.000000	1.799     	7000.000000	1.75161   	7000.000000	1.79899   	7000.000000	2.23892   	7000.000000	3.59566e-05	
7500.000000	2.27978   	7500.000000	2.31122   	7500.000000	1.81208   	7500.000000	1.76476   	7500.000000	1.81203   	7500.000000	2.31119   	7500.000000	3.37107e-05	
8000.000000	2.38799   	8000.000000	2.38393   	8000.000000	1.82462   	8000.000000	1.77742   	8000.000000	1.82457   	8000.000000	2.38389   	8000.000000	3.17365e-05	
8500.000000	2.49903   	8500.000000	2.45696   	8500.000000	1.83664   	8500.000000	1.7896    	8500.000000	1.83663   	8500.000000	2.45693   	8500.000000	2.99869e-05	
9000.000000	2.61281   	9000.000000	2.53023   	9000.000000	1.8482    	9000.000000	1.80132   	9000.000000	1.84823   	9000.000000	2.5302    	9000.000000	2.84254e-05	
9500.000000	2.72925   	9500.000000	2.60369   	9500.000000	1.85935   	9500.000000	1.81261   	9500.000000	1.85939   	9500.000000	2.60366   	9500.000000	2.70229e-05	
10000.000000	2.8483    	10000.000000	2.67728   	10000.000000	1.87012   	10000.000000	1.82347   	10000.000000	1.87013   	10000.000000	2.67726   	10000.000000	2.57561e-05	
11000.000000	3.09401   	11000.000000	2.82473   	11000.000000	1.89048   	11000.000000	1.84406   	11000.000000	1.89045   	11000.000000	2.82471   	11000.000000	2.35571e-05	
12000.000000	3.34967   	12000.000000	2.97234   	12000.000000	1.90934   	12000.000000	1.86326   	12000.000000	1.90938   	12000.000000	2.97232   	12000.000000	2.17132e-05	
13000.000000	3.61508   	13000.000000	3.11997   	13000.000000	1.92698   	13000.000000	1.88122   	13000.000000	1.92705   	13000.000000	3.11995   	13000.000000	2.01442e-05	
14000.000000	3.8901    	14000.000000	3.26753   	14000.000000	1.94359   	14000.000000	1.89808   	14000.000000	1.94361   	14000.000000	3.26751   	14000.000000	1.87924e-05	
15000.000000	4.17466   	15000.000000	3.41496   	15000.000000	1.95925   	15000.000000	1.91397   	15000.000000	1.95918   	15000.000000	3.41494   	15000.000000	1.76152e-05	
16000.000000	4.4687    	16000.000000	3.5622    	16000.000000	1.97399   	16000.000000	1.92897   	16000.000000	1.97384   	16000.000000	3.56218   	16000.000000	1.65806e-05	
17000.000000	4.77219   	17000.000000	3.70924   	17000.000000	1.98787   	17000.000000	1.94318   	17000.000000	1.98771   	17000.000000	3.70922   	17000.000000	1.56639e-05	
18000.000000	5.08511   	18000.000000	3.85605   	18000.000000	2.00097   	18000.000000	1.95668   	18000.000000	2.00084   	18000.000000	3.85604   	18000.000000	1.48459e-05	
19000.000000	5.40746   	19000.000000	4.00263   	19000.000000	2.01338   	19000.000000	1.96953   	19000.000000	2.0133    	19000.000000	4.00261   	19000.000000	1.41113e-05	
20000.000000	5.73924   	20000.000000	4.14896   	20000.000000	2.02517   	20000.000000	1.98178   	20000.000000	2.02516   	20000.000000	4.14895   	20000.000000	1.34479e-05	
21000.000000	6.08047   	21000.000000	4.29505   	21000.000000	2.03644   	21000.000000	1.9935    	21000.000000	2.03646   	21000.000000	4.29504   	21000.000000	1.28457e-05	
22000.000000	6.43116   	22000.000000	4.44089   	22000.000000	2.04728   	22000.000000	2.00471   	22000.000000	2.04725   	22000.000000	4.44088   	22000.000000	1.22966e-05	
23000.000000	6.79134   	23000.000000	4.58649   	23000.000000	2.05759   	23000.000000	2.01547   	23000.000000	2.05757   	23000.000000	4.58648   	23000.000000	1.17938e-05	
24000.000000	7.16105   	24000.000000	4.73185   	24000.000000	2.06745   	24000.000000	2.02581   	24000.000000	2.06744   	24000.000000	4.73184   	24000.000000	1.13315e-05	
25000.000000	7.5403    	25000.000000	4.87697   	25000.000000	2.07696   	25000.000000	2.03576   	25000.000000	2.07692   	25000.000000	4.87696   	25000.000000	1.09051e-05	
26000.000000	7.92914   	26000.000000	5.02185   	26000.000000	2.08609   	26000.000000	2.04534   	26000.000000	2.08602   	26000.000000	5.02184   	26000.000000	1.05105e-05	
27000.000000	8.32761   	27000.000000	5.1665    	27000.000000	2.09481   	27000.000000	2.05459   	27000.000000	2.09477   	27000.000000	5.16649   	27000.000000	1.01442e-05	
28000.000000	8.73574   	28000.000000	5.31092   	28000.000000	2.1032    	28000.000000	2.06352   	28000.000000	2.10318   	28000.000000	5.31091   	28000.000000	9.80325e-06	
29000.000000	9.15358   	29000.000000	5.45513   	29000.000000	2.11128   	29000.000000	2.07216   	29000.000000	2.11129   	29000.000000	5.45512   	29000.000000	9.48511e-06	
30000.000000	9.58116   	30000.000000	5.59911   	30000.000000	2.1191    	30000.000000	2.08052   	30000.000000	2.11911   	30000.000000	5.5991    	30000.000000	9.18752e-06	
32000.000000	10.4658   	32000.000000	5.88645   	32000.000000	2.13397   	32000.000000	2.09648   	32000.000000	2.13395   	32000.000000	5.88645   	32000.000000	8.64646e-06	
34000.000000	11.3899   	34000.000000	6.17298   	34000.000000	2.14789   	34000.000000	2.11151   	34000.000000	2.14782   	34000.000000	6.17298   	34000.000000	8.16717e-06	
36000.000000	12.354    	36000.000000	6.45874   	36000.000000	2.1609    	36000.000000	2.12573   	36000.000000	2.16082   	36000.000000	6.45873   	36000.000000	7.73954e-06	
38000.000000	13.3584   	38000.000000	6.74375   	38000.000000	2.17307   	38000.000000	2.13921   	38000.000000	2.17304   	38000.000000	6.74375   	38000.000000	7.35559e-06	
40000.000000	14.4035   	40000.000000	7.02806   	40000.000000	2.18451   	40000.000000	2.15203   	40000.000000	2.18456   	40000.000000	7.02805   	40000.000000	7.0089e-06	
42000.000000	15.4898   	42000.000000	7.31169   	42000.000000	2.19534   	42000.000000	2.16425   	42000.000000	2.19542   	42000.000000	7.31168   	42000.000000	6.69424e-06	
44000.000000	16.6177   	44000.000000	7.59467   	44000.000000	2.20565   	44000.000000	2.17591   	44000.000000	2.20572   	44000.000000	7.59466   	44000.000000	6.40734e-06	
46000.000000	17.7876   	46000.000000	7.87703   	46000.000000	2.21551   	46000.000000	2.18708   	46000.000000	2.21546   	46000.000000	7.87702   	46000.000000	6.14465e-06	
48000.000000	19        	48000.000000	8.15879   	48000.000000	2.22493   	48000.000000	2.19778   	48000.000000	2.22472   	48000.000000	8.15878   	48000.000000	5.90321e-06	
50000.000000	20.2552   	50000.000000	8.43997   	50000.000000	2.23387   	50000.000000	2.20806   	50000.000000	2.2335    	50000.000000	8.43997   	50000.000000	5.6805e-06	
