! 71Zn energy loss (dE/dX) in He
! apply ZOOM for details
Energy (MeV/u)1	0 - [He-base] F.Hubert et al, AD&ND Tables 46(1990)1	Energy (MeV/u)2	1 - [H -base] J.F.Ziegler et al,Pergamon Press,NY(low energy)	Energy (MeV/u)3	2 - ATIMA 1.2 LS-theory (recommended for high energy)	Energy (MeV/u)4	3 - ATIMA 1.2 without LS-correction	Energy (MeV/u)5	4 - ATIMA 1.4 H.Weick, improved mean charge formula for HI	Energy (MeV/u)6	5 - electrical component of [1] - J.F.Ziegler et al	Energy (MeV/u)7	6 - nuclear component of [1] - J.F.Ziegler et al	
0.001000	0.000153046	0.001000	0.000177255	0.001000	0.000155678	0.001000	0.000155678	0.001000	0.000155688	0.001000	4.54869e-05	0.001000	0.000131768	
0.002000	0.000155599	0.002000	0.000175221	0.002000	0.000150045	0.002000	0.000150045	0.002000	0.000150052	0.002000	5.89893e-05	0.002000	0.000116232	
0.005000	0.000157441	0.005000	0.000168191	0.005000	0.000138475	0.005000	0.000138475	0.005000	0.00013848	0.005000	8.31765e-05	0.005000	8.50149e-05	
0.008000	0.0001617 	0.008000	0.000167433	0.008000	0.000135847	0.008000	0.000135847	0.008000	0.00013585	0.008000	9.92077e-05	0.008000	6.82254e-05	
0.010000	0.000165214	0.010000	0.000168574	0.010000	0.000136311	0.010000	0.000136311	0.010000	0.000136313	0.010000	0.000107867	0.010000	6.07076e-05	
0.015000	0.000174685	0.015000	0.000173814	0.015000	0.000140828	0.015000	0.000140828	0.015000	0.00014083	0.015000	0.00012558	0.015000	4.82339e-05	
0.020000	0.000184142	0.020000	0.000180349	0.020000	0.000147382	0.020000	0.000147382	0.020000	0.000147383	0.020000	0.000139886	0.020000	4.04639e-05	
0.025000	0.0001932 	0.025000	0.000187183	0.025000	0.000154626	0.025000	0.000154626	0.025000	0.000154627	0.025000	0.000152095	0.025000	3.5088e-05	
0.030000	0.00020632	0.030000	0.000193972	0.030000	0.000162061	0.030000	0.000162061	0.030000	0.000162062	0.030000	0.000162857	0.030000	3.11143e-05	
0.035000	0.000219949	0.035000	0.000200589	0.035000	0.000169479	0.035000	0.000169479	0.035000	0.00016948	0.035000	0.000172549	0.035000	2.80401e-05	
0.040000	0.000231721	0.040000	0.000209286	0.040000	0.000178443	0.040000	0.000178443	0.040000	0.000178444	0.040000	0.000183705	0.040000	2.55808e-05	
0.045000	0.000241474	0.045000	0.000228175	0.045000	0.000195601	0.045000	0.000195601	0.045000	0.000195602	0.045000	0.000204613	0.045000	2.35624e-05	
0.050000	0.000248989	0.050000	0.000245789	0.050000	0.000212935	0.050000	0.000212935	0.050000	0.000212936	0.050000	0.000224122	0.050000	2.16666e-05	
0.055000	0.000262165	0.055000	0.000262802	0.055000	0.000230731	0.055000	0.000230731	0.055000	0.000230732	0.055000	0.000242556	0.055000	2.02458e-05	
0.060000	0.000274161	0.060000	0.000279198	0.060000	0.000248646	0.060000	0.000248646	0.060000	0.000248647	0.060000	0.00026018	0.060000	1.9018e-05	
0.070000	0.000294684	0.070000	0.000310675	0.070000	0.000284474	0.070000	0.000284474	0.070000	0.000284475	0.070000	0.000293676	0.070000	1.69986e-05	
0.080000	0.000317097	0.080000	0.000340773	0.080000	0.000319833	0.080000	0.000319833	0.080000	0.000319834	0.080000	0.000325371	0.080000	1.54025e-05	
0.090000	0.000336589	0.090000	0.000369576	0.090000	0.0003543 	0.090000	0.0003543 	0.090000	0.0003543 	0.090000	0.00035547	0.090000	1.41056e-05	
0.100000	0.00035377	0.100000	0.000397031	0.100000	0.000387568	0.100000	0.000387568	0.100000	0.000387569	0.100000	0.000384002	0.100000	1.30288e-05	
0.120000	0.000384778	0.120000	0.000453704	0.120000	0.000449722	0.120000	0.000449722	0.120000	0.000449722	0.120000	0.000442365	0.120000	1.13386e-05	
0.140000	0.000410588	0.140000	0.000513689	0.140000	0.000505355	0.140000	0.000505355	0.140000	0.000505356	0.140000	0.000503622	0.140000	1.00675e-05	
0.160000	0.000433556	0.160000	0.000566582	0.160000	0.000554282	0.160000	0.000554282	0.160000	0.000554282	0.160000	0.000557508	0.160000	9.07342e-06	
0.180000	0.000455258	0.180000	0.000613031	0.180000	0.00059678	0.180000	0.00059678	0.180000	0.00059678	0.180000	0.000604758	0.180000	8.27252e-06	
0.200000	0.000476456	0.200000	0.00065382	0.200000	0.000633387	0.200000	0.000633387	0.200000	0.000633387	0.200000	0.000646208	0.200000	7.61213e-06	
0.250000	0.000513651	0.250000	0.00073648	0.250000	0.00070349	0.250000	0.00070349	0.250000	0.00070349	0.250000	0.000730108	0.250000	6.37242e-06	
0.300000	0.000550683	0.300000	0.000805162	0.300000	0.000750984	0.300000	0.000750984	0.300000	0.000750985	0.300000	0.000799659	0.300000	5.50284e-06	
0.350000	0.000583318	0.350000	0.00085704	0.350000	0.000783818	0.350000	0.000783818	0.350000	0.000783819	0.350000	0.000852184	0.350000	4.85622e-06	
0.400000	0.000611756	0.400000	0.000896841	0.400000	0.000811198	0.400000	0.000811198	0.400000	0.000811198	0.400000	0.000892486	0.400000	4.35493e-06	
0.450000	0.000636337	0.450000	0.000927749	0.450000	0.000842738	0.450000	0.000842738	0.450000	0.000842739	0.450000	0.000923795	0.450000	3.95396e-06	
0.500000	0.000668296	0.500000	0.00096447	0.500000	0.000867335	0.500000	0.000867335	0.500000	0.000867336	0.500000	0.000960845	0.500000	3.6253e-06	
0.600000	0.000699714	0.600000	0.00103385	0.600000	0.000902866	0.600000	0.000902866	0.600000	0.000902866	0.600000	0.00103073	0.600000	3.11733e-06	
0.700000	0.000713578	0.700000	0.00108064	0.700000	0.000926828	0.700000	0.000926828	0.700000	0.000926829	0.700000	0.00107789	0.700000	2.74175e-06	
0.800000	0.000743671	0.800000	0.00111196	0.800000	0.000943452	0.800000	0.000943452	0.800000	0.000943453	0.800000	0.00110951	0.800000	2.4519e-06	
0.900000	0.000761495	0.900000	0.00112576	0.900000	0.000954955	0.900000	0.000954955	0.900000	0.000954956	0.900000	0.00112354	0.900000	2.22092e-06	
1.000000	0.000772931	1.000000	0.00112975	1.000000	0.000962652	1.000000	0.000962652	1.000000	0.000962653	1.000000	0.00112772	1.000000	2.0322e-06	
1.250000	0.000785067	1.250000	0.00112371	1.250000	0.000970333	1.250000	0.000970333	1.250000	0.000970334	1.250000	0.00112203	1.250000	1.6823e-06	
1.500000	0.000779916	1.500000	0.00109901	1.500000	0.000967318	1.500000	0.000967318	1.500000	0.000967319	1.500000	0.00109757	1.500000	1.44042e-06	
1.750000	0.000763062	1.750000	0.00106053	1.750000	0.000957968	1.750000	0.000957968	1.750000	0.000957969	1.750000	0.00105926	1.750000	1.26254e-06	
2.000000	0.000745636	2.000000	0.00102548	2.000000	0.000944833	2.000000	0.000944833	2.000000	0.000944834	2.000000	0.00102435	2.000000	1.12587e-06	
2.250000	0.000729372	2.250000	0.000993269	2.250000	0.000929475	2.250000	0.000929475	2.250000	0.000929475	2.250000	0.000992252	2.250000	1.01736e-06	
2.500000	0.000891777	2.500000	0.000962904	2.500000	0.00091086	2.500000	0.00091086	2.500000	0.000910861	2.500000	0.000961975	2.500000	9.2897e-07	
3.000000	0.000846772	3.000000	0.000907772	3.000000	0.000870199	3.000000	0.000870199	3.000000	0.0008702 	3.000000	0.000906979	3.000000	7.93391e-07	
3.500000	0.000803739	3.500000	0.000860137	3.500000	0.000832875	3.500000	0.000832875	3.500000	0.000832876	3.500000	0.000859443	3.500000	6.94e-07  	
4.000000	0.00076385	4.000000	0.000818173	4.000000	0.000798561	4.000000	0.000798561	4.000000	0.000798561	4.000000	0.000817555	4.000000	6.17824e-07	
4.500000	0.000727314	4.500000	0.00077974	4.500000	0.000766954	4.500000	0.000766954	4.500000	0.000766955	4.500000	0.000779182	4.500000	5.57467e-07	
5.000000	0.000693977	5.000000	0.000745438	5.000000	0.000737777	5.000000	0.000737777	5.000000	0.000737777	5.000000	0.00074493	5.000000	5.08395e-07	
5.500000	0.000663568	5.500000	0.000714657	5.500000	0.000710775	5.500000	0.000710775	5.500000	0.000710775	5.500000	0.000714189	5.500000	4.67666e-07	
6.000000	0.000635785	6.000000	0.000686859	6.000000	0.000685722	6.000000	0.000685722	6.000000	0.000685723	6.000000	0.000686425	6.000000	4.33287e-07	
6.500000	0.00061034	6.500000	0.0006613 	6.500000	0.000662419	6.500000	0.000662419	6.500000	0.00066242	6.500000	0.000660896	6.500000	4.03858e-07	
7.000000	0.000586972	7.000000	0.000637694	7.000000	0.000640691	7.000000	0.000640691	7.000000	0.000640691	7.000000	0.000637316	7.000000	3.78364e-07	
7.500000	0.000565447	7.500000	0.000615798	7.500000	0.000620382	7.500000	0.000620382	7.500000	0.000620382	7.500000	0.000615442	7.500000	3.56053e-07	
8.000000	0.000545563	8.000000	0.000595418	8.000000	0.000601357	8.000000	0.000601357	8.000000	0.000601357	8.000000	0.000595081	8.000000	3.36355e-07	
8.500000	0.000527141	8.500000	0.000576406	8.500000	0.000583497	8.500000	0.000583497	8.500000	0.000583498	8.500000	0.000576087	8.500000	3.18829e-07	
9.000000	0.000510029	9.000000	0.000558621	9.000000	0.000566697	9.000000	0.000566697	9.000000	0.000566697	9.000000	0.000558317	9.000000	3.03128e-07	
9.500000	0.000494091	9.500000	0.000541938	9.500000	0.000550863	9.500000	0.000550863	9.500000	0.000550864	9.500000	0.000541649	9.500000	2.88976e-07	
10.000000	0.00047921	10.000000	0.000504364	10.000000	0.000535914	10.000000	0.000535914	10.000000	0.000535914	10.000000	0.000504088	10.000000	2.76152e-07	
11.000000	0.000452222	11.000000	0.000483337	11.000000	0.000505366	11.000000	0.000509105	11.000000	0.000510462	11.000000	0.000483083	11.000000	2.53792e-07	
12.000000	0.000428386	12.000000	0.000463846	12.000000	0.000478352	12.000000	0.000485069	12.000000	0.000487244	12.000000	0.000463611	12.000000	2.34939e-07	
13.000000	0.000407173	13.000000	0.000445791	13.000000	0.000454311	13.000000	0.000463411	13.000000	0.000466026	13.000000	0.000445572	13.000000	2.18817e-07	
14.000000	0.000388166	14.000000	0.000429058	14.000000	0.000432795	14.000000	0.000443803	14.000000	0.000446594	14.000000	0.000428853	14.000000	2.04864e-07	
15.000000	0.000371032	15.000000	0.000413531	15.000000	0.000413437	15.000000	0.000425979	15.000000	0.00042876	15.000000	0.000413338	15.000000	1.92663e-07	
16.000000	0.000355502	16.000000	0.0003991 	16.000000	0.000395939	16.000000	0.000409712	16.000000	0.000412358	16.000000	0.000398918	16.000000	1.81899e-07	
17.000000	0.000341356	17.000000	0.000385663	17.000000	0.000380057	17.000000	0.000394817	17.000000	0.000397242	17.000000	0.000385491	17.000000	1.72329e-07	
18.000000	0.000328413	18.000000	0.000373129	18.000000	0.000365589	18.000000	0.000381133	18.000000	0.000383264	18.000000	0.000372965	18.000000	1.63761e-07	
19.000000	0.000316524	19.000000	0.000361413	19.000000	0.000352371	19.000000	0.000368526	19.000000	0.000370334	19.000000	0.000361257	19.000000	1.56043e-07	
20.000000	0.000305561	20.000000	0.000350443	20.000000	0.000340265	20.000000	0.000356881	20.000000	0.000358356	20.000000	0.000350294	20.000000	1.49053e-07	
21.000000	0.000295418	21.000000	0.00034015	21.000000	0.000329142	21.000000	0.000346098	21.000000	0.000347209	21.000000	0.000340007	21.000000	1.42692e-07	
22.000000	0.000286005	22.000000	0.000330477	22.000000	0.00031888	22.000000	0.000336092	22.000000	0.000336854	22.000000	0.00033034	22.000000	1.36875e-07	
23.000000	0.000277244	23.000000	0.000321369	23.000000	0.000309394	23.000000	0.000326787	23.000000	0.000327197	23.000000	0.000321237	23.000000	1.31536e-07	
24.000000	0.000269067	24.000000	0.00031278	24.000000	0.00030062	24.000000	0.000318119	24.000000	0.000318192	24.000000	0.000312654	24.000000	1.26617e-07	
25.000000	0.000261417	25.000000	0.000304668	25.000000	0.000292489	25.000000	0.000310029	25.000000	0.000309776	25.000000	0.000304546	25.000000	1.2207e-07	
27.000000	0.000247503	27.000000	0.000289723	27.000000	0.000277894	27.000000	0.000295391	27.000000	0.000294531	27.000000	0.000289609	27.000000	1.13931e-07	
29.000000	0.000235167	29.000000	0.000276275	29.000000	0.000265215	29.000000	0.000282532	29.000000	0.000281133	29.000000	0.000276168	29.000000	1.06854e-07	
31.000000	0.00022415	31.000000	0.00026411	31.000000	0.000254077	31.000000	0.000270295	31.000000	0.000268446	31.000000	0.00026401	31.000000	1.00641e-07	
33.000000	0.000214247	33.000000	0.000253055	33.000000	0.000243944	33.000000	0.000258437	33.000000	0.000256303	33.000000	0.000252959	33.000000	9.5142e-08	
35.000000	0.000205293	35.000000	0.000242963	35.000000	0.000234684	35.000000	0.000247662	35.000000	0.000245366	35.000000	0.000242873	35.000000	9.02378e-08	
38.000000	0.000193359	38.000000	0.000229377	38.000000	0.00022213	38.000000	0.000233226	38.000000	0.000230842	38.000000	0.000229293	38.000000	8.37992e-08	
41.000000	0.000182914	41.000000	0.000217364	41.000000	0.000210983	41.000000	0.000220528	41.000000	0.000218171	41.000000	0.000217286	41.000000	7.82546e-08	
44.000000	0.00017369	44.000000	0.000206667	44.000000	0.000201013	44.000000	0.000209272	44.000000	0.000207008	44.000000	0.000206594	44.000000	7.34274e-08	
47.000000	0.000165482	47.000000	0.000197081	47.000000	0.000192047	47.000000	0.000199226	47.000000	0.000197094	47.000000	0.000197012	47.000000	6.9185e-08	
50.000000	0.000158126	50.000000	0.000188441	50.000000	0.000183953	50.000000	0.000190203	50.000000	0.000188225	50.000000	0.000188376	50.000000	6.54259e-08	
55.000000	0.000147423	55.000000	0.000175794	55.000000	0.000172042	55.000000	0.00017705	55.000000	0.000175336	55.000000	0.000175734	55.000000	6.0027e-08	
60.000000	0.000138286	60.000000	0.000164935	60.000000	0.00016177	60.000000	0.000165807	60.000000	0.000164353	60.000000	0.000164879	60.000000	5.54841e-08	
65.000000	0.000130389	65.000000	0.00015551	65.000000	0.000152837	65.000000	0.000156088	65.000000	0.000154873	65.000000	0.000155458	65.000000	5.16061e-08	
70.000000	0.00012349	70.000000	0.000147252	70.000000	0.000144987	70.000000	0.000147601	70.000000	0.000146603	70.000000	0.000147204	70.000000	4.82553e-08	
75.000000	0.000117408	75.000000	0.000139959	75.000000	0.00013802	75.000000	0.000140128	75.000000	0.000139341	75.000000	0.000139914	75.000000	4.53296e-08	
80.000000	0.000112003	80.000000	0.00013347	80.000000	0.000131822	80.000000	0.000133496	80.000000	0.0001329 	80.000000	0.000133427	80.000000	4.27521e-08	
85.000000	0.000107165	85.000000	0.00012766	85.000000	0.000126257	85.000000	0.000127571	85.000000	0.000127141	85.000000	0.000127619	85.000000	4.04631e-08	
90.000000	0.000102809	90.000000	0.000122427	90.000000	0.000121231	90.000000	0.000122246	90.000000	0.000121963	90.000000	0.000122388	90.000000	3.84163e-08	
95.000000	9.88633e-05	95.000000	0.000117689	95.000000	0.000116669	95.000000	0.000117435	95.000000	0.000117285	95.000000	0.000117653	95.000000	3.65747e-08	
100.000000	9.5272e-05	100.000000	0.00011338	100.000000	0.000112521	100.000000	0.000113066	100.000000	0.000113036	100.000000	0.000113345	100.000000	3.49084e-08	
105.000000	9.19881e-05	105.000000	0.000109444	105.000000	0.000108721	105.000000	0.000109081	105.000000	0.000109155	105.000000	0.00010941	105.000000	3.33933e-08	
110.000000	8.8973e-05	110.000000	0.000105834	110.000000	0.000105238	110.000000	0.000105432	110.000000	0.000105606	110.000000	0.000105802	110.000000	3.20094e-08	
115.000000	8.61942e-05	115.000000	0.000102512	115.000000	0.000102025	115.000000	0.000102079	115.000000	0.000102336	115.000000	0.000102481	115.000000	3.07401e-08	
120.000000	8.36244e-05	120.000000	9.94446e-05	120.000000	9.90565e-05	120.000000	9.89858e-05	120.000000	9.93229e-05	120.000000	9.9415e-05	120.000000	2.95716e-08	
125.000000	8.12402e-05	125.000000	9.66035e-05	125.000000	9.63054e-05	125.000000	9.61244e-05	125.000000	9.65297e-05	125.000000	9.6575e-05	125.000000	2.84922e-08	
130.000000	7.90219e-05	130.000000	9.39648e-05	130.000000	9.37436e-05	130.000000	9.34696e-05	130.000000	9.39401e-05	130.000000	9.39373e-05	130.000000	2.74919e-08	
135.000000	7.69521e-05	135.000000	9.15075e-05	135.000000	9.13597e-05	135.000000	9.09998e-05	135.000000	9.15255e-05	135.000000	9.1481e-05	135.000000	2.65622e-08	
140.000000	7.50162e-05	140.000000	8.92137e-05	140.000000	8.91301e-05	140.000000	8.86964e-05	140.000000	8.92765e-05	140.000000	8.9188e-05	140.000000	2.56958e-08	
145.000000	7.32013e-05	145.000000	8.70675e-05	145.000000	8.70402e-05	145.000000	8.65432e-05	145.000000	8.71676e-05	145.000000	8.70426e-05	145.000000	2.48864e-08	
150.000000	7.1496e-05	150.000000	8.50552e-05	150.000000	8.5082e-05	150.000000	8.4526e-05	150.000000	8.51943e-05	150.000000	8.50311e-05	150.000000	2.41285e-08	
155.000000	6.90746e-05	155.000000	8.31647e-05	155.000000	8.32438e-05	155.000000	8.26324e-05	155.000000	8.3339e-05	155.000000	8.31413e-05	155.000000	2.34171e-08	
160.000000	6.76651e-05	160.000000	8.13853e-05	160.000000	8.15115e-05	160.000000	8.08514e-05	160.000000	8.15932e-05	160.000000	8.13625e-05	160.000000	2.27482e-08	
165.000000	6.63343e-05	165.000000	7.97075e-05	165.000000	7.98741e-05	165.000000	7.91733e-05	165.000000	7.99492e-05	165.000000	7.96853e-05	165.000000	2.21179e-08	
170.000000	6.50757e-05	170.000000	7.81228e-05	170.000000	7.83272e-05	170.000000	7.75895e-05	170.000000	7.83931e-05	170.000000	7.81013e-05	170.000000	2.1523e-08	
175.000000	6.38836e-05	175.000000	7.66238e-05	175.000000	7.68653e-05	175.000000	7.60924e-05	175.000000	7.69233e-05	175.000000	7.66028e-05	175.000000	2.09605e-08	
180.000000	6.27526e-05	180.000000	7.52037e-05	180.000000	7.54814e-05	180.000000	7.4675e-05	180.000000	7.5531e-05	180.000000	7.51833e-05	180.000000	2.04279e-08	
185.000000	6.16782e-05	185.000000	7.38565e-05	185.000000	7.41658e-05	185.000000	7.33311e-05	185.000000	7.42084e-05	185.000000	7.38365e-05	185.000000	1.99227e-08	
190.000000	6.06562e-05	190.000000	7.25767e-05	190.000000	7.29129e-05	190.000000	7.20553e-05	190.000000	7.29539e-05	190.000000	7.25572e-05	190.000000	1.94429e-08	
195.000000	5.96828e-05	195.000000	7.13594e-05	195.000000	7.17247e-05	195.000000	7.08426e-05	195.000000	7.17606e-05	195.000000	7.13404e-05	195.000000	1.89865e-08	
200.000000	5.87546e-05	200.000000	7.02002e-05	200.000000	7.05961e-05	200.000000	6.96885e-05	200.000000	7.06226e-05	200.000000	7.01816e-05	200.000000	1.8552e-08	
210.000000	5.70216e-05	210.000000	6.80402e-05	210.000000	6.84794e-05	210.000000	6.75397e-05	210.000000	6.85058e-05	210.000000	6.80225e-05	210.000000	1.77421e-08	
220.000000	5.54355e-05	220.000000	6.60686e-05	220.000000	6.65509e-05	220.000000	6.55806e-05	220.000000	6.65708e-05	220.000000	6.60516e-05	220.000000	1.70026e-08	
230.000000	5.39784e-05	230.000000	6.4262e-05	230.000000	6.47878e-05	230.000000	6.37874e-05	230.000000	6.48001e-05	230.000000	6.42457e-05	230.000000	1.63246e-08	
240.000000	5.2635e-05	240.000000	6.26007e-05	240.000000	6.31615e-05	240.000000	6.21402e-05	240.000000	6.31706e-05	240.000000	6.2585e-05	240.000000	1.57006e-08	
250.000000	5.13925e-05	250.000000	6.1068e-05	250.000000	6.166e-05 	250.000000	6.06221e-05	250.000000	6.16685e-05	250.000000	6.10529e-05	250.000000	1.51243e-08	
260.000000	5.02398e-05	260.000000	5.96496e-05	260.000000	6.02718e-05	260.000000	5.92187e-05	260.000000	6.02777e-05	260.000000	5.9635e-05	260.000000	1.45904e-08	
270.000000	4.91677e-05	270.000000	5.83335e-05	270.000000	5.89847e-05	270.000000	5.79177e-05	270.000000	5.89885e-05	270.000000	5.83194e-05	270.000000	1.40942e-08	
280.000000	4.81679e-05	280.000000	5.7109e-05	280.000000	5.77877e-05	280.000000	5.67087e-05	280.000000	5.77881e-05	280.000000	5.70953e-05	280.000000	1.3632e-08	
290.000000	4.72334e-05	290.000000	5.59671e-05	290.000000	5.66674e-05	290.000000	5.55822e-05	290.000000	5.66707e-05	290.000000	5.59539e-05	290.000000	1.32003e-08	
300.000000	4.6358e-05	300.000000	5.48998e-05	300.000000	5.56237e-05	300.000000	5.45305e-05	300.000000	5.56244e-05	300.000000	5.4887e-05	300.000000	1.27961e-08	
310.000000	4.55364e-05	310.000000	5.39002e-05	310.000000	5.46483e-05	310.000000	5.35464e-05	310.000000	5.46462e-05	310.000000	5.38878e-05	310.000000	1.24168e-08	
320.000000	4.47637e-05	320.000000	5.29621e-05	320.000000	5.37299e-05	320.000000	5.26238e-05	320.000000	5.37281e-05	320.000000	5.29501e-05	320.000000	1.20602e-08	
330.000000	4.40358e-05	330.000000	5.20803e-05	330.000000	5.28667e-05	330.000000	5.17573e-05	330.000000	5.2865e-05	330.000000	5.20685e-05	330.000000	1.17243e-08	
340.000000	4.3349e-05	340.000000	5.12498e-05	340.000000	5.20548e-05	340.000000	5.09421e-05	340.000000	5.20537e-05	340.000000	5.12384e-05	340.000000	1.14072e-08	
350.000000	4.26998e-05	350.000000	5.04665e-05	350.000000	5.12894e-05	350.000000	5.01739e-05	350.000000	5.12872e-05	350.000000	5.04554e-05	350.000000	1.11076e-08	
360.000000	4.20854e-05	360.000000	4.97265e-05	360.000000	5.05673e-05	360.000000	4.9449e-05	360.000000	5.05641e-05	360.000000	4.97157e-05	360.000000	1.08238e-08	
370.000000	4.15031e-05	370.000000	4.90265e-05	370.000000	4.98844e-05	370.000000	4.87638e-05	370.000000	4.98812e-05	370.000000	4.90159e-05	370.000000	1.05547e-08	
380.000000	4.09505e-05	380.000000	4.83634e-05	380.000000	4.92354e-05	380.000000	4.81153e-05	380.000000	4.9233e-05	380.000000	4.83531e-05	380.000000	1.02992e-08	
390.000000	4.04255e-05	390.000000	4.77344e-05	390.000000	4.86198e-05	390.000000	4.75008e-05	390.000000	4.86191e-05	390.000000	4.77244e-05	390.000000	1.00562e-08	
400.000000	3.9926e-05	400.000000	4.71372e-05	400.000000	4.80382e-05	400.000000	4.69178e-05	400.000000	4.80372e-05	400.000000	4.71273e-05	400.000000	9.82485e-09	
410.000000	3.94503e-05	410.000000	4.65693e-05	410.000000	4.74858e-05	410.000000	4.63641e-05	410.000000	4.7483e-05	410.000000	4.65597e-05	410.000000	9.60429e-09	
420.000000	3.89969e-05	420.000000	4.60289e-05	420.000000	4.69582e-05	420.000000	4.58375e-05	420.000000	4.69561e-05	420.000000	4.60195e-05	420.000000	9.39379e-09	
430.000000	3.85642e-05	430.000000	4.55141e-05	430.000000	4.64556e-05	430.000000	4.53363e-05	430.000000	4.6455e-05	430.000000	4.55049e-05	430.000000	9.19266e-09	
440.000000	3.81509e-05	440.000000	4.50231e-05	440.000000	4.59785e-05	440.000000	4.48587e-05	440.000000	4.59769e-05	440.000000	4.50141e-05	440.000000	9.00029e-09	
450.000000	3.77558e-05	450.000000	4.45544e-05	450.000000	4.55241e-05	450.000000	4.44032e-05	450.000000	4.55204e-05	450.000000	4.45456e-05	450.000000	8.8161e-09	
460.000000	3.73777e-05	460.000000	4.41067e-05	460.000000	4.5089e-05	460.000000	4.39685e-05	460.000000	4.50849e-05	460.000000	4.4098e-05	460.000000	8.63958e-09	
470.000000	3.70157e-05	470.000000	4.36785e-05	470.000000	4.46721e-05	470.000000	4.35531e-05	470.000000	4.46691e-05	470.000000	4.36701e-05	470.000000	8.47025e-09	
480.000000	3.66688e-05	480.000000	4.32688e-05	480.000000	4.42732e-05	480.000000	4.31559e-05	480.000000	4.42705e-05	480.000000	4.32605e-05	480.000000	8.30768e-09	
490.000000	3.63362e-05	490.000000	4.28765e-05	490.000000	4.38917e-05	490.000000	4.27758e-05	490.000000	4.38891e-05	490.000000	4.28683e-05	490.000000	8.15147e-09	
500.000000	3.60169e-05	500.000000	4.25005e-05	500.000000	4.35265e-05	500.000000	4.24118e-05	500.000000	4.35241e-05	500.000000	4.24925e-05	500.000000	8.00123e-09	
520.000000	3.54157e-05	520.000000	4.17937e-05	520.000000	4.28405e-05	520.000000	4.17285e-05	520.000000	4.28384e-05	520.000000	4.1786e-05	520.000000	7.71738e-09	
540.000000	3.48598e-05	540.000000	4.1142e-05	540.000000	4.22084e-05	540.000000	4.10992e-05	540.000000	4.22063e-05	540.000000	4.11346e-05	540.000000	7.45369e-09	
560.000000	3.43448e-05	560.000000	4.05396e-05	560.000000	4.1625e-05	560.000000	4.05183e-05	560.000000	4.16228e-05	560.000000	4.05324e-05	560.000000	7.20806e-09	
580.000000	3.38666e-05	580.000000	3.99815e-05	580.000000	4.10853e-05	580.000000	3.99808e-05	580.000000	4.10821e-05	580.000000	3.99745e-05	580.000000	6.97867e-09	
600.000000	3.34217e-05	600.000000	3.94634e-05	600.000000	4.05825e-05	600.000000	3.94824e-05	600.000000	4.05813e-05	600.000000	3.94566e-05	600.000000	6.76394e-09	
620.000000	3.30071e-05	620.000000	3.89815e-05	620.000000	4.01146e-05	620.000000	3.90193e-05	620.000000	4.01147e-05	620.000000	3.89749e-05	620.000000	6.5625e-09	
640.000000	3.26201e-05	640.000000	3.85326e-05	640.000000	3.96806e-05	640.000000	3.85882e-05	640.000000	3.96809e-05	640.000000	3.85262e-05	640.000000	6.37314e-09	
660.000000	3.22583e-05	660.000000	3.81137e-05	660.000000	3.9277e-05	660.000000	3.81863e-05	660.000000	3.92761e-05	660.000000	3.81075e-05	660.000000	6.19478e-09	
680.000000	3.19196e-05	680.000000	3.77222e-05	680.000000	3.88998e-05	680.000000	3.78109e-05	680.000000	3.88976e-05	680.000000	3.77162e-05	680.000000	6.02649e-09	
700.000000	3.16022e-05	700.000000	3.73559e-05	700.000000	3.85458e-05	700.000000	3.74599e-05	700.000000	3.8544e-05	700.000000	3.735e-05 	700.000000	5.86742e-09	
720.000000	3.13044e-05	720.000000	3.70127e-05	720.000000	3.8213e-05	720.000000	3.7131e-05	720.000000	3.82122e-05	720.000000	3.7007e-05	720.000000	5.71683e-09	
740.000000	3.10246e-05	740.000000	3.66908e-05	740.000000	3.79012e-05	740.000000	3.68227e-05	740.000000	3.79009e-05	740.000000	3.66852e-05	740.000000	5.57404e-09	
760.000000	3.07616e-05	760.000000	3.63885e-05	760.000000	3.76097e-05	760.000000	3.65331e-05	760.000000	3.7609e-05	760.000000	3.63831e-05	760.000000	5.43847e-09	
780.000000	3.05141e-05	780.000000	3.61045e-05	780.000000	3.73358e-05	780.000000	3.62609e-05	780.000000	3.7334e-05	780.000000	3.60991e-05	780.000000	5.30957e-09	
800.000000	3.02811e-05	800.000000	3.58372e-05	800.000000	3.70772e-05	800.000000	3.60048e-05	800.000000	3.70751e-05	800.000000	3.5832e-05	800.000000	5.18686e-09	
820.000000	3.00614e-05	820.000000	3.55856e-05	820.000000	3.68327e-05	820.000000	3.57635e-05	820.000000	3.68315e-05	820.000000	3.55805e-05	820.000000	5.06989e-09	
840.000000	2.98543e-05	840.000000	3.53485e-05	840.000000	3.66018e-05	840.000000	3.5536e-05	840.000000	3.66016e-05	840.000000	3.53436e-05	840.000000	4.95826e-09	
860.000000	2.96589e-05	860.000000	3.51251e-05	860.000000	3.63839e-05	860.000000	3.53212e-05	860.000000	3.63842e-05	860.000000	3.51202e-05	860.000000	4.85162e-09	
880.000000	2.94745e-05	880.000000	3.49142e-05	880.000000	3.61784e-05	880.000000	3.51184e-05	880.000000	3.61792e-05	880.000000	3.49095e-05	880.000000	4.74963e-09	
900.000000	2.93003e-05	900.000000	3.47152e-05	900.000000	3.59847e-05	900.000000	3.49267e-05	900.000000	3.59855e-05	900.000000	3.47106e-05	900.000000	4.65199e-09	
920.000000	2.91357e-05	920.000000	3.45273e-05	920.000000	3.5802e-05	920.000000	3.47454e-05	920.000000	3.58017e-05	920.000000	3.45227e-05	920.000000	4.55843e-09	
940.000000	2.89802e-05	940.000000	3.43497e-05	940.000000	3.56291e-05	940.000000	3.45737e-05	940.000000	3.56277e-05	940.000000	3.43453e-05	940.000000	4.46869e-09	
960.000000	2.88333e-05	960.000000	3.41819e-05	960.000000	3.54649e-05	960.000000	3.44111e-05	960.000000	3.54632e-05	960.000000	3.41776e-05	960.000000	4.38254e-09	
980.000000	2.86943e-05	980.000000	3.40233e-05	980.000000	3.53088e-05	980.000000	3.42569e-05	980.000000	3.53072e-05	980.000000	3.4019e-05	980.000000	4.29976e-09	
1000.000000	2.8563e-05	1000.000000	3.38733e-05	1000.000000	3.51604e-05	1000.000000	3.41108e-05	1000.000000	3.51588e-05	1000.000000	3.38691e-05	1000.000000	4.22017e-09	
1020.000000	2.84388e-05	1020.000000	3.37315e-05	1020.000000	3.50194e-05	1020.000000	3.3972e-05	1020.000000	3.50181e-05	1020.000000	3.37273e-05	1020.000000	4.14357e-09	
1040.000000	2.83214e-05	1040.000000	3.35973e-05	1040.000000	3.48856e-05	1040.000000	3.38404e-05	1040.000000	3.48847e-05	1040.000000	3.35932e-05	1040.000000	4.0698e-09	
1060.000000	2.82104e-05	1060.000000	3.34704e-05	1060.000000	3.47585e-05	1060.000000	3.37153e-05	1060.000000	3.47581e-05	1060.000000	3.34664e-05	1060.000000	3.9987e-09	
1080.000000	2.81055e-05	1080.000000	3.33503e-05	1080.000000	3.46378e-05	1080.000000	3.35965e-05	1080.000000	3.46373e-05	1080.000000	3.33464e-05	1080.000000	3.93013e-09	
1100.000000	2.80063e-05	1100.000000	3.32367e-05	1100.000000	3.45231e-05	1100.000000	3.34835e-05	1100.000000	3.45225e-05	1100.000000	3.32328e-05	1100.000000	3.86396e-09	
1120.000000	2.79127e-05	1120.000000	3.31293e-05	1120.000000	3.44139e-05	1120.000000	3.33761e-05	1120.000000	3.44135e-05	1120.000000	3.31255e-05	1120.000000	3.80005e-09	
1140.000000	2.78242e-05	1140.000000	3.30277e-05	1140.000000	3.43101e-05	1140.000000	3.32739e-05	1140.000000	3.43098e-05	1140.000000	3.30239e-05	1140.000000	3.7383e-09	
1160.000000	2.77407e-05	1160.000000	3.29316e-05	1160.000000	3.42112e-05	1160.000000	3.31767e-05	1160.000000	3.4211e-05	1160.000000	3.29279e-05	1160.000000	3.6786e-09	
1180.000000	2.7662e-05	1180.000000	3.28408e-05	1180.000000	3.41171e-05	1180.000000	3.30841e-05	1180.000000	3.41168e-05	1180.000000	3.28371e-05	1180.000000	3.62084e-09	
1200.000000	2.75877e-05	1200.000000	3.2755e-05	1200.000000	3.40274e-05	1200.000000	3.2996e-05	1200.000000	3.40272e-05	1200.000000	3.27514e-05	1200.000000	3.56493e-09	
1220.000000	2.75177e-05	1220.000000	3.26739e-05	1220.000000	3.3942e-05	1220.000000	3.29121e-05	1220.000000	3.39419e-05	1220.000000	3.26704e-05	1220.000000	3.51078e-09	
1240.000000	2.74519e-05	1240.000000	3.25974e-05	1240.000000	3.38606e-05	1240.000000	3.28322e-05	1240.000000	3.38607e-05	1240.000000	3.25939e-05	1240.000000	3.45831e-09	
1260.000000	2.73899e-05	1260.000000	3.25252e-05	1260.000000	3.37831e-05	1260.000000	3.2756e-05	1260.000000	3.37832e-05	1260.000000	3.25218e-05	1260.000000	3.40743e-09	
1280.000000	2.73318e-05	1280.000000	3.24571e-05	1280.000000	3.37092e-05	1280.000000	3.26835e-05	1280.000000	3.37092e-05	1280.000000	3.24537e-05	1280.000000	3.35809e-09	
1300.000000	2.72772e-05	1300.000000	3.23929e-05	1300.000000	3.36388e-05	1300.000000	3.26144e-05	1300.000000	3.36387e-05	1300.000000	3.23896e-05	1300.000000	3.3102e-09	
1320.000000	2.7226e-05	1320.000000	3.23326e-05	1320.000000	3.35717e-05	1320.000000	3.25485e-05	1320.000000	3.35716e-05	1320.000000	3.23293e-05	1320.000000	3.26371e-09	
1340.000000	2.71781e-05	1340.000000	3.22758e-05	1340.000000	3.35076e-05	1340.000000	3.24857e-05	1340.000000	3.35077e-05	1340.000000	3.22726e-05	1340.000000	3.21856e-09	
1360.000000	2.71334e-05	1360.000000	3.22224e-05	1360.000000	3.34466e-05	1360.000000	3.24259e-05	1360.000000	3.34467e-05	1360.000000	3.22192e-05	1360.000000	3.17467e-09	
1380.000000	2.70918e-05	1380.000000	3.21724e-05	1380.000000	3.33884e-05	1380.000000	3.23688e-05	1380.000000	3.33884e-05	1380.000000	3.21692e-05	1380.000000	3.13202e-09	
1400.000000	2.7053e-05	1400.000000	3.21254e-05	1400.000000	3.33329e-05	1400.000000	3.23145e-05	1400.000000	3.33328e-05	1400.000000	3.21223e-05	1400.000000	3.09053e-09	
1420.000000	2.70171e-05	1420.000000	3.20815e-05	1420.000000	3.328e-05 	1420.000000	3.22627e-05	1420.000000	3.32799e-05	1420.000000	3.20785e-05	1420.000000	3.05016e-09	
1440.000000	2.69838e-05	1440.000000	3.20406e-05	1440.000000	3.32296e-05	1440.000000	3.22133e-05	1440.000000	3.32295e-05	1440.000000	3.20375e-05	1440.000000	3.01088e-09	
1460.000000	2.69531e-05	1460.000000	3.20023e-05	1460.000000	3.31815e-05	1460.000000	3.21662e-05	1460.000000	3.31816e-05	1460.000000	3.19994e-05	1460.000000	2.97262e-09	
1480.000000	2.69249e-05	1480.000000	3.19668e-05	1480.000000	3.31356e-05	1480.000000	3.21214e-05	1480.000000	3.31356e-05	1480.000000	3.19639e-05	1480.000000	2.93537e-09	
1500.000000	2.68991e-05	1500.000000	3.19338e-05	1500.000000	3.30919e-05	1500.000000	3.20787e-05	1500.000000	3.30918e-05	1500.000000	3.19309e-05	1500.000000	2.89906e-09	
1520.000000	2.68757e-05	1520.000000	3.19033e-05	1520.000000	3.30503e-05	1520.000000	3.2038e-05	1520.000000	3.30501e-05	1520.000000	3.19004e-05	1520.000000	2.86368e-09	
1540.000000	2.68544e-05	1540.000000	3.18751e-05	1540.000000	3.30106e-05	1540.000000	3.19993e-05	1540.000000	3.30104e-05	1540.000000	3.18723e-05	1540.000000	2.82917e-09	
1560.000000	2.68353e-05	1560.000000	3.18493e-05	1560.000000	3.29729e-05	1560.000000	3.19624e-05	1560.000000	3.29727e-05	1560.000000	3.18465e-05	1560.000000	2.79552e-09	
1580.000000	2.68183e-05	1580.000000	3.18256e-05	1580.000000	3.29369e-05	1580.000000	3.19273e-05	1580.000000	3.29367e-05	1580.000000	3.18228e-05	1580.000000	2.76269e-09	
1600.000000	2.68033e-05	1600.000000	3.1804e-05	1600.000000	3.29027e-05	1600.000000	3.18939e-05	1600.000000	3.29024e-05	1600.000000	3.18013e-05	1600.000000	2.73065e-09	
1620.000000	2.67902e-05	1620.000000	3.17845e-05	1620.000000	3.28702e-05	1620.000000	3.18622e-05	1620.000000	3.28697e-05	1620.000000	3.17818e-05	1620.000000	2.69936e-09	
1640.000000	2.6779e-05	1640.000000	3.17669e-05	1640.000000	3.28392e-05	1640.000000	3.1832e-05	1640.000000	3.28386e-05	1640.000000	3.17642e-05	1640.000000	2.66881e-09	
1660.000000	2.67696e-05	1660.000000	3.17512e-05	1660.000000	3.28098e-05	1660.000000	3.18033e-05	1660.000000	3.28091e-05	1660.000000	3.17486e-05	1660.000000	2.63897e-09	
1680.000000	2.67619e-05	1680.000000	3.17373e-05	1680.000000	3.27818e-05	1680.000000	3.1776e-05	1680.000000	3.2781e-05	1680.000000	3.17347e-05	1680.000000	2.60981e-09	
1700.000000	2.6756e-05	1700.000000	3.17252e-05	1700.000000	3.27552e-05	1700.000000	3.17502e-05	1700.000000	3.27544e-05	1700.000000	3.17227e-05	1700.000000	2.58132e-09	
1750.000000	2.67482e-05	1750.000000	3.17023e-05	1750.000000	3.26944e-05	1750.000000	3.16912e-05	1750.000000	3.26935e-05	1750.000000	3.16998e-05	1750.000000	2.51281e-09	
1800.000000	2.67498e-05	1800.000000	3.16891e-05	1800.000000	3.2641e-05	1800.000000	3.16397e-05	1800.000000	3.26401e-05	1800.000000	3.16866e-05	1800.000000	2.44797e-09	
1850.000000	2.67603e-05	1850.000000	3.16849e-05	1850.000000	3.25944e-05	1850.000000	3.15951e-05	1850.000000	3.25938e-05	1850.000000	3.16825e-05	1850.000000	2.3865e-09	
1900.000000	2.67789e-05	1900.000000	3.16889e-05	1900.000000	3.25539e-05	1900.000000	3.15566e-05	1900.000000	3.25537e-05	1900.000000	3.16865e-05	1900.000000	2.32814e-09	
1950.000000	2.68051e-05	1950.000000	3.17005e-05	1950.000000	3.25191e-05	1950.000000	3.15237e-05	1950.000000	3.25192e-05	1950.000000	3.16983e-05	1950.000000	2.27266e-09	
2000.000000	2.68384e-05	2000.000000	3.17192e-05	2000.000000	3.24896e-05	2000.000000	3.1496e-05	2000.000000	3.249e-05 	2000.000000	3.1717e-05	2000.000000	2.21986e-09	
2100.000000	2.69244e-05	2100.000000	3.17758e-05	2100.000000	3.24447e-05	2100.000000	3.14541e-05	2100.000000	3.24453e-05	2100.000000	3.17737e-05	2100.000000	2.12151e-09	
2200.000000	2.70337e-05	2200.000000	3.18551e-05	2200.000000	3.24161e-05	2200.000000	3.14278e-05	2200.000000	3.24167e-05	2200.000000	3.18531e-05	2200.000000	2.03177e-09	
2300.000000	2.71636e-05	2300.000000	3.1954e-05	2300.000000	3.2401e-05	2300.000000	3.14148e-05	2300.000000	3.24012e-05	2300.000000	3.19521e-05	2300.000000	1.94956e-09	
2400.000000	2.73119e-05	2400.000000	3.20702e-05	2400.000000	3.2397e-05	2400.000000	3.14127e-05	2400.000000	3.23971e-05	2400.000000	3.20683e-05	2400.000000	1.87394e-09	
2500.000000	2.74767e-05	2500.000000	3.22015e-05	2500.000000	3.24024e-05	2500.000000	3.14201e-05	2500.000000	3.24025e-05	2500.000000	3.21997e-05	2500.000000	1.80416e-09	
2600.000000	2.76562e-05	2600.000000	3.23462e-05	2600.000000	3.24158e-05	2600.000000	3.14354e-05	2600.000000	3.24161e-05	2600.000000	3.23445e-05	2600.000000	1.73954e-09	
2700.000000	2.78493e-05	2700.000000	3.25028e-05	2700.000000	3.24361e-05	2700.000000	3.14575e-05	2700.000000	3.24364e-05	2700.000000	3.25011e-05	2700.000000	1.67954e-09	
2800.000000	2.80545e-05	2800.000000	3.267e-05 	2800.000000	3.24622e-05	2800.000000	3.14854e-05	2800.000000	3.24629e-05	2800.000000	3.26683e-05	2800.000000	1.62367e-09	
2900.000000	2.8271e-05	2900.000000	3.28466e-05	2900.000000	3.24934e-05	2900.000000	3.15182e-05	2900.000000	3.24941e-05	2900.000000	3.2845e-05	2900.000000	1.57152e-09	
3000.000000	2.84978e-05	3000.000000	3.30318e-05	3000.000000	3.25289e-05	3000.000000	3.15551e-05	3000.000000	3.25298e-05	3000.000000	3.30303e-05	3000.000000	1.52271e-09	
3200.000000	2.89791e-05	3200.000000	3.34243e-05	3200.000000	3.26105e-05	3200.000000	3.16394e-05	3200.000000	3.26116e-05	3200.000000	3.34229e-05	3200.000000	1.43393e-09	
3400.000000	2.94933e-05	3400.000000	3.38421e-05	3400.000000	3.27031e-05	3400.000000	3.17342e-05	3400.000000	3.27042e-05	3400.000000	3.38408e-05	3400.000000	1.35523e-09	
3600.000000	3.00362e-05	3600.000000	3.42807e-05	3600.000000	3.28036e-05	3600.000000	3.18366e-05	3600.000000	3.28047e-05	3600.000000	3.42794e-05	3600.000000	1.28497e-09	
3800.000000	3.06045e-05	3800.000000	3.47368e-05	3800.000000	3.29098e-05	3800.000000	3.19444e-05	3800.000000	3.29107e-05	3800.000000	3.47356e-05	3800.000000	1.22185e-09	
4000.000000	3.11955e-05	4000.000000	3.52075e-05	4000.000000	3.30201e-05	4000.000000	3.20561e-05	4000.000000	3.30207e-05	4000.000000	3.52063e-05	4000.000000	1.16482e-09	
4200.000000	3.18071e-05	4200.000000	3.56907e-05	4200.000000	3.31329e-05	4200.000000	3.21702e-05	4200.000000	3.31334e-05	4200.000000	3.56896e-05	4200.000000	1.11303e-09	
4400.000000	3.24374e-05	4400.000000	3.61845e-05	4400.000000	3.32474e-05	4400.000000	3.22859e-05	4400.000000	3.32476e-05	4400.000000	3.61835e-05	4400.000000	1.06578e-09	
4600.000000	3.3085e-05	4600.000000	3.66875e-05	4600.000000	3.33626e-05	4600.000000	3.24024e-05	4600.000000	3.33628e-05	4600.000000	3.66865e-05	4600.000000	1.02251e-09	
4800.000000	3.37486e-05	4800.000000	3.71984e-05	4800.000000	3.34782e-05	4800.000000	3.25192e-05	4800.000000	3.34783e-05	4800.000000	3.71975e-05	4800.000000	9.8271e-10	
5000.000000	3.44271e-05	5000.000000	3.77162e-05	5000.000000	3.35935e-05	5000.000000	3.26357e-05	5000.000000	3.35936e-05	5000.000000	3.77153e-05	5000.000000	9.45988e-10	
5250.000000	3.5295e-05	5250.000000	3.83717e-05	5250.000000	3.37368e-05	5250.000000	3.27805e-05	5250.000000	3.3737e-05	5250.000000	3.83708e-05	5250.000000	9.03884e-10	
5500.000000	3.61834e-05	5500.000000	3.90352e-05	5500.000000	3.38788e-05	5500.000000	3.29239e-05	5500.000000	3.3879e-05	5500.000000	3.90344e-05	5500.000000	8.65478e-10	
6000.000000	3.8017e-05	6000.000000	4.03814e-05	6000.000000	3.41573e-05	6000.000000	3.32051e-05	6000.000000	3.41576e-05	6000.000000	4.03806e-05	6000.000000	7.97948e-10	
6500.000000	3.99202e-05	6500.000000	4.17476e-05	6500.000000	3.44277e-05	6500.000000	3.34777e-05	6500.000000	3.44277e-05	6500.000000	4.17468e-05	6500.000000	7.40468e-10	
7000.000000	4.18876e-05	7000.000000	4.31285e-05	7000.000000	3.46887e-05	7000.000000	3.37408e-05	7000.000000	3.46884e-05	7000.000000	4.31278e-05	7000.000000	6.9093e-10	
7500.000000	4.3915e-05	7500.000000	4.45206e-05	7500.000000	3.49385e-05	7500.000000	3.39942e-05	7500.000000	3.49395e-05	7500.000000	4.452e-05 	7500.000000	6.47782e-10	
8000.000000	4.59993e-05	8000.000000	4.5921e-05	8000.000000	3.51809e-05	8000.000000	3.42381e-05	8000.000000	3.5181e-05	8000.000000	4.59204e-05	8000.000000	6.09851e-10	
8500.000000	4.81383e-05	8500.000000	4.73278e-05	8500.000000	3.54142e-05	8500.000000	3.44727e-05	8500.000000	3.54132e-05	8500.000000	4.73272e-05	8500.000000	5.76237e-10	
9000.000000	5.033e-05 	9000.000000	4.87393e-05	9000.000000	3.56372e-05	9000.000000	3.46985e-05	9000.000000	3.56365e-05	9000.000000	4.87387e-05	9000.000000	5.46235e-10	
9500.000000	5.2573e-05	9500.000000	5.01543e-05	9500.000000	3.58512e-05	9500.000000	3.49158e-05	9500.000000	3.58513e-05	9500.000000	5.01538e-05	9500.000000	5.19288e-10	
10000.000000	5.48661e-05	10000.000000	5.15719e-05	10000.000000	3.60574e-05	10000.000000	3.51251e-05	10000.000000	3.60581e-05	10000.000000	5.15715e-05	10000.000000	4.94949e-10	
11000.000000	5.95993e-05	11000.000000	5.44121e-05	11000.000000	3.64483e-05	11000.000000	3.55217e-05	11000.000000	3.64494e-05	11000.000000	5.44117e-05	11000.000000	4.52698e-10	
12000.000000	6.4524e-05	12000.000000	5.72555e-05	12000.000000	3.68135e-05	12000.000000	3.58915e-05	12000.000000	3.68137e-05	12000.000000	5.72551e-05	12000.000000	4.1727e-10	
13000.000000	6.96364e-05	13000.000000	6.00994e-05	13000.000000	3.71543e-05	13000.000000	3.62375e-05	13000.000000	3.71539e-05	13000.000000	6.0099e-05	13000.000000	3.87122e-10	
14000.000000	7.49342e-05	14000.000000	6.29418e-05	14000.000000	3.74728e-05	14000.000000	3.65623e-05	14000.000000	3.74726e-05	14000.000000	6.29414e-05	14000.000000	3.61147e-10	
15000.000000	8.04156e-05	15000.000000	6.57816e-05	15000.000000	3.77716e-05	15000.000000	3.68683e-05	15000.000000	3.77721e-05	15000.000000	6.57812e-05	15000.000000	3.38528e-10	
16000.000000	8.60796e-05	16000.000000	6.86179e-05	16000.000000	3.80531e-05	16000.000000	3.71573e-05	16000.000000	3.80544e-05	16000.000000	6.86176e-05	16000.000000	3.18647e-10	
17000.000000	9.19257e-05	17000.000000	7.14503e-05	17000.000000	3.83192e-05	17000.000000	3.74311e-05	17000.000000	3.83211e-05	17000.000000	7.145e-05 	17000.000000	3.01033e-10	
18000.000000	9.79534e-05	18000.000000	7.42783e-05	18000.000000	3.85716e-05	18000.000000	3.76911e-05	18000.000000	3.85737e-05	18000.000000	7.4278e-05	18000.000000	2.85315e-10	
19000.000000	0.000104163	19000.000000	7.71018e-05	19000.000000	3.88118e-05	19000.000000	3.79386e-05	19000.000000	3.88134e-05	19000.000000	7.71015e-05	19000.000000	2.71199e-10	
20000.000000	0.000110554	20000.000000	7.99206e-05	20000.000000	3.9041e-05	20000.000000	3.81746e-05	20000.000000	3.90415e-05	20000.000000	7.99203e-05	20000.000000	2.58452e-10	
21000.000000	0.000117127	21000.000000	8.27346e-05	21000.000000	3.92595e-05	21000.000000	3.84003e-05	21000.000000	3.92589e-05	21000.000000	8.27344e-05	21000.000000	2.4688e-10	
22000.000000	0.000123882	22000.000000	8.5544e-05	22000.000000	3.94665e-05	22000.000000	3.86164e-05	22000.000000	3.94663e-05	22000.000000	8.55437e-05	22000.000000	2.36328e-10	
23000.000000	0.00013082	23000.000000	8.83486e-05	23000.000000	3.96646e-05	23000.000000	3.88236e-05	23000.000000	3.96648e-05	23000.000000	8.83484e-05	23000.000000	2.26665e-10	
24000.000000	0.000137942	24000.000000	9.11486e-05	24000.000000	3.98546e-05	24000.000000	3.90228e-05	24000.000000	3.98546e-05	24000.000000	9.11484e-05	24000.000000	2.17783e-10	
25000.000000	0.000145247	25000.000000	9.39439e-05	25000.000000	4.00366e-05	25000.000000	3.92144e-05	25000.000000	4.00368e-05	25000.000000	9.39437e-05	25000.000000	2.09589e-10	
26000.000000	0.000152737	26000.000000	9.67348e-05	26000.000000	4.02112e-05	26000.000000	3.9399e-05	26000.000000	4.02115e-05	26000.000000	9.67346e-05	26000.000000	2.02005e-10	
27000.000000	0.000160413	27000.000000	9.95212e-05	27000.000000	4.0379e-05	27000.000000	3.95771e-05	27000.000000	4.03797e-05	27000.000000	9.9521e-05	27000.000000	1.94966e-10	
28000.000000	0.000168275	28000.000000	0.000102303	28000.000000	4.05406e-05	28000.000000	3.97491e-05	28000.000000	4.05413e-05	28000.000000	0.000102303	28000.000000	1.88415e-10	
29000.000000	0.000176323	29000.000000	0.000105081	29000.000000	4.06966e-05	29000.000000	3.99155e-05	29000.000000	4.06972e-05	29000.000000	0.000105081	29000.000000	1.82301e-10	
30000.000000	0.00018456	30000.000000	0.000107855	30000.000000	4.08473e-05	30000.000000	4.00765e-05	30000.000000	4.08473e-05	30000.000000	0.000107854	30000.000000	1.76582e-10	
32000.000000	0.0002016 	32000.000000	0.000113389	32000.000000	4.11335e-05	32000.000000	4.03839e-05	32000.000000	4.11324e-05	32000.000000	0.000113389	32000.000000	1.66184e-10	
34000.000000	0.000219401	34000.000000	0.000118909	34000.000000	4.14008e-05	34000.000000	4.06736e-05	34000.000000	4.13986e-05	34000.000000	0.000118909	34000.000000	1.56974e-10	
36000.000000	0.000237972	36000.000000	0.000124413	36000.000000	4.16503e-05	36000.000000	4.09475e-05	36000.000000	4.16481e-05	36000.000000	0.000124413	36000.000000	1.48756e-10	
38000.000000	0.000257319	38000.000000	0.000129903	38000.000000	4.18838e-05	38000.000000	4.12072e-05	38000.000000	4.18827e-05	38000.000000	0.000129903	38000.000000	1.41377e-10	
40000.000000	0.000277452	40000.000000	0.00013538	40000.000000	4.21034e-05	40000.000000	4.14541e-05	40000.000000	4.21035e-05	40000.000000	0.00013538	40000.000000	1.34715e-10	
42000.000000	0.000298377	42000.000000	0.000140843	42000.000000	4.2311e-05	42000.000000	4.16894e-05	42000.000000	4.23119e-05	42000.000000	0.000140843	42000.000000	1.28668e-10	
44000.000000	0.000320103	44000.000000	0.000146294	44000.000000	4.25083e-05	44000.000000	4.19141e-05	44000.000000	4.25093e-05	44000.000000	0.000146294	44000.000000	1.23154e-10	
46000.000000	0.000342639	46000.000000	0.000151733	46000.000000	4.26965e-05	46000.000000	4.21291e-05	46000.000000	4.26958e-05	46000.000000	0.000151733	46000.000000	1.18105e-10	
48000.000000	0.000365992	48000.000000	0.000157161	48000.000000	4.28761e-05	48000.000000	4.23353e-05	48000.000000	4.28733e-05	48000.000000	0.000157161	48000.000000	1.13465e-10	
50000.000000	0.000390172	50000.000000	0.000162577	50000.000000	4.30465e-05	50000.000000	4.25334e-05	50000.000000	4.30415e-05	50000.000000	0.000162577	50000.000000	1.09185e-10	
