! 75Ga energy loss (dE/dX) in He
! apply ZOOM for details
Energy (MeV/u)1	0 - [He-base] F.Hubert et al, AD&ND Tables 46(1990)1	Energy (MeV/u)2	1 - [H -base] J.F.Ziegler et al,Pergamon Press,NY(low energy)	Energy (MeV/u)3	2 - ATIMA 1.2 LS-theory (recommended for high energy)	Energy (MeV/u)4	3 - ATIMA 1.2 without LS-correction	Energy (MeV/u)5	4 - ATIMA 1.4 H.Weick, improved mean charge formula for HI	Energy (MeV/u)6	5 - electrical component of [1] - J.F.Ziegler et al	Energy (MeV/u)7	6 - nuclear component of [1] - J.F.Ziegler et al	
0.001000	0.000158017	0.001000	0.000183576	0.001000	0.000160647	0.001000	0.000160647	0.001000	0.000160656	0.001000	4.71782e-05	0.001000	0.000136398	
0.002000	0.000160814	0.002000	0.000182079	0.002000	0.000155188	0.002000	0.000155188	0.002000	0.000155195	0.002000	6.11825e-05	0.002000	0.000120897	
0.005000	0.000162532	0.005000	0.000175245	0.005000	0.000143193	0.005000	0.000143193	0.005000	0.000143198	0.005000	8.6269e-05	0.005000	8.89759e-05	
0.008000	0.000166642	0.008000	0.000174497	0.008000	0.000140179	0.008000	0.000140179	0.008000	0.000140182	0.008000	0.000102896	0.008000	7.16003e-05	
0.010000	0.000170098	0.010000	0.000175662	0.010000	0.000140458	0.010000	0.000140458	0.010000	0.000140461	0.010000	0.000111877	0.010000	6.3785e-05	
0.015000	0.000179513	0.015000	0.000181024	0.015000	0.00014468	0.015000	0.00014468	0.015000	0.000144682	0.015000	0.000130249	0.015000	5.07749e-05	
0.020000	0.000188991	0.020000	0.000187732	0.020000	0.000151077	0.020000	0.000151077	0.020000	0.000151079	0.020000	0.000145087	0.020000	4.26455e-05	
0.025000	0.000198106	0.025000	0.00019476	0.025000	0.00015824	0.025000	0.00015824	0.025000	0.000158241	0.025000	0.00015775	0.025000	3.70102e-05	
0.030000	0.000208902	0.030000	0.000201751	0.030000	0.000165639	0.030000	0.000165639	0.030000	0.000165641	0.030000	0.000168912	0.030000	3.28391e-05	
0.035000	0.000222766	0.035000	0.000208573	0.035000	0.00017305	0.035000	0.00017305	0.035000	0.000173051	0.035000	0.000178964	0.035000	2.96088e-05	
0.040000	0.000234786	0.040000	0.000215177	0.040000	0.000180367	0.040000	0.000180367	0.040000	0.000180368	0.040000	0.000188154	0.040000	2.70226e-05	
0.045000	0.000244786	0.045000	0.000232066	0.045000	0.000195904	0.045000	0.000195904	0.045000	0.000195905	0.045000	0.000207167	0.045000	2.48988e-05	
0.050000	0.000252695	0.050000	0.00025028	0.050000	0.000213638	0.050000	0.000213638	0.050000	0.000213639	0.050000	0.000227161	0.050000	2.31191e-05	
0.055000	0.000265999	0.055000	0.000267475	0.055000	0.000231451	0.055000	0.000231451	0.055000	0.000231451	0.055000	0.000246071	0.055000	2.14037e-05	
0.060000	0.00027829	0.060000	0.000284274	0.060000	0.000249634	0.060000	0.000249634	0.060000	0.000249635	0.060000	0.000264164	0.060000	2.01105e-05	
0.070000	0.000299372	0.070000	0.000316552	0.070000	0.000286075	0.070000	0.000286075	0.070000	0.000286076	0.070000	0.000298569	0.070000	1.79824e-05	
0.080000	0.000322378	0.080000	0.000347437	0.080000	0.000322123	0.080000	0.000322123	0.080000	0.000322124	0.080000	0.000331138	0.080000	1.62991e-05	
0.090000	0.000342421	0.090000	0.000377004	0.090000	0.000357329	0.090000	0.000357329	0.090000	0.00035733	0.090000	0.000362073	0.090000	1.49307e-05	
0.100000	0.000360115	0.100000	0.000405195	0.100000	0.000391369	0.100000	0.000391369	0.100000	0.00039137	0.100000	0.000391401	0.100000	1.3794e-05	
0.120000	0.000389243	0.120000	0.000459196	0.120000	0.000455104	0.120000	0.000455104	0.120000	0.000455105	0.120000	0.000447187	0.120000	1.20088e-05	
0.140000	0.000416079	0.140000	0.000520808	0.140000	0.000512303	0.140000	0.000512303	0.140000	0.000512303	0.140000	0.000510143	0.140000	1.06657e-05	
0.160000	0.000439999	0.160000	0.000575268	0.160000	0.000562728	0.160000	0.000562728	0.160000	0.000562729	0.160000	0.000565653	0.160000	9.61473e-06	
0.180000	0.000462601	0.180000	0.000623197	0.180000	0.000606631	0.180000	0.000606631	0.180000	0.000606632	0.180000	0.000614429	0.180000	8.76773e-06	
0.200000	0.000484665	0.200000	0.000665371	0.200000	0.000644538	0.200000	0.000644538	0.200000	0.000644538	0.200000	0.000657302	0.200000	8.06913e-06	
0.250000	0.000522437	0.250000	0.000750471	0.250000	0.000717425	0.250000	0.000717425	0.250000	0.000717426	0.250000	0.000743714	0.250000	6.75718e-06	
0.300000	0.000561286	0.300000	0.000820669	0.300000	0.000767127	0.300000	0.000767127	0.300000	0.000767128	0.300000	0.000814833	0.300000	5.83653e-06	
0.350000	0.000595556	0.350000	0.000875043	0.350000	0.00080173	0.350000	0.00080173	0.350000	0.000801731	0.350000	0.000869891	0.350000	5.15169e-06	
0.400000	0.000625468	0.400000	0.000916973	0.400000	0.000826718	0.400000	0.000826718	0.400000	0.000826719	0.400000	0.000912353	0.400000	4.62064e-06	
0.450000	0.000651379	0.450000	0.000949712	0.450000	0.000858528	0.450000	0.000858528	0.450000	0.000858528	0.450000	0.000945517	0.450000	4.19575e-06	
0.500000	0.000678936	0.500000	0.000978948	0.500000	0.000884949	0.500000	0.000884949	0.500000	0.00088495	0.500000	0.000975101	0.500000	3.84745e-06	
0.600000	0.000712927	0.600000	0.00105248	0.600000	0.000923523	0.600000	0.000923523	0.600000	0.000923523	0.600000	0.00104917	0.600000	3.30898e-06	
0.700000	0.000728742	0.700000	0.0011027 	0.700000	0.000949932	0.700000	0.000949932	0.700000	0.000949933	0.700000	0.00109979	0.700000	2.91074e-06	
0.800000	0.000760937	0.800000	0.00113686	0.800000	0.000968571	0.800000	0.000968571	0.800000	0.000968571	0.800000	0.00113426	0.800000	2.60335e-06	
0.900000	0.000782437	0.900000	0.0011564 	0.900000	0.000981759	0.900000	0.000981759	0.900000	0.00098176	0.900000	0.00115404	0.900000	2.35835e-06	
1.000000	0.000794433	1.000000	0.00116072	1.000000	0.000990881	1.000000	0.000990881	1.000000	0.000990882	1.000000	0.00115856	1.000000	2.15815e-06	
1.250000	0.000807666	1.250000	0.00115536	1.250000	0.00100128	1.250000	0.00100128	1.250000	0.00100128	1.250000	0.00115358	1.250000	1.7869e-06	
1.500000	0.000806559	1.500000	0.00113635	1.500000	0.00100012	1.500000	0.00100012	1.500000	0.00100012	1.500000	0.00113482	1.500000	1.53019e-06	
1.750000	0.000790286	1.750000	0.00109821	1.750000	0.000992044	1.750000	0.000992044	1.750000	0.000992045	1.750000	0.00109687	1.750000	1.34138e-06	
2.000000	0.000773209	2.000000	0.00106328	2.000000	0.000979778	2.000000	0.000979778	2.000000	0.000979778	2.000000	0.00106209	2.000000	1.19629e-06	
2.250000	0.000757176	2.250000	0.00103104	2.250000	0.000964995	2.250000	0.000964995	2.250000	0.000964996	2.250000	0.00102996	2.250000	1.08107e-06	
2.500000	0.000935628	2.500000	0.0010011 	2.500000	0.000948701	2.500000	0.000948701	2.500000	0.000948702	2.500000	0.00100011	2.500000	9.87219e-07	
3.000000	0.000889605	3.000000	0.000945239	3.000000	0.000907454	3.000000	0.000907454	3.000000	0.000907455	3.000000	0.000944396	3.000000	8.43237e-07	
3.500000	0.000845313	3.500000	0.000896827	3.500000	0.000869475	3.500000	0.000869475	3.500000	0.000869476	3.500000	0.000896089	3.500000	7.3767e-07	
4.000000	0.000804089	4.000000	0.000854066	4.000000	0.00083447	4.000000	0.00083447	4.000000	0.00083447	4.000000	0.000853409	4.000000	6.56752e-07	
4.500000	0.00076622	4.500000	0.000815216	4.500000	0.000802156	4.500000	0.000802156	4.500000	0.000802157	4.500000	0.000814623	4.500000	5.92632e-07	
5.000000	0.000731592	5.000000	0.000779961	5.000000	0.000772269	5.000000	0.000772269	5.000000	0.00077227	5.000000	0.00077942	5.000000	5.40495e-07	
5.500000	0.000699949	5.500000	0.000748244	5.500000	0.000744564	5.500000	0.000744564	5.500000	0.000744565	5.500000	0.000747747	5.500000	4.9722e-07	
6.000000	0.000670997	6.000000	0.000719589	6.000000	0.000718821	6.000000	0.000718821	6.000000	0.000718821	6.000000	0.000719128	6.000000	4.6069e-07	
6.500000	0.000644449	6.500000	0.000693305	6.500000	0.000694843	6.500000	0.000694843	6.500000	0.000694844	6.500000	0.000692875	6.500000	4.29417e-07	
7.000000	0.000620042	7.000000	0.000668998	7.000000	0.000672457	7.000000	0.000672457	7.000000	0.000672458	7.000000	0.000668595	7.000000	4.02325e-07	
7.500000	0.00059754	7.500000	0.000646432	7.500000	0.00065151	7.500000	0.00065151	7.500000	0.00065151	7.500000	0.000646054	7.500000	3.78614e-07	
8.000000	0.000576736	8.000000	0.000625413	8.000000	0.000631867	8.000000	0.000631867	8.000000	0.000631867	8.000000	0.000625055	8.000000	3.57679e-07	
8.500000	0.000557448	8.500000	0.000605776	8.500000	0.000613408	8.500000	0.000613408	8.500000	0.000613408	8.500000	0.000605437	8.500000	3.39052e-07	
9.000000	0.000539518	9.000000	0.000587381	9.000000	0.000596028	9.000000	0.000596028	9.000000	0.000596028	9.000000	0.000587059	9.000000	3.22363e-07	
9.500000	0.000522809	9.500000	0.000570107	9.500000	0.000579634	9.500000	0.000579634	9.500000	0.000579634	9.500000	0.0005698 	9.500000	3.07322e-07	
10.000000	0.000507199	10.000000	0.000530813	10.000000	0.000564142	10.000000	0.000564142	10.000000	0.000564143	10.000000	0.000530519	10.000000	2.9369e-07	
11.000000	0.000478869	11.000000	0.000509098	11.000000	0.000532295	11.000000	0.000536357	11.000000	0.000537928	11.000000	0.000508828	11.000000	2.69922e-07	
12.000000	0.000453825	12.000000	0.000488935	12.000000	0.000504105	12.000000	0.000511414	12.000000	0.000513954	12.000000	0.000488685	12.000000	2.49881e-07	
13.000000	0.00043152	13.000000	0.000470223	13.000000	0.000478991	13.000000	0.000488912	13.000000	0.000491995	13.000000	0.00046999	13.000000	2.32741e-07	
14.000000	0.00041152	14.000000	0.000452853	14.000000	0.000456493	14.000000	0.000468519	14.000000	0.000471847	14.000000	0.000452635	14.000000	2.17907e-07	
15.000000	0.00039348	15.000000	0.000436713	15.000000	0.000436245	15.000000	0.000449964	15.000000	0.000453322	15.000000	0.000436508	15.000000	2.04936e-07	
16.000000	0.00037712	16.000000	0.000421693	16.000000	0.000417932	16.000000	0.000433015	16.000000	0.000436258	16.000000	0.000421499	16.000000	1.93492e-07	
17.000000	0.00036221	17.000000	0.000407692	17.000000	0.0004013 	17.000000	0.000417483	17.000000	0.000420511	17.000000	0.000407509	17.000000	1.83316e-07	
18.000000	0.000348562	18.000000	0.000394618	18.000000	0.000386144	18.000000	0.000403204	18.000000	0.000405931	18.000000	0.000394444	18.000000	1.74206e-07	
19.000000	0.00033602	19.000000	0.000382387	19.000000	0.00037229	19.000000	0.000390039	19.000000	0.000392427	19.000000	0.000382221	19.000000	1.65999e-07	
20.000000	0.00032445	20.000000	0.000370924	20.000000	0.000359586	20.000000	0.000377871	20.000000	0.000379905	20.000000	0.000370765	20.000000	1.58567e-07	
21.000000	0.000313742	21.000000	0.00036016	21.000000	0.000347903	21.000000	0.000366598	21.000000	0.000368239	21.000000	0.000360009	21.000000	1.51802e-07	
22.000000	0.000303801	22.000000	0.000350037	22.000000	0.000337129	22.000000	0.00035613	22.000000	0.000357394	22.000000	0.000349891	22.000000	1.45617e-07	
23.000000	0.000294545	23.000000	0.000340499	23.000000	0.000327175	23.000000	0.000346391	23.000000	0.00034727	23.000000	0.000340359	23.000000	1.39939e-07	
24.000000	0.000285904	24.000000	0.000331499	24.000000	0.000317965	24.000000	0.000337314	24.000000	0.000337822	24.000000	0.000331364	24.000000	1.34708e-07	
25.000000	0.000277818	25.000000	0.000322993	25.000000	0.000309426	25.000000	0.00032884	25.000000	0.000328986	25.000000	0.000322863	25.000000	1.29872e-07	
27.000000	0.000263104	27.000000	0.00030731	27.000000	0.000294096	27.000000	0.000313494	27.000000	0.000312964	27.000000	0.000307189	27.000000	1.21216e-07	
29.000000	0.000250053	29.000000	0.000293182	29.000000	0.000280774	29.000000	0.000300003	29.000000	0.000298866	29.000000	0.000293069	29.000000	1.1369e-07	
31.000000	0.000238392	31.000000	0.000280392	31.000000	0.0002691 	31.000000	0.000287136	31.000000	0.000285461	31.000000	0.000280285	31.000000	1.07082e-07	
33.000000	0.000227906	33.000000	0.000268757	33.000000	0.000258501	33.000000	0.000274641	33.000000	0.000272594	33.000000	0.000268656	33.000000	1.01233e-07	
35.000000	0.000218422	35.000000	0.00025813	35.000000	0.000248806	35.000000	0.000263279	35.000000	0.000261003	35.000000	0.000258034	35.000000	9.60171e-08	
38.000000	0.000205776	38.000000	0.000243809	38.000000	0.000235645	38.000000	0.000248043	38.000000	0.000245609	38.000000	0.00024372	38.000000	8.91688e-08	
41.000000	0.000194704	41.000000	0.000231135	41.000000	0.000223945	41.000000	0.000234629	41.000000	0.000232178	41.000000	0.000231051	41.000000	8.3271e-08	
44.000000	0.000184922	44.000000	0.000219839	44.000000	0.000213467	44.000000	0.000222729	44.000000	0.000220345	44.000000	0.000219761	44.000000	7.81363e-08	
47.000000	0.000176214	47.000000	0.000209709	47.000000	0.00020404	47.000000	0.000212099	47.000000	0.000209831	47.000000	0.000209635	47.000000	7.36235e-08	
50.000000	0.000168408	50.000000	0.000200573	50.000000	0.000195503	50.000000	0.000202547	50.000000	0.000200426	50.000000	0.000200503	50.000000	6.96246e-08	
55.000000	0.000157045	55.000000	0.000187189	55.000000	0.000182939	55.000000	0.00018861	55.000000	0.000186751	55.000000	0.000187125	55.000000	6.38812e-08	
60.000000	0.000147341	60.000000	0.000175686	60.000000	0.000172105	60.000000	0.000176688	60.000000	0.000175092	60.000000	0.000175627	60.000000	5.90482e-08	
65.000000	0.00013895	65.000000	0.000165695	65.000000	0.000162661	65.000000	0.000166373	65.000000	0.000165028	65.000000	0.00016564	65.000000	5.49225e-08	
70.000000	0.000131619	70.000000	0.000156937	70.000000	0.000154355	70.000000	0.000157361	70.000000	0.000156245	70.000000	0.000156885	70.000000	5.13575e-08	
75.000000	0.000125153	75.000000	0.000149196	75.000000	0.000146988	75.000000	0.00014942	75.000000	0.000148533	75.000000	0.000149147	75.000000	4.82448e-08	
80.000000	0.000119406	80.000000	0.000142305	80.000000	0.00014043	80.000000	0.000142371	80.000000	0.000141689	80.000000	0.000142259	80.000000	4.55024e-08	
85.000000	0.000114261	85.000000	0.000136132	85.000000	0.000134522	85.000000	0.00013607	85.000000	0.000135569	85.000000	0.000136088	85.000000	4.3067e-08	
90.000000	0.000109626	90.000000	0.000130569	90.000000	0.000129199	90.000000	0.000130406	90.000000	0.000130065	90.000000	0.000130529	90.000000	4.08892e-08	
95.000000	0.000105428	95.000000	0.000125532	95.000000	0.000124364	95.000000	0.000125285	95.000000	0.000125092	95.000000	0.000125493	95.000000	3.89296e-08	
100.000000	0.000101606	100.000000	0.000120949	100.000000	0.000119967	100.000000	0.000120635	100.000000	0.000120573	100.000000	0.000120912	100.000000	3.71566e-08	
105.000000	9.81106e-05	105.000000	0.000116761	105.000000	0.000115939	105.000000	0.000116392	105.000000	0.000116445	105.000000	0.000116726	105.000000	3.55444e-08	
110.000000	9.49009e-05	110.000000	0.00011292	110.000000	0.000112233	110.000000	0.000112507	110.000000	0.000112668	110.000000	0.000112886	110.000000	3.40718e-08	
115.000000	9.19424e-05	115.000000	0.000109383	115.000000	0.000108821	115.000000	0.000108934	115.000000	0.000109187	115.000000	0.000109351	115.000000	3.27211e-08	
120.000000	8.9206e-05	120.000000	0.000106117	120.000000	0.000105666	120.000000	0.000105639	120.000000	0.000105981	120.000000	0.000106086	120.000000	3.14777e-08	
125.000000	8.66671e-05	125.000000	0.000103092	125.000000	0.000102737	125.000000	0.00010259	125.000000	0.000103008	125.000000	0.000103061	125.000000	3.0329e-08	
130.000000	8.43044e-05	130.000000	0.000100281	130.000000	0.000100018	130.000000	9.97608e-05	130.000000	0.000100252	130.000000	0.000100252	130.000000	2.92646e-08	
135.000000	8.20998e-05	135.000000	9.76631e-05	135.000000	9.74789e-05	135.000000	9.71283e-05	135.000000	9.76814e-05	135.000000	9.76348e-05	135.000000	2.82752e-08	
140.000000	8.00376e-05	140.000000	9.5219e-05	140.000000	9.51063e-05	140.000000	9.46729e-05	140.000000	9.5287e-05	140.000000	9.51916e-05	140.000000	2.73533e-08	
145.000000	7.8104e-05	145.000000	9.29319e-05	145.000000	9.28884e-05	145.000000	9.23773e-05	145.000000	9.30412e-05	145.000000	9.29054e-05	145.000000	2.64919e-08	
150.000000	7.62872e-05	150.000000	9.07872e-05	150.000000	9.08088e-05	150.000000	9.02265e-05	150.000000	9.09397e-05	150.000000	9.07615e-05	150.000000	2.56853e-08	
155.000000	7.37058e-05	155.000000	8.8772e-05	155.000000	8.88496e-05	155.000000	8.82073e-05	155.000000	8.89633e-05	155.000000	8.87471e-05	155.000000	2.49283e-08	
160.000000	7.2204e-05	160.000000	8.68751e-05	160.000000	8.70037e-05	160.000000	8.6308e-05	160.000000	8.71034e-05	160.000000	8.68508e-05	160.000000	2.42164e-08	
165.000000	7.07859e-05	165.000000	8.50862e-05	165.000000	8.52645e-05	165.000000	8.45183e-05	165.000000	8.5352e-05	165.000000	8.50627e-05	165.000000	2.35456e-08	
170.000000	6.94447e-05	170.000000	8.33965e-05	170.000000	8.36168e-05	170.000000	8.2829e-05	170.000000	8.36942e-05	170.000000	8.33736e-05	170.000000	2.29125e-08	
175.000000	6.81742e-05	175.000000	8.1798e-05	175.000000	8.20571e-05	175.000000	8.12321e-05	175.000000	8.21284e-05	175.000000	8.17757e-05	175.000000	2.23139e-08	
180.000000	6.69688e-05	180.000000	8.02835e-05	180.000000	8.05857e-05	180.000000	7.97201e-05	180.000000	8.06451e-05	180.000000	8.02618e-05	180.000000	2.1747e-08	
185.000000	6.58237e-05	185.000000	7.88467e-05	185.000000	7.9187e-05	185.000000	7.82865e-05	185.000000	7.92357e-05	185.000000	7.88254e-05	185.000000	2.12093e-08	
190.000000	6.47343e-05	190.000000	7.74816e-05	190.000000	7.78506e-05	190.000000	7.69255e-05	190.000000	7.78986e-05	190.000000	7.74609e-05	190.000000	2.06986e-08	
195.000000	6.36967e-05	195.000000	7.61831e-05	195.000000	7.65806e-05	195.000000	7.56316e-05	195.000000	7.66269e-05	195.000000	7.61629e-05	195.000000	2.02129e-08	
200.000000	6.27072e-05	200.000000	7.49465e-05	200.000000	7.53758e-05	200.000000	7.44002e-05	200.000000	7.54139e-05	200.000000	7.49268e-05	200.000000	1.97504e-08	
210.000000	6.08597e-05	210.000000	7.26422e-05	210.000000	7.3132e-05	210.000000	7.21075e-05	210.000000	7.31579e-05	210.000000	7.26233e-05	210.000000	1.88885e-08	
220.000000	5.91687e-05	220.000000	7.05386e-05	220.000000	7.10766e-05	220.000000	7.0017e-05	220.000000	7.10952e-05	220.000000	7.05205e-05	220.000000	1.81015e-08	
230.000000	5.7615e-05	230.000000	6.86109e-05	230.000000	6.91937e-05	230.000000	6.81034e-05	230.000000	6.92075e-05	230.000000	6.85935e-05	230.000000	1.73798e-08	
240.000000	5.61825e-05	240.000000	6.68381e-05	240.000000	6.74568e-05	240.000000	6.63455e-05	240.000000	6.747e-05 	240.000000	6.68213e-05	240.000000	1.67156e-08	
250.000000	5.48575e-05	250.000000	6.52023e-05	250.000000	6.58581e-05	250.000000	6.47253e-05	250.000000	6.58685e-05	250.000000	6.51862e-05	250.000000	1.61022e-08	
260.000000	5.36282e-05	260.000000	6.36886e-05	260.000000	6.438e-05 	260.000000	6.32274e-05	260.000000	6.43855e-05	260.000000	6.3673e-05	260.000000	1.55339e-08	
270.000000	5.24848e-05	270.000000	6.22838e-05	270.000000	6.30043e-05	270.000000	6.18389e-05	270.000000	6.30107e-05	270.000000	6.22688e-05	270.000000	1.50059e-08	
280.000000	5.14184e-05	280.000000	6.09768e-05	280.000000	6.17261e-05	280.000000	6.05483e-05	280.000000	6.17304e-05	280.000000	6.09623e-05	280.000000	1.45139e-08	
290.000000	5.04217e-05	290.000000	5.97579e-05	290.000000	6.05345e-05	290.000000	5.9346e-05	290.000000	6.05387e-05	290.000000	5.97439e-05	290.000000	1.40543e-08	
300.000000	4.94879e-05	300.000000	5.86187e-05	300.000000	5.94224e-05	300.000000	5.82233e-05	300.000000	5.94227e-05	300.000000	5.8605e-05	300.000000	1.36241e-08	
310.000000	4.86115e-05	310.000000	5.75516e-05	310.000000	5.83796e-05	310.000000	5.71728e-05	310.000000	5.83794e-05	310.000000	5.75384e-05	310.000000	1.32203e-08	
320.000000	4.77872e-05	320.000000	5.65502e-05	320.000000	5.73981e-05	320.000000	5.6188e-05	320.000000	5.74001e-05	320.000000	5.65374e-05	320.000000	1.28408e-08	
330.000000	4.70107e-05	330.000000	5.56088e-05	330.000000	5.64792e-05	330.000000	5.5263e-05	330.000000	5.64794e-05	330.000000	5.55963e-05	330.000000	1.24832e-08	
340.000000	4.6278e-05	340.000000	5.47222e-05	340.000000	5.56155e-05	340.000000	5.43928e-05	340.000000	5.56139e-05	340.000000	5.47101e-05	340.000000	1.21457e-08	
350.000000	4.55854e-05	350.000000	5.3886e-05	350.000000	5.4798e-05	350.000000	5.35727e-05	350.000000	5.47962e-05	350.000000	5.38742e-05	350.000000	1.18267e-08	
360.000000	4.49299e-05	360.000000	5.3096e-05	360.000000	5.40256e-05	360.000000	5.27988e-05	360.000000	5.40247e-05	360.000000	5.30845e-05	360.000000	1.15247e-08	
370.000000	4.43086e-05	370.000000	5.23486e-05	370.000000	5.3296e-05	370.000000	5.20673e-05	370.000000	5.3296e-05	370.000000	5.23374e-05	370.000000	1.12382e-08	
380.000000	4.3719e-05	380.000000	5.16407e-05	380.000000	5.26053e-05	380.000000	5.1375e-05	380.000000	5.26044e-05	380.000000	5.16297e-05	380.000000	1.09662e-08	
390.000000	4.31588e-05	390.000000	5.09692e-05	390.000000	5.19506e-05	390.000000	5.0719e-05	390.000000	5.19495e-05	390.000000	5.09585e-05	390.000000	1.07076e-08	
400.000000	4.26258e-05	400.000000	5.03315e-05	400.000000	5.13291e-05	400.000000	5.00966e-05	400.000000	5.13286e-05	400.000000	5.0321e-05	400.000000	1.04613e-08	
410.000000	4.21183e-05	410.000000	4.97253e-05	410.000000	5.07389e-05	410.000000	4.95054e-05	410.000000	5.07371e-05	410.000000	4.9715e-05	410.000000	1.02265e-08	
420.000000	4.16344e-05	420.000000	4.91483e-05	420.000000	5.01779e-05	420.000000	4.89432e-05	420.000000	5.0175e-05	420.000000	4.91383e-05	420.000000	1.00024e-08	
430.000000	4.11727e-05	430.000000	4.85986e-05	430.000000	4.96431e-05	430.000000	4.84081e-05	430.000000	4.96402e-05	430.000000	4.85888e-05	430.000000	9.78831e-09	
440.000000	4.07317e-05	440.000000	4.80743e-05	440.000000	4.91317e-05	440.000000	4.78982e-05	440.000000	4.913e-05 	440.000000	4.80647e-05	440.000000	9.58352e-09	
450.000000	4.03101e-05	450.000000	4.75739e-05	450.000000	4.86435e-05	450.000000	4.74119e-05	450.000000	4.86428e-05	450.000000	4.75646e-05	450.000000	9.38744e-09	
460.000000	3.99067e-05	460.000000	4.70959e-05	460.000000	4.81789e-05	460.000000	4.69477e-05	460.000000	4.81781e-05	460.000000	4.70867e-05	460.000000	9.19953e-09	
470.000000	3.95204e-05	470.000000	4.66388e-05	470.000000	4.77358e-05	470.000000	4.65042e-05	470.000000	4.77344e-05	470.000000	4.66297e-05	470.000000	9.01927e-09	
480.000000	3.91501e-05	480.000000	4.62013e-05	480.000000	4.73111e-05	480.000000	4.60802e-05	480.000000	4.7309e-05	480.000000	4.61925e-05	480.000000	8.8462e-09	
490.000000	3.87951e-05	490.000000	4.57824e-05	490.000000	4.69032e-05	490.000000	4.56744e-05	490.000000	4.6902e-05	490.000000	4.57737e-05	490.000000	8.6799e-09	
500.000000	3.84544e-05	500.000000	4.53809e-05	500.000000	4.65127e-05	500.000000	4.52858e-05	500.000000	4.65124e-05	500.000000	4.53724e-05	500.000000	8.51997e-09	
520.000000	3.78128e-05	520.000000	4.46263e-05	520.000000	4.57828e-05	520.000000	4.45562e-05	520.000000	4.57805e-05	520.000000	4.46181e-05	520.000000	8.21779e-09	
540.000000	3.72195e-05	540.000000	4.39304e-05	540.000000	4.51092e-05	540.000000	4.38844e-05	540.000000	4.51058e-05	540.000000	4.39225e-05	540.000000	7.93706e-09	
560.000000	3.66699e-05	560.000000	4.32872e-05	560.000000	4.44848e-05	560.000000	4.32641e-05	560.000000	4.44831e-05	560.000000	4.32795e-05	560.000000	7.67556e-09	
580.000000	3.61595e-05	580.000000	4.26913e-05	580.000000	4.39075e-05	580.000000	4.26902e-05	580.000000	4.39058e-05	580.000000	4.26838e-05	580.000000	7.43135e-09	
600.000000	3.56846e-05	600.000000	4.2138e-05	600.000000	4.33722e-05	600.000000	4.2158e-05	600.000000	4.33712e-05	600.000000	4.21308e-05	600.000000	7.20274e-09	
620.000000	3.52421e-05	620.000000	4.16235e-05	620.000000	4.28745e-05	620.000000	4.16636e-05	620.000000	4.28732e-05	620.000000	4.16165e-05	620.000000	6.98828e-09	
640.000000	3.4829e-05	640.000000	4.11442e-05	640.000000	4.24112e-05	640.000000	4.12033e-05	640.000000	4.241e-05 	640.000000	4.11374e-05	640.000000	6.78668e-09	
660.000000	3.44429e-05	660.000000	4.06969e-05	660.000000	4.19791e-05	660.000000	4.07742e-05	660.000000	4.19779e-05	660.000000	4.06903e-05	660.000000	6.59679e-09	
680.000000	3.40814e-05	680.000000	4.02789e-05	680.000000	4.15753e-05	680.000000	4.03734e-05	680.000000	4.15738e-05	680.000000	4.02725e-05	680.000000	6.41761e-09	
700.000000	3.37426e-05	700.000000	3.98878e-05	700.000000	4.11979e-05	700.000000	3.99985e-05	700.000000	4.11963e-05	700.000000	3.98815e-05	700.000000	6.24826e-09	
720.000000	3.34247e-05	720.000000	3.95213e-05	720.000000	4.08445e-05	720.000000	3.96475e-05	720.000000	4.0842e-05	720.000000	3.95152e-05	720.000000	6.08793e-09	
740.000000	3.3126e-05	740.000000	3.91776e-05	740.000000	4.05121e-05	740.000000	3.93182e-05	740.000000	4.05097e-05	740.000000	3.91717e-05	740.000000	5.93591e-09	
760.000000	3.28453e-05	760.000000	3.88549e-05	760.000000	4.01988e-05	760.000000	3.9009e-05	760.000000	4.0198e-05	760.000000	3.88491e-05	760.000000	5.79157e-09	
780.000000	3.25811e-05	780.000000	3.85515e-05	780.000000	3.99041e-05	780.000000	3.87184e-05	780.000000	3.99044e-05	780.000000	3.85459e-05	780.000000	5.65433e-09	
800.000000	3.23323e-05	800.000000	3.82662e-05	800.000000	3.96275e-05	800.000000	3.84449e-05	800.000000	3.9628e-05	800.000000	3.82606e-05	800.000000	5.52368e-09	
820.000000	3.20979e-05	820.000000	3.79975e-05	820.000000	3.93678e-05	820.000000	3.81873e-05	820.000000	3.93679e-05	820.000000	3.79921e-05	820.000000	5.39914e-09	
840.000000	3.18768e-05	840.000000	3.77444e-05	840.000000	3.91231e-05	840.000000	3.79443e-05	840.000000	3.91224e-05	840.000000	3.77391e-05	840.000000	5.28029e-09	
860.000000	3.16682e-05	860.000000	3.75057e-05	860.000000	3.88922e-05	860.000000	3.77151e-05	860.000000	3.88903e-05	860.000000	3.75006e-05	860.000000	5.16675e-09	
880.000000	3.14713e-05	880.000000	3.72806e-05	880.000000	3.86736e-05	880.000000	3.74985e-05	880.000000	3.86713e-05	880.000000	3.72755e-05	880.000000	5.05816e-09	
900.000000	3.12854e-05	900.000000	3.70681e-05	900.000000	3.84663e-05	900.000000	3.72938e-05	900.000000	3.84646e-05	900.000000	3.70632e-05	900.000000	4.9542e-09	
920.000000	3.11097e-05	920.000000	3.68674e-05	920.000000	3.82695e-05	920.000000	3.71002e-05	920.000000	3.82683e-05	920.000000	3.68626e-05	920.000000	4.85458e-09	
940.000000	3.09437e-05	940.000000	3.66779e-05	940.000000	3.80832e-05	940.000000	3.69169e-05	940.000000	3.80825e-05	940.000000	3.66731e-05	940.000000	4.75903e-09	
960.000000	3.07868e-05	960.000000	3.64987e-05	960.000000	3.79071e-05	960.000000	3.67432e-05	960.000000	3.79068e-05	960.000000	3.6494e-05	960.000000	4.6673e-09	
980.000000	3.06385e-05	980.000000	3.63293e-05	980.000000	3.77407e-05	980.000000	3.65787e-05	980.000000	3.77403e-05	980.000000	3.63248e-05	980.000000	4.57916e-09	
1000.000000	3.04983e-05	1000.000000	3.61692e-05	1000.000000	3.75832e-05	1000.000000	3.64226e-05	1000.000000	3.75818e-05	1000.000000	3.61647e-05	1000.000000	4.49441e-09	
1020.000000	3.03657e-05	1020.000000	3.60177e-05	1020.000000	3.74336e-05	1020.000000	3.62745e-05	1020.000000	3.74316e-05	1020.000000	3.60133e-05	1020.000000	4.41285e-09	
1040.000000	3.02404e-05	1040.000000	3.58744e-05	1040.000000	3.72912e-05	1040.000000	3.61339e-05	1040.000000	3.72891e-05	1040.000000	3.58701e-05	1040.000000	4.3343e-09	
1060.000000	3.01219e-05	1060.000000	3.57389e-05	1060.000000	3.71555e-05	1060.000000	3.60004e-05	1060.000000	3.71539e-05	1060.000000	3.57347e-05	1060.000000	4.2586e-09	
1080.000000	3.00099e-05	1080.000000	3.56107e-05	1080.000000	3.70263e-05	1080.000000	3.58735e-05	1080.000000	3.70248e-05	1080.000000	3.56065e-05	1080.000000	4.18559e-09	
1100.000000	2.9904e-05	1100.000000	3.54894e-05	1100.000000	3.69033e-05	1100.000000	3.57528e-05	1100.000000	3.69023e-05	1100.000000	3.54853e-05	1100.000000	4.11513e-09	
1120.000000	2.98041e-05	1120.000000	3.53747e-05	1120.000000	3.67864e-05	1120.000000	3.56381e-05	1120.000000	3.67858e-05	1120.000000	3.53706e-05	1120.000000	4.04709e-09	
1140.000000	2.97096e-05	1140.000000	3.52662e-05	1140.000000	3.66753e-05	1140.000000	3.5529e-05	1140.000000	3.66752e-05	1140.000000	3.52622e-05	1140.000000	3.98134e-09	
1160.000000	2.96205e-05	1160.000000	3.51636e-05	1160.000000	3.65695e-05	1160.000000	3.54252e-05	1160.000000	3.65696e-05	1160.000000	3.51597e-05	1160.000000	3.91777e-09	
1180.000000	2.95364e-05	1180.000000	3.50666e-05	1180.000000	3.64689e-05	1180.000000	3.53264e-05	1180.000000	3.6469e-05	1180.000000	3.50628e-05	1180.000000	3.85626e-09	
1200.000000	2.94572e-05	1200.000000	3.4975e-05	1200.000000	3.6373e-05	1200.000000	3.52323e-05	1200.000000	3.63733e-05	1200.000000	3.49712e-05	1200.000000	3.79673e-09	
1220.000000	2.93825e-05	1220.000000	3.48885e-05	1220.000000	3.62816e-05	1220.000000	3.51427e-05	1220.000000	3.62822e-05	1220.000000	3.48847e-05	1220.000000	3.73907e-09	
1240.000000	2.93122e-05	1240.000000	3.48067e-05	1240.000000	3.61945e-05	1240.000000	3.50574e-05	1240.000000	3.61955e-05	1240.000000	3.48031e-05	1240.000000	3.6832e-09	
1260.000000	2.9246e-05	1260.000000	3.47296e-05	1260.000000	3.61115e-05	1260.000000	3.49761e-05	1260.000000	3.61126e-05	1260.000000	3.4726e-05	1260.000000	3.62903e-09	
1280.000000	2.91839e-05	1280.000000	3.4657e-05	1280.000000	3.60325e-05	1280.000000	3.48986e-05	1280.000000	3.60336e-05	1280.000000	3.46534e-05	1280.000000	3.57649e-09	
1300.000000	2.91257e-05	1300.000000	3.45885e-05	1300.000000	3.59573e-05	1300.000000	3.48248e-05	1300.000000	3.59584e-05	1300.000000	3.45849e-05	1300.000000	3.5255e-09	
1320.000000	2.9071e-05	1320.000000	3.4524e-05	1320.000000	3.58857e-05	1320.000000	3.47545e-05	1320.000000	3.58867e-05	1320.000000	3.45205e-05	1320.000000	3.47599e-09	
1340.000000	2.90199e-05	1340.000000	3.44633e-05	1340.000000	3.58177e-05	1340.000000	3.46874e-05	1340.000000	3.58185e-05	1340.000000	3.44599e-05	1340.000000	3.42791e-09	
1360.000000	2.89722e-05	1360.000000	3.44064e-05	1360.000000	3.57529e-05	1360.000000	3.46236e-05	1360.000000	3.57533e-05	1360.000000	3.4403e-05	1360.000000	3.38118e-09	
1380.000000	2.89277e-05	1380.000000	3.43529e-05	1380.000000	3.56911e-05	1380.000000	3.45627e-05	1380.000000	3.5691e-05	1380.000000	3.43496e-05	1380.000000	3.33576e-09	
1400.000000	2.88864e-05	1400.000000	3.43028e-05	1400.000000	3.56323e-05	1400.000000	3.45046e-05	1400.000000	3.56317e-05	1400.000000	3.42995e-05	1400.000000	3.29158e-09	
1420.000000	2.8848e-05	1420.000000	3.4256e-05	1420.000000	3.55761e-05	1420.000000	3.44493e-05	1420.000000	3.55751e-05	1420.000000	3.42527e-05	1420.000000	3.2486e-09	
1440.000000	2.88125e-05	1440.000000	3.42122e-05	1440.000000	3.55225e-05	1440.000000	3.43966e-05	1440.000000	3.55213e-05	1440.000000	3.4209e-05	1440.000000	3.20676e-09	
1460.000000	2.87797e-05	1460.000000	3.41714e-05	1460.000000	3.54712e-05	1460.000000	3.43463e-05	1460.000000	3.54701e-05	1460.000000	3.41682e-05	1460.000000	3.16603e-09	
1480.000000	2.87496e-05	1480.000000	3.41334e-05	1480.000000	3.54223e-05	1480.000000	3.42985e-05	1480.000000	3.5421e-05	1480.000000	3.41303e-05	1480.000000	3.12635e-09	
1500.000000	2.87221e-05	1500.000000	3.40982e-05	1500.000000	3.53756e-05	1500.000000	3.42529e-05	1500.000000	3.53742e-05	1500.000000	3.40951e-05	1500.000000	3.0877e-09	
1520.000000	2.8697e-05	1520.000000	3.40656e-05	1520.000000	3.5331e-05	1520.000000	3.42094e-05	1520.000000	3.53297e-05	1520.000000	3.40626e-05	1520.000000	3.05002e-09	
1540.000000	2.86744e-05	1540.000000	3.40355e-05	1540.000000	3.52885e-05	1540.000000	3.41681e-05	1540.000000	3.52873e-05	1540.000000	3.40325e-05	1540.000000	3.01328e-09	
1560.000000	2.8654e-05	1560.000000	3.40079e-05	1560.000000	3.5248e-05	1560.000000	3.41287e-05	1560.000000	3.52469e-05	1560.000000	3.40049e-05	1560.000000	2.97744e-09	
1580.000000	2.86358e-05	1580.000000	3.39826e-05	1580.000000	3.52094e-05	1580.000000	3.40912e-05	1580.000000	3.52085e-05	1580.000000	3.39797e-05	1580.000000	2.94248e-09	
1600.000000	2.86198e-05	1600.000000	3.39596e-05	1600.000000	3.51726e-05	1600.000000	3.40556e-05	1600.000000	3.51719e-05	1600.000000	3.39567e-05	1600.000000	2.90836e-09	
1620.000000	2.86058e-05	1620.000000	3.39387e-05	1620.000000	3.51377e-05	1620.000000	3.40217e-05	1620.000000	3.51369e-05	1620.000000	3.39359e-05	1620.000000	2.87504e-09	
1640.000000	2.85939e-05	1640.000000	3.392e-05 	1640.000000	3.51044e-05	1640.000000	3.39894e-05	1640.000000	3.51037e-05	1640.000000	3.39171e-05	1640.000000	2.84251e-09	
1660.000000	2.85838e-05	1660.000000	3.39032e-05	1660.000000	3.50728e-05	1660.000000	3.39588e-05	1660.000000	3.50721e-05	1660.000000	3.39004e-05	1660.000000	2.81074e-09	
1680.000000	2.85757e-05	1680.000000	3.38884e-05	1680.000000	3.50428e-05	1680.000000	3.39297e-05	1680.000000	3.50422e-05	1680.000000	3.38856e-05	1680.000000	2.77969e-09	
1700.000000	2.85693e-05	1700.000000	3.38755e-05	1700.000000	3.50143e-05	1700.000000	3.39021e-05	1700.000000	3.50137e-05	1700.000000	3.38727e-05	1700.000000	2.74934e-09	
1750.000000	2.8561e-05	1750.000000	3.3851e-05	1750.000000	3.49492e-05	1750.000000	3.38391e-05	1750.000000	3.49486e-05	1750.000000	3.38483e-05	1750.000000	2.67639e-09	
1800.000000	2.85628e-05	1800.000000	3.38369e-05	1800.000000	3.48924e-05	1800.000000	3.37841e-05	1800.000000	3.48916e-05	1800.000000	3.38343e-05	1800.000000	2.60734e-09	
1850.000000	2.85739e-05	1850.000000	3.38324e-05	1850.000000	3.4843e-05	1850.000000	3.37364e-05	1850.000000	3.48421e-05	1850.000000	3.38298e-05	1850.000000	2.54188e-09	
1900.000000	2.85938e-05	1900.000000	3.38367e-05	1900.000000	3.48002e-05	1900.000000	3.36954e-05	1900.000000	3.47992e-05	1900.000000	3.38342e-05	1900.000000	2.47973e-09	
1950.000000	2.86218e-05	1950.000000	3.38491e-05	1950.000000	3.47635e-05	1950.000000	3.36603e-05	1950.000000	3.47623e-05	1950.000000	3.38467e-05	1950.000000	2.42066e-09	
2000.000000	2.86574e-05	2000.000000	3.38691e-05	2000.000000	3.47322e-05	2000.000000	3.36306e-05	2000.000000	3.47312e-05	2000.000000	3.38667e-05	2000.000000	2.36442e-09	
2100.000000	2.87492e-05	2100.000000	3.39295e-05	2100.000000	3.4684e-05	2100.000000	3.35859e-05	2100.000000	3.46833e-05	2100.000000	3.39273e-05	2100.000000	2.25969e-09	
2200.000000	2.88659e-05	2200.000000	3.40141e-05	2200.000000	3.46524e-05	2200.000000	3.35579e-05	2200.000000	3.46527e-05	2200.000000	3.4012e-05	2200.000000	2.16413e-09	
2300.000000	2.90047e-05	2300.000000	3.41198e-05	2300.000000	3.46352e-05	2300.000000	3.35439e-05	2300.000000	3.46361e-05	2300.000000	3.41177e-05	2300.000000	2.07657e-09	
2400.000000	2.9163e-05	2400.000000	3.42438e-05	2400.000000	3.46304e-05	2400.000000	3.35418e-05	2400.000000	3.46317e-05	2400.000000	3.42418e-05	2400.000000	1.99604e-09	
2500.000000	2.93389e-05	2500.000000	3.43841e-05	2500.000000	3.46361e-05	2500.000000	3.35496e-05	2500.000000	3.46374e-05	2500.000000	3.43821e-05	2500.000000	1.92172e-09	
2600.000000	2.95307e-05	2600.000000	3.45386e-05	2600.000000	3.46508e-05	2600.000000	3.3566e-05	2600.000000	3.46519e-05	2600.000000	3.45367e-05	2600.000000	1.85291e-09	
2700.000000	2.97368e-05	2700.000000	3.47058e-05	2700.000000	3.46728e-05	2700.000000	3.35896e-05	2700.000000	3.46735e-05	2700.000000	3.4704e-05	2700.000000	1.78901e-09	
2800.000000	2.9956e-05	2800.000000	3.48843e-05	2800.000000	3.47011e-05	2800.000000	3.36193e-05	2800.000000	3.47017e-05	2800.000000	3.48825e-05	2800.000000	1.72951e-09	
2900.000000	3.01871e-05	2900.000000	3.50729e-05	2900.000000	3.47346e-05	2900.000000	3.36543e-05	2900.000000	3.4735e-05	2900.000000	3.50712e-05	2900.000000	1.67397e-09	
3000.000000	3.04293e-05	3000.000000	3.52706e-05	3000.000000	3.47726e-05	3000.000000	3.36938e-05	3000.000000	3.47731e-05	3000.000000	3.5269e-05	3000.000000	1.62199e-09	
3200.000000	3.09433e-05	3200.000000	3.56898e-05	3200.000000	3.48597e-05	3200.000000	3.37838e-05	3200.000000	3.48603e-05	3200.000000	3.56882e-05	3200.000000	1.52744e-09	
3400.000000	3.14923e-05	3400.000000	3.61359e-05	3400.000000	3.49583e-05	3400.000000	3.3885e-05	3400.000000	3.49591e-05	3400.000000	3.61344e-05	3400.000000	1.44362e-09	
3600.000000	3.2072e-05	3600.000000	3.66042e-05	3600.000000	3.50654e-05	3600.000000	3.39944e-05	3600.000000	3.50663e-05	3600.000000	3.66028e-05	3600.000000	1.36879e-09	
3800.000000	3.26788e-05	3800.000000	3.70912e-05	3800.000000	3.51787e-05	3800.000000	3.41095e-05	3800.000000	3.51795e-05	3800.000000	3.70899e-05	3800.000000	1.30156e-09	
4000.000000	3.33099e-05	4000.000000	3.75938e-05	4000.000000	3.52962e-05	4000.000000	3.42287e-05	4000.000000	3.52969e-05	4000.000000	3.75925e-05	4000.000000	1.24082e-09	
4200.000000	3.39629e-05	4200.000000	3.81097e-05	4200.000000	3.54166e-05	4200.000000	3.43506e-05	4200.000000	3.54172e-05	4200.000000	3.81085e-05	4200.000000	1.18566e-09	
4400.000000	3.46359e-05	4400.000000	3.8637e-05	4400.000000	3.55387e-05	4400.000000	3.44742e-05	4400.000000	3.55391e-05	4400.000000	3.86359e-05	4400.000000	1.13534e-09	
4600.000000	3.53274e-05	4600.000000	3.91741e-05	4600.000000	3.56617e-05	4600.000000	3.45986e-05	4600.000000	3.5662e-05	4600.000000	3.9173e-05	4600.000000	1.08925e-09	
4800.000000	3.6036e-05	4800.000000	3.97197e-05	4800.000000	3.5785e-05	4800.000000	3.47232e-05	4800.000000	3.57852e-05	4800.000000	3.97186e-05	4800.000000	1.04686e-09	
5000.000000	3.67605e-05	5000.000000	4.02725e-05	5000.000000	3.59081e-05	5000.000000	3.48476e-05	5000.000000	3.59083e-05	5000.000000	4.02715e-05	5000.000000	1.00775e-09	
5250.000000	3.76872e-05	5250.000000	4.09725e-05	5250.000000	3.60611e-05	5250.000000	3.50022e-05	5250.000000	3.60613e-05	5250.000000	4.09715e-05	5250.000000	9.62903e-10	
5500.000000	3.86358e-05	5500.000000	4.16809e-05	5500.000000	3.62126e-05	5500.000000	3.51553e-05	5500.000000	3.62129e-05	5500.000000	4.168e-05 	5500.000000	9.21995e-10	
6000.000000	4.05937e-05	6000.000000	4.31184e-05	6000.000000	3.65099e-05	6000.000000	3.54557e-05	6000.000000	3.65103e-05	6000.000000	4.31175e-05	6000.000000	8.50067e-10	
6500.000000	4.26259e-05	6500.000000	4.45771e-05	6500.000000	3.67985e-05	6500.000000	3.57467e-05	6500.000000	3.67986e-05	6500.000000	4.45763e-05	6500.000000	7.88842e-10	
7000.000000	4.47266e-05	7000.000000	4.60517e-05	7000.000000	3.70772e-05	7000.000000	3.60276e-05	7000.000000	3.70768e-05	7000.000000	4.6051e-05	7000.000000	7.36076e-10	
7500.000000	4.68914e-05	7500.000000	4.75381e-05	7500.000000	3.73439e-05	7500.000000	3.62983e-05	7500.000000	3.73447e-05	7500.000000	4.75374e-05	7500.000000	6.90116e-10	
8000.000000	4.91171e-05	8000.000000	4.90335e-05	8000.000000	3.76011e-05	8000.000000	3.65586e-05	8000.000000	3.76024e-05	8000.000000	4.90328e-05	8000.000000	6.49712e-10	
8500.000000	5.1401e-05	8500.000000	5.05356e-05	8500.000000	3.78492e-05	8500.000000	3.68092e-05	8500.000000	3.78502e-05	8500.000000	5.0535e-05	8500.000000	6.13906e-10	
9000.000000	5.37412e-05	9000.000000	5.20427e-05	9000.000000	3.80881e-05	9000.000000	3.70502e-05	9000.000000	3.80885e-05	9000.000000	5.20422e-05	9000.000000	5.81948e-10	
9500.000000	5.61363e-05	9500.000000	5.35537e-05	9500.000000	3.83177e-05	9500.000000	3.72823e-05	9500.000000	3.83177e-05	9500.000000	5.35531e-05	9500.000000	5.53244e-10	
10000.000000	5.85848e-05	10000.000000	5.50674e-05	10000.000000	3.85385e-05	10000.000000	3.75058e-05	10000.000000	3.85384e-05	10000.000000	5.50669e-05	10000.000000	5.27317e-10	
11000.000000	6.36388e-05	11000.000000	5.81001e-05	11000.000000	3.89555e-05	11000.000000	3.79292e-05	11000.000000	3.89559e-05	11000.000000	5.80996e-05	11000.000000	4.82309e-10	
12000.000000	6.88973e-05	12000.000000	6.11362e-05	12000.000000	3.93436e-05	12000.000000	3.83241e-05	12000.000000	3.93444e-05	12000.000000	6.11358e-05	12000.000000	4.44569e-10	
13000.000000	7.43562e-05	13000.000000	6.41728e-05	13000.000000	3.97064e-05	13000.000000	3.86935e-05	13000.000000	3.97073e-05	13000.000000	6.41724e-05	13000.000000	4.12454e-10	
14000.000000	8.0013e-05	14000.000000	6.72078e-05	14000.000000	4.00469e-05	14000.000000	3.90404e-05	14000.000000	4.00472e-05	14000.000000	6.72075e-05	14000.000000	3.84783e-10	
15000.000000	8.5866e-05	15000.000000	7.02401e-05	15000.000000	4.03672e-05	15000.000000	3.93671e-05	15000.000000	4.03665e-05	15000.000000	7.02397e-05	15000.000000	3.60687e-10	
16000.000000	9.19139e-05	16000.000000	7.32687e-05	16000.000000	4.06686e-05	16000.000000	3.96757e-05	16000.000000	4.06675e-05	16000.000000	7.32683e-05	16000.000000	3.39508e-10	
17000.000000	9.81562e-05	17000.000000	7.6293e-05	17000.000000	4.09527e-05	17000.000000	3.99681e-05	17000.000000	4.09518e-05	17000.000000	7.62927e-05	17000.000000	3.20743e-10	
18000.000000	0.000104592	18000.000000	7.93127e-05	18000.000000	4.12215e-05	18000.000000	4.02457e-05	18000.000000	4.12211e-05	18000.000000	7.93124e-05	18000.000000	3.03998e-10	
19000.000000	0.000111223	19000.000000	8.23275e-05	19000.000000	4.14765e-05	19000.000000	4.05099e-05	19000.000000	4.14765e-05	19000.000000	8.23272e-05	19000.000000	2.8896e-10	
20000.000000	0.000118047	20000.000000	8.53374e-05	20000.000000	4.17193e-05	20000.000000	4.0762e-05	20000.000000	4.17195e-05	20000.000000	8.53371e-05	20000.000000	2.7538e-10	
21000.000000	0.000125065	21000.000000	8.83422e-05	21000.000000	4.19508e-05	21000.000000	4.10029e-05	21000.000000	4.19511e-05	21000.000000	8.83419e-05	21000.000000	2.63052e-10	
22000.000000	0.000132278	22000.000000	9.1342e-05	22000.000000	4.21715e-05	22000.000000	4.12336e-05	22000.000000	4.2172e-05	22000.000000	9.13417e-05	22000.000000	2.5181e-10	
23000.000000	0.000139687	23000.000000	9.43367e-05	23000.000000	4.23829e-05	23000.000000	4.1455e-05	23000.000000	4.23834e-05	23000.000000	9.43364e-05	23000.000000	2.41516e-10	
24000.000000	0.000147291	24000.000000	9.73264e-05	24000.000000	4.25854e-05	24000.000000	4.16676e-05	24000.000000	4.25854e-05	24000.000000	9.73262e-05	24000.000000	2.32052e-10	
25000.000000	0.000155092	25000.000000	0.000100311	25000.000000	4.27794e-05	25000.000000	4.18722e-05	25000.000000	4.27795e-05	25000.000000	0.000100311	25000.000000	2.23323e-10	
26000.000000	0.00016309	26000.000000	0.000103291	26000.000000	4.29658e-05	26000.000000	4.20693e-05	26000.000000	4.29654e-05	26000.000000	0.000103291	26000.000000	2.15243e-10	
27000.000000	0.000171285	27000.000000	0.000106266	27000.000000	4.31451e-05	27000.000000	4.22595e-05	27000.000000	4.31444e-05	27000.000000	0.000106266	27000.000000	2.07744e-10	
28000.000000	0.00017968	28000.000000	0.000109237	28000.000000	4.33174e-05	28000.000000	4.24432e-05	28000.000000	4.33163e-05	28000.000000	0.000109237	28000.000000	2.00764e-10	
29000.000000	0.000188274	29000.000000	0.000112203	29000.000000	4.34828e-05	29000.000000	4.26208e-05	29000.000000	4.34821e-05	29000.000000	0.000112203	29000.000000	1.9425e-10	
30000.000000	0.000197069	30000.000000	0.000115165	30000.000000	4.36418e-05	30000.000000	4.27928e-05	30000.000000	4.36417e-05	30000.000000	0.000115164	30000.000000	1.88158e-10	
32000.000000	0.000215264	32000.000000	0.000121075	32000.000000	4.3944e-05	32000.000000	4.3121e-05	32000.000000	4.39448e-05	32000.000000	0.000121075	32000.000000	1.7708e-10	
34000.000000	0.000234272	34000.000000	0.000126968	34000.000000	4.42275e-05	34000.000000	4.34303e-05	34000.000000	4.42277e-05	34000.000000	0.000126968	34000.000000	1.67266e-10	
36000.000000	0.000254101	36000.000000	0.000132846	36000.000000	4.44927e-05	36000.000000	4.37228e-05	36000.000000	4.44927e-05	36000.000000	0.000132846	36000.000000	1.58511e-10	
38000.000000	0.00027476	38000.000000	0.000138708	38000.000000	4.4741e-05	38000.000000	4.40001e-05	38000.000000	4.47417e-05	38000.000000	0.000138708	38000.000000	1.50649e-10	
40000.000000	0.000296257	40000.000000	0.000144556	40000.000000	4.49744e-05	40000.000000	4.42637e-05	40000.000000	4.49762e-05	40000.000000	0.000144556	40000.000000	1.43551e-10	
42000.000000	0.0003186 	42000.000000	0.00015039	42000.000000	4.51949e-05	42000.000000	4.45149e-05	42000.000000	4.51972e-05	42000.000000	0.000150389	42000.000000	1.37108e-10	
44000.000000	0.000341799	44000.000000	0.00015621	44000.000000	4.54045e-05	44000.000000	4.47549e-05	44000.000000	4.54065e-05	44000.000000	0.00015621	44000.000000	1.31233e-10	
46000.000000	0.000365862	46000.000000	0.000162018	46000.000000	4.56044e-05	46000.000000	4.49845e-05	46000.000000	4.56042e-05	46000.000000	0.000162017	46000.000000	1.25854e-10	
48000.000000	0.000390798	48000.000000	0.000167813	48000.000000	4.57952e-05	48000.000000	4.52047e-05	48000.000000	4.57922e-05	48000.000000	0.000167813	48000.000000	1.2091e-10	
50000.000000	0.000416617	50000.000000	0.000173597	50000.000000	4.59761e-05	50000.000000	4.54161e-05	50000.000000	4.59704e-05	50000.000000	0.000173596	50000.000000	1.1635e-10	
