! 76Ge energy loss (dE/dX) in He
! apply ZOOM for details
Energy (MeV/u)1	0 - [He-base] F.Hubert et al, AD&ND Tables 46(1990)1	Energy (MeV/u)2	1 - [H -base] J.F.Ziegler et al,Pergamon Press,NY(low energy)	Energy (MeV/u)3	2 - ATIMA 1.2 LS-theory (recommended for high energy)	Energy (MeV/u)4	3 - ATIMA 1.2 without LS-correction	Energy (MeV/u)5	4 - ATIMA 1.4 H.Weick, improved mean charge formula for HI	Energy (MeV/u)6	5 - electrical component of [1] - J.F.Ziegler et al	Energy (MeV/u)7	6 - nuclear component of [1] - J.F.Ziegler et al	
0.001000	9.0212    	0.001000	10.5259   	0.001000	8.90914   	0.001000	8.90914   	0.001000	8.90969   	0.001000	2.7072    	0.001000	7.81872   	
0.002000	9.19465   	0.002000	10.4752   	0.002000	8.50642   	0.002000	8.50642   	0.002000	8.50684   	0.002000	3.5108    	0.002000	6.96441   	
0.005000	9.2876    	0.005000	10.1088   	0.005000	7.59649   	0.005000	7.59649   	0.005000	7.59674   	0.005000	4.95032   	0.005000	5.1585    	
0.008000	9.50796   	0.008000	10.0674   	0.008000	7.24676   	0.008000	7.24676   	0.008000	7.24694   	0.008000	5.90444   	0.008000	4.16297   	
0.010000	9.69623   	0.010000	10.1329   	0.010000	7.16084   	0.010000	7.16084   	0.010000	7.161     	0.010000	6.41978   	0.010000	3.71308   	
0.015000	10.2145   	0.015000	10.4356   	0.015000	7.18415   	0.015000	7.18415   	0.015000	7.18427   	0.015000	7.47402   	0.015000	2.96157   	
0.020000	10.7402   	0.020000	10.8159   	0.020000	7.36625   	0.020000	7.36625   	0.020000	7.36635   	0.020000	8.32542   	0.020000	2.49045   	
0.025000	11.248    	0.025000	11.2153   	0.025000	7.6145    	0.025000	7.6145    	0.025000	7.61458   	0.025000	9.05206   	0.025000	2.1632    	
0.030000	11.7317   	0.030000	11.6132   	0.030000	7.89223   	0.030000	7.89223   	0.030000	7.8923    	0.030000	9.6926    	0.030000	1.92064   	
0.035000	12.4256   	0.035000	12.002    	0.035000	8.18264   	0.035000	8.18264   	0.035000	8.1827    	0.035000	10.2694   	0.035000	1.73259   	
0.040000	13.0297   	0.040000	12.3786   	0.040000	8.47729   	0.040000	8.47729   	0.040000	8.47735   	0.040000	10.7967   	0.040000	1.58191   	
0.045000	13.5253   	0.045000	13.0275   	0.045000	9.04986   	0.045000	9.04986   	0.045000	9.04991   	0.045000	11.5694   	0.045000	1.45809   	
0.050000	13.9097   	0.050000	13.9585   	0.050000	9.96862   	0.050000	9.96862   	0.050000	9.96867   	0.050000	12.6042   	0.050000	1.35427   	
0.055000	14.5918   	0.055000	14.832    	0.055000	10.9031   	0.055000	10.9031   	0.055000	10.9032   	0.055000	13.578    	0.055000	1.254     	
0.060000	15.2217   	0.060000	15.6855   	0.060000	11.8699   	0.060000	11.8699   	0.060000	11.8699   	0.060000	14.507    	0.060000	1.17853   	
0.070000	16.2982   	0.070000	17.3261   	0.070000	13.8356   	0.070000	13.8356   	0.070000	13.8356   	0.070000	16.2718   	0.070000	1.05426   	
0.080000	17.4885   	0.080000	18.901    	0.080000	15.811    	0.080000	15.811    	0.080000	15.811    	0.080000	17.9451   	0.080000	0.955895  	
0.090000	18.5274   	0.090000	20.416    	0.090000	17.7654   	0.090000	17.7654   	0.090000	17.7654   	0.090000	19.5401   	0.090000	0.875886  	
0.100000	19.4481   	0.100000	21.8686   	0.100000	19.6759   	0.100000	19.6759   	0.100000	19.6759   	0.100000	21.0592   	0.100000	0.809392  	
0.120000	20.9349   	0.120000	24.5762   	0.120000	23.3029   	0.120000	23.3029   	0.120000	23.3029   	0.120000	23.8713   	0.120000	0.704912  	
0.140000	22.5879   	0.140000	28.0174   	0.140000	26.6099   	0.140000	26.6099   	0.140000	26.61     	0.140000	27.3911   	0.140000	0.626255  	
0.160000	24.0642   	0.160000	31.2375   	0.160000	29.566    	0.160000	29.566    	0.160000	29.566    	0.160000	30.6729   	0.160000	0.564682  	
0.180000	25.4532   	0.180000	34.0944   	0.180000	32.1723   	0.180000	32.1723   	0.180000	32.1723   	0.180000	33.5794   	0.180000	0.515041  	
0.200000	26.8003   	0.200000	36.6246   	0.200000	34.4493   	0.200000	34.4493   	0.200000	34.4493   	0.200000	36.1505   	0.200000	0.474084  	
0.250000	29.1359   	0.250000	41.773    	0.250000	38.9107   	0.250000	38.9107   	0.250000	38.9108   	0.250000	41.3759   	0.250000	0.397137  	
0.300000	31.4667   	0.300000	45.9187   	0.300000	42.0345   	0.300000	42.0345   	0.300000	42.0346   	0.300000	45.5756   	0.300000	0.343115  	
0.350000	33.5528   	0.350000	49.2373   	0.350000	44.263    	0.350000	44.263    	0.350000	44.2631   	0.350000	48.9344   	0.350000	0.302917  	
0.400000	35.3703   	0.400000	51.8141   	0.400000	46.5436   	0.400000	46.5436   	0.400000	46.5437   	0.400000	51.5423   	0.400000	0.271736  	
0.450000	36.944    	0.450000	53.8386   	0.450000	48.528    	0.450000	48.528    	0.450000	48.528    	0.450000	53.5918   	0.450000	0.246783  	
0.500000	38.3011   	0.500000	55.4433   	0.500000	50.0978   	0.500000	50.0978   	0.500000	50.0978   	0.500000	55.217    	0.500000	0.226324  	
0.600000	40.3057   	0.600000	59.4552   	0.600000	52.4116   	0.600000	52.4116   	0.600000	52.4117   	0.600000	59.2606   	0.600000	0.194687  	
0.700000	41.2939   	0.700000	62.4359   	0.700000	54.0168   	0.700000	54.0168   	0.700000	54.0168   	0.700000	62.2646   	0.700000	0.171284  	
0.800000	43.1995   	0.800000	64.4929   	0.800000	55.1663   	0.800000	55.1663   	0.800000	55.1663   	0.800000	64.3397   	0.800000	0.153215  	
0.900000	44.6384   	0.900000	65.8925   	0.900000	55.9947   	0.900000	55.9947   	0.900000	55.9948   	0.900000	65.7537   	0.900000	0.138811  	
1.000000	45.3327   	1.000000	66.2156   	1.000000	56.5827   	1.000000	56.5827   	1.000000	56.5827   	1.000000	66.0885   	1.000000	0.12704   	
1.250000	46.1234   	1.250000	65.9478   	1.250000	57.3158   	1.250000	57.3158   	1.250000	57.3159   	1.250000	65.8426   	1.250000	0.105206  	
1.500000	46.1713   	1.500000	64.9764   	1.500000	57.3589   	1.500000	57.3589   	1.500000	57.3589   	1.500000	64.8863   	1.500000	0.0901049 	
1.750000	45.3592   	1.750000	63.0209   	1.750000	56.9852   	1.750000	56.9852   	1.750000	56.9852   	1.750000	62.9419   	1.750000	0.0789964 	
2.000000	44.4072   	2.000000	61.0531   	2.000000	56.3555   	2.000000	56.3555   	2.000000	56.3556   	2.000000	60.9826   	2.000000	0.0704585 	
2.250000	43.5173   	2.250000	59.2436   	2.250000	55.5694   	2.250000	55.5694   	2.250000	55.5694   	2.250000	59.1799   	2.250000	0.0636779 	
2.500000	54.4426   	2.500000	57.5668   	2.500000	54.6901   	2.500000	54.6901   	2.500000	54.6901   	2.500000	57.5086   	2.500000	0.0581539 	
3.000000	51.8319   	3.000000	54.5399   	3.000000	52.4852   	3.000000	52.4852   	3.000000	52.4852   	3.000000	54.4902   	3.000000	0.0496783 	
3.500000	49.303    	3.500000	51.8214   	3.500000	50.3412   	3.500000	50.3412   	3.500000	50.3413   	3.500000	51.7779   	3.500000	0.0434632 	
4.000000	46.9396   	4.000000	49.3069   	4.000000	48.3601   	4.000000	48.3601   	4.000000	48.3601   	4.000000	49.2682   	4.000000	0.0386987 	
4.500000	44.7624   	4.500000	47.1116   	4.500000	46.5273   	4.500000	46.5273   	4.500000	46.5274   	4.500000	47.0767   	4.500000	0.0349228 	
5.000000	42.7673   	5.000000	45.1859   	5.000000	44.8291   	5.000000	44.8291   	5.000000	44.8291   	5.000000	45.1541   	5.000000	0.0318525 	
5.500000	40.941    	5.500000	43.4244   	5.500000	43.2522   	5.500000	43.2522   	5.500000	43.2523   	5.500000	43.3951   	5.500000	0.0293037 	
6.000000	39.2677   	6.000000	41.8027   	6.000000	41.7849   	6.000000	41.7849   	6.000000	41.7849   	6.000000	41.7756   	6.000000	0.0271521 	
6.500000	37.7315   	6.500000	40.3004   	6.500000	40.4163   	6.500000	40.4163   	6.500000	40.4164   	6.500000	40.2751   	6.500000	0.02531   	
7.000000	36.3176   	7.000000	38.911    	7.000000	39.1371   	7.000000	39.1371   	7.000000	39.1371   	7.000000	38.8873   	7.000000	0.0237141 	
7.500000	35.013    	7.500000	37.6208   	7.500000	37.9387   	7.500000	37.9387   	7.500000	37.9388   	7.500000	37.5985   	7.500000	0.0223174 	
8.000000	33.8058   	8.000000	36.4183   	8.000000	36.8138   	8.000000	36.8138   	8.000000	36.8138   	8.000000	36.3972   	8.000000	0.021084  	
8.500000	32.6858   	8.500000	35.296    	8.500000	35.7557   	8.500000	35.7557   	8.500000	35.7557   	8.500000	35.276    	8.500000	0.0199866 	
9.000000	31.6441   	9.000000	34.2427   	9.000000	34.7585   	9.000000	34.7585   	9.000000	34.7585   	9.000000	34.2237   	9.000000	0.0190034 	
9.500000	30.6726   	9.500000	33.252    	9.500000	33.8171   	9.500000	33.8171   	9.500000	33.8171   	9.500000	33.2339   	9.500000	0.0181171 	
10.000000	29.7646   	10.000000	30.9741   	10.000000	32.9269   	10.000000	32.9269   	10.000000	32.9269   	10.000000	30.9567   	10.000000	0.017314  	
11.000000	28.1154   	11.000000	29.7309   	11.000000	31.0855   	11.000000	31.3299   	11.000000	31.43     	11.000000	29.715    	11.000000	0.0159135 	
12.000000	26.6563   	12.000000	28.5742   	12.000000	29.4539   	12.000000	29.8944   	12.000000	30.0576   	12.000000	28.5595   	12.000000	0.0147325 	
13.000000	25.3557   	13.000000	27.4989   	13.000000	27.9991   	13.000000	28.5979   	13.000000	28.7977   	13.000000	27.4852   	13.000000	0.0137225 	
14.000000	24.1888   	14.000000	26.4991   	14.000000	26.6952   	14.000000	27.4218   	14.000000	27.6395   	14.000000	26.4863   	14.000000	0.0128483 	
15.000000	23.1356   	15.000000	25.5688   	15.000000	25.5208   	15.000000	26.3507   	15.000000	26.5727   	15.000000	25.5567   	15.000000	0.0120838 	
16.000000	22.1799   	16.000000	24.7021   	16.000000	24.4581   	16.000000	25.3715   	16.000000	25.5886   	16.000000	24.6906   	16.000000	0.0114094 	
17.000000	21.3085   	17.000000	23.8932   	17.000000	23.4925   	17.000000	24.4735   	17.000000	24.6791   	17.000000	23.8824   	17.000000	0.0108096 	
18.000000	20.5106   	18.000000	23.1371   	18.000000	22.6115   	18.000000	23.6473   	18.000000	23.836    	18.000000	23.1269   	18.000000	0.0102727 	
19.000000	19.7769   	19.000000	22.4292   	19.000000	21.8056   	19.000000	22.8851   	19.000000	23.0543   	19.000000	22.4194   	19.000000	0.00978897	
20.000000	19.0999   	20.000000	21.7651   	20.000000	21.0667   	20.000000	22.1801   	20.000000	22.3285   	20.000000	21.7557   	20.000000	0.00935087	
21.000000	18.4731   	21.000000	21.141    	21.000000	20.3873   	21.000000	21.5266   	21.000000	21.6518   	21.000000	21.1321   	21.000000	0.00895211	
22.000000	17.891    	22.000000	20.5537   	22.000000	19.7606   	22.000000	20.9196   	22.000000	21.0221   	22.000000	20.5451   	22.000000	0.00858753	
23.000000	17.3488   	23.000000	19.9999   	23.000000	19.1814   	23.000000	20.3544   	23.000000	20.4337   	23.000000	19.9917   	23.000000	0.00825285	
24.000000	16.8425   	24.000000	19.4771   	24.000000	18.6453   	24.000000	19.8275   	24.000000	19.8842   	24.000000	19.4691   	24.000000	0.00794449	
25.000000	16.3686   	25.000000	18.9826   	25.000000	18.1483   	25.000000	19.3353   	25.000000	19.37     	25.000000	18.9749   	25.000000	0.0076594 	
27.000000	15.5059   	27.000000	18.0702   	27.000000	17.2556   	27.000000	18.4434   	27.000000	18.4365   	27.000000	18.063    	27.000000	0.00714911	
29.000000	14.7404   	29.000000	17.2475   	29.000000	16.4799   	29.000000	17.6588   	29.000000	17.6142   	29.000000	17.2408   	29.000000	0.0067054 	
31.000000	14.0561   	31.000000	16.5019   	31.000000	15.8013   	31.000000	16.9088   	31.000000	16.8289   	31.000000	16.4956   	31.000000	0.00631586	
33.000000	13.4406   	33.000000	15.8232   	33.000000	15.1849   	33.000000	16.179    	33.000000	16.0727   	33.000000	15.8172   	33.000000	0.00597102	
35.000000	12.8836   	35.000000	15.2027   	35.000000	14.6202   	35.000000	15.5148   	35.000000	15.3916   	35.000000	15.197    	35.000000	0.00566347	
38.000000	12.1407   	38.000000	14.3659   	38.000000	13.857    	38.000000	14.6235   	38.000000	14.4869   	38.000000	14.3607   	38.000000	0.00525969	
41.000000	11.4899   	41.000000	13.6247   	41.000000	13.1755   	41.000000	13.8381   	41.000000	13.6975   	41.000000	13.6198   	41.000000	0.00491194	
44.000000	10.9148   	44.000000	12.9635   	44.000000	12.5646   	44.000000	13.1407   	44.000000	13.0019   	44.000000	12.9589   	44.000000	0.00460916	
47.000000	10.4026   	47.000000	12.3701   	47.000000	12.0153   	47.000000	12.5173   	47.000000	12.3838   	47.000000	12.3658   	47.000000	0.00434306	
50.000000	9.94336   	50.000000	11.8346   	50.000000	11.5172   	50.000000	11.9567   	50.000000	11.8308   	50.000000	11.8305   	50.000000	0.00410725	
55.000000	9.27461   	55.000000	11.0494   	55.000000	10.7835   	55.000000	11.1382   	55.000000	11.0264   	55.000000	11.0457   	55.000000	0.00376856	
60.000000	8.70325   	60.000000	10.3741   	60.000000	10.15     	60.000000	10.4374   	60.000000	10.3404   	60.000000	10.3706   	60.000000	0.00348355	
65.000000	8.20905   	65.000000	9.78703   	65.000000	9.59729   	65.000000	9.83061   	65.000000	9.74796   	65.000000	9.78379   	65.000000	0.00324024	
70.000000	7.77706   	70.000000	9.27203   	70.000000	9.11071   	70.000000	9.30017   	70.000000	9.23088   	70.000000	9.269     	70.000000	0.00302999	
75.000000	7.39601   	75.000000	8.8166    	75.000000	8.67898   	75.000000	8.83252   	75.000000	8.777     	75.000000	8.81376   	75.000000	0.00284641	
80.000000	7.05719   	80.000000	8.41098   	80.000000	8.29324   	80.000000	8.41715   	80.000000	8.374     	80.000000	8.4083    	80.000000	0.00268466	
85.000000	6.75382   	85.000000	8.04744   	85.000000	7.94646   	85.000000	8.04576   	85.000000	8.01345   	85.000000	8.0449    	85.000000	0.00254102	
90.000000	6.48049   	90.000000	7.71975   	90.000000	7.633     	90.000000	7.71174   	90.000000	7.68906   	90.000000	7.71733   	90.000000	0.00241256	
95.000000	6.23285   	95.000000	7.42286   	95.000000	7.34908   	95.000000	7.40972   	95.000000	7.39604   	95.000000	7.42057   	95.000000	0.00229698	
100.000000	6.00737   	100.000000	7.15265   	100.000000	7.0899    	100.000000	7.13532   	100.000000	7.12967   	100.000000	7.15046   	100.000000	0.0021924 	
105.000000	5.80113   	105.000000	6.90566   	105.000000	6.85309   	105.000000	6.88492   	105.000000	6.88632   	105.000000	6.90357   	105.000000	0.0020973 	
110.000000	5.61171   	110.000000	6.67904   	110.000000	6.6353    	110.000000	6.65553   	110.000000	6.6636    	110.000000	6.67703   	110.000000	0.00201044	
115.000000	5.43709   	115.000000	6.47037   	115.000000	6.43415   	115.000000	6.4446    	115.000000	6.45828   	115.000000	6.46844   	115.000000	0.00193077	
120.000000	5.27556   	120.000000	6.27761   	120.000000	6.24813   	120.000000	6.24999   	120.000000	6.26909   	120.000000	6.27575   	120.000000	0.00185742	
125.000000	5.12566   	125.000000	6.099     	125.000000	6.07597   	125.000000	6.0699    	125.000000	6.09364   	125.000000	6.09721   	125.000000	0.00178966	
130.000000	4.98616   	130.000000	5.93304   	130.000000	5.91594   	130.000000	5.90275   	130.000000	5.93102   	130.000000	5.93132   	130.000000	0.00172687	
135.000000	4.85598   	135.000000	5.77845   	135.000000	5.76594   	135.000000	5.74721   	135.000000	5.77933   	135.000000	5.77678   	135.000000	0.00166851	
140.000000	4.73419   	140.000000	5.63409   	140.000000	5.62611   	140.000000	5.60212   	140.000000	5.63803   	140.000000	5.63247   	140.000000	0.00161412	
145.000000	4.62      	145.000000	5.49898   	145.000000	5.49548   	145.000000	5.46645   	145.000000	5.50547   	145.000000	5.49742   	145.000000	0.00156331	
150.000000	4.51268   	150.000000	5.37227   	150.000000	5.37254   	150.000000	5.33933   	150.000000	5.38142   	150.000000	5.37075   	150.000000	0.00151572	
155.000000	4.36012   	155.000000	5.2532    	155.000000	5.25708   	155.000000	5.21997   	155.000000	5.26474   	155.000000	5.25173   	155.000000	0.00147106	
160.000000	4.27141   	160.000000	5.14109   	160.000000	5.14831   	160.000000	5.10769   	160.000000	5.15492   	160.000000	5.13966   	160.000000	0.00142906	
165.000000	4.18764   	165.000000	5.03537   	165.000000	5.04546   	165.000000	5.00188   	165.000000	5.0515    	165.000000	5.03398   	165.000000	0.00138949	
170.000000	4.10841   	170.000000	4.93549   	170.000000	4.94826   	170.000000	4.902     	170.000000	4.95357   	170.000000	4.93414   	170.000000	0.00135214	
175.000000	4.03334   	175.000000	4.841     	175.000000	4.85639   	175.000000	4.80758   	175.000000	4.86108   	175.000000	4.83968   	175.000000	0.00131682	
180.000000	3.96213   	180.000000	4.75147   	180.000000	4.76941   	180.000000	4.71817   	180.000000	4.77347   	180.000000	4.75018   	180.000000	0.00128338	
185.000000	3.89446   	185.000000	4.66651   	185.000000	4.68671   	185.000000	4.63339   	185.000000	4.69023   	185.000000	4.66526   	185.000000	0.00125166	
190.000000	3.83009   	190.000000	4.5858    	190.000000	4.60793   	190.000000	4.5529    	190.000000	4.61125   	190.000000	4.58458   	190.000000	0.00122153	
195.000000	3.76877   	195.000000	4.50902   	195.000000	4.53322   	195.000000	4.47638   	195.000000	4.53613   	195.000000	4.50782   	195.000000	0.00119288	
200.000000	3.7103    	200.000000	4.43589   	200.000000	4.46225   	200.000000	4.40354   	200.000000	4.46446   	200.000000	4.43472   	200.000000	0.00116559	
210.000000	3.60111   	210.000000	4.29961   	210.000000	4.32908   	210.000000	4.26793   	210.000000	4.33116   	210.000000	4.29849   	210.000000	0.00111474	
220.000000	3.50116   	220.000000	4.17519   	220.000000	4.2078    	220.000000	4.14427   	220.000000	4.20927   	220.000000	4.17412   	220.000000	0.0010683 	
230.000000	3.40932   	230.000000	4.06116   	230.000000	4.09645   	230.000000	4.03106   	230.000000	4.09772   	230.000000	4.06013   	230.000000	0.00102572	
240.000000	3.32464   	240.000000	3.95628   	240.000000	3.99404   	240.000000	3.92706   	240.000000	3.99503   	240.000000	3.95529   	240.000000	0.000986534	
250.000000	3.2463    	250.000000	3.8595    	250.000000	3.89955   	250.000000	3.8312    	250.000000	3.90036   	250.000000	3.85855   	250.000000	0.000950341	
260.000000	3.17363   	260.000000	3.76994   	260.000000	3.81209   	260.000000	3.74257   	260.000000	3.81269   	260.000000	3.76902   	260.000000	0.00091681	
270.000000	3.10602   	270.000000	3.68682   	270.000000	3.73106   	270.000000	3.66041   	270.000000	3.73143   	270.000000	3.68594   	270.000000	0.000885653	
280.000000	3.04297   	280.000000	3.60949   	280.000000	3.65567   	280.000000	3.58405   	280.000000	3.65574   	280.000000	3.60863   	280.000000	0.000856623	
290.000000	2.98403   	290.000000	3.53736   	290.000000	3.58516   	290.000000	3.5129    	290.000000	3.58528   	290.000000	3.53653   	290.000000	0.000829507	
300.000000	2.92882   	300.000000	3.46994   	300.000000	3.51924   	300.000000	3.44646   	300.000000	3.51929   	300.000000	3.46914   	300.000000	0.000804119	
310.000000	2.87698   	310.000000	3.40679   	310.000000	3.45756   	310.000000	3.3843    	310.000000	3.4576    	310.000000	3.40601   	310.000000	0.000780297	
320.000000	2.82824   	320.000000	3.34753   	320.000000	3.3997    	320.000000	3.32602   	320.000000	3.39969   	320.000000	3.34677   	320.000000	0.000757899	
330.000000	2.78232   	330.000000	3.29182   	330.000000	3.34538   	330.000000	3.27128   	330.000000	3.34524   	330.000000	3.29108   	330.000000	0.0007368 	
340.000000	2.73898   	340.000000	3.23935   	340.000000	3.29418   	340.000000	3.21978   	340.000000	3.29406   	340.000000	3.23863   	340.000000	0.000716887	
350.000000	2.69802   	350.000000	3.18985   	350.000000	3.24573   	350.000000	3.17124   	350.000000	3.2457    	350.000000	3.18915   	350.000000	0.000698063	
360.000000	2.65925   	360.000000	3.14309   	360.000000	3.2001    	360.000000	3.12544   	360.000000	3.20007   	360.000000	3.14241   	360.000000	0.000680239	
370.000000	2.6225    	370.000000	3.09886   	370.000000	3.15709   	370.000000	3.08215   	370.000000	3.15698   	370.000000	3.0982    	370.000000	0.000663336	
380.000000	2.58762   	380.000000	3.05696   	380.000000	3.11625   	380.000000	3.04117   	380.000000	3.11607   	380.000000	3.05631   	380.000000	0.000647285	
390.000000	2.55448   	390.000000	3.01721   	390.000000	3.07744   	390.000000	3.00235   	390.000000	3.07733   	390.000000	3.01658   	390.000000	0.000632022	
400.000000	2.52296   	400.000000	2.97947   	400.000000	3.04062   	400.000000	2.96551   	400.000000	3.0406    	400.000000	2.97885   	400.000000	0.000617488	
410.000000	2.49293   	410.000000	2.94358   	410.000000	3.00566   	410.000000	2.93052   	410.000000	3.00561   	410.000000	2.94298   	410.000000	0.000603634	
420.000000	2.46431   	420.000000	2.90943   	420.000000	2.9724    	420.000000	2.89724   	420.000000	2.97236   	420.000000	2.90884   	420.000000	0.00059041	
430.000000	2.437     	430.000000	2.87689   	430.000000	2.94074   	430.000000	2.86557   	430.000000	2.94072   	430.000000	2.87632   	430.000000	0.000577775	
440.000000	2.41091   	440.000000	2.84586   	440.000000	2.91056   	440.000000	2.83539   	440.000000	2.91054   	440.000000	2.8453    	440.000000	0.00056569	
450.000000	2.38596   	450.000000	2.81624   	450.000000	2.88177   	450.000000	2.80661   	450.000000	2.88172   	450.000000	2.81569   	450.000000	0.000554119	
460.000000	2.3621    	460.000000	2.78795   	460.000000	2.85429   	460.000000	2.77914   	460.000000	2.85423   	460.000000	2.7874    	460.000000	0.000543029	
470.000000	2.33924   	470.000000	2.76089   	470.000000	2.82802   	470.000000	2.75289   	470.000000	2.82798   	470.000000	2.76035   	470.000000	0.000532392	
480.000000	2.31734   	480.000000	2.73499   	480.000000	2.8029    	480.000000	2.72779   	480.000000	2.80281   	480.000000	2.73447   	480.000000	0.000522178	
490.000000	2.29634   	490.000000	2.7102    	490.000000	2.77885   	490.000000	2.70377   	490.000000	2.77872   	490.000000	2.70968   	490.000000	0.000512364	
500.000000	2.27618   	500.000000	2.68643   	500.000000	2.75583   	500.000000	2.68076   	500.000000	2.75568   	500.000000	2.68593   	500.000000	0.000502926	
520.000000	2.23822   	520.000000	2.64176   	520.000000	2.71262   	520.000000	2.63758   	520.000000	2.71237   	520.000000	2.64128   	520.000000	0.000485093	
540.000000	2.20312   	540.000000	2.60057   	540.000000	2.67264   	540.000000	2.59781   	540.000000	2.67245   	540.000000	2.6001    	540.000000	0.000468526	
560.000000	2.17059   	560.000000	2.56249   	560.000000	2.6357    	560.000000	2.5611    	560.000000	2.6356    	560.000000	2.56204   	560.000000	0.000453093	
580.000000	2.14039   	580.000000	2.52721   	580.000000	2.60167   	580.000000	2.52713   	580.000000	2.60144   	580.000000	2.52678   	580.000000	0.00043868	
600.000000	2.1123    	600.000000	2.49447   	600.000000	2.57002   	600.000000	2.49563   	600.000000	2.5698    	600.000000	2.49404   	600.000000	0.000425189	
620.000000	2.08611   	620.000000	2.46401   	620.000000	2.5405    	620.000000	2.46636   	620.000000	2.54033   	620.000000	2.4636    	620.000000	0.000412532	
640.000000	2.06167   	640.000000	2.43563   	640.000000	2.51303   	640.000000	2.43911   	640.000000	2.51292   	640.000000	2.43523   	640.000000	0.000400633	
660.000000	2.03882   	660.000000	2.40916   	660.000000	2.48743   	660.000000	2.41371   	660.000000	2.48734   	660.000000	2.40877   	660.000000	0.000389426	
680.000000	2.01743   	680.000000	2.38441   	680.000000	2.46351   	680.000000	2.38999   	680.000000	2.46343   	680.000000	2.38403   	680.000000	0.000378852	
700.000000	1.99738   	700.000000	2.36126   	700.000000	2.44112   	700.000000	2.3678    	700.000000	2.44108   	700.000000	2.36089   	700.000000	0.000368856	
720.000000	1.97857   	720.000000	2.33957   	720.000000	2.42016   	720.000000	2.34702   	720.000000	2.42012   	720.000000	2.33921   	720.000000	0.000359394	
740.000000	1.9609    	740.000000	2.31922   	740.000000	2.40049   	740.000000	2.32753   	740.000000	2.40045   	740.000000	2.31887   	740.000000	0.000350422	
760.000000	1.94428   	760.000000	2.30011   	760.000000	2.38202   	760.000000	2.30923   	760.000000	2.382     	760.000000	2.29977   	760.000000	0.000341903	
780.000000	1.92865   	780.000000	2.28216   	780.000000	2.36465   	780.000000	2.29202   	780.000000	2.36462   	780.000000	2.28182   	780.000000	0.000333803	
800.000000	1.91393   	800.000000	2.26526   	800.000000	2.3483    	800.000000	2.27583   	800.000000	2.34826   	800.000000	2.26494   	800.000000	0.000326091	
820.000000	1.90005   	820.000000	2.24936   	820.000000	2.3329    	820.000000	2.26058   	820.000000	2.33286   	820.000000	2.24904   	820.000000	0.000318741	
840.000000	1.88697   	840.000000	2.23438   	840.000000	2.31837   	840.000000	2.2462    	840.000000	2.31833   	840.000000	2.23406   	840.000000	0.000311726	
860.000000	1.87462   	860.000000	2.22025   	860.000000	2.30465   	860.000000	2.23263   	860.000000	2.30459   	860.000000	2.21994   	860.000000	0.000305024	
880.000000	1.86297   	880.000000	2.20692   	880.000000	2.29169   	880.000000	2.21981   	880.000000	2.29163   	880.000000	2.20662   	880.000000	0.000298615	
900.000000	1.85197   	900.000000	2.19434   	900.000000	2.27945   	900.000000	2.20769   	900.000000	2.27939   	900.000000	2.19405   	900.000000	0.000292479	
920.000000	1.84157   	920.000000	2.18246   	920.000000	2.26788   	920.000000	2.19623   	920.000000	2.26777   	920.000000	2.18218   	920.000000	0.000286599	
940.000000	1.83175   	940.000000	2.17124   	940.000000	2.25691   	940.000000	2.18538   	940.000000	2.25677   	940.000000	2.17096   	940.000000	0.000280959	
960.000000	1.82246   	960.000000	2.16064   	960.000000	2.24648   	960.000000	2.1751    	960.000000	2.24637   	960.000000	2.16036   	960.000000	0.000275545	
980.000000	1.81368   	980.000000	2.15061   	980.000000	2.23657   	980.000000	2.16536   	980.000000	2.23651   	980.000000	2.15034   	980.000000	0.000270343	
1000.000000	1.80539   	1000.000000	2.14113   	1000.000000	2.22715   	1000.000000	2.15612   	1000.000000	2.22713   	1000.000000	2.14086   	1000.000000	0.000265341	
1020.000000	1.79754   	1020.000000	2.13216   	1020.000000	2.21822   	1020.000000	2.14735   	1020.000000	2.21824   	1020.000000	2.1319    	1020.000000	0.000260526	
1040.000000	1.79012   	1040.000000	2.12368   	1040.000000	2.20977   	1040.000000	2.13903   	1040.000000	2.2098    	1040.000000	2.12342   	1040.000000	0.00025589	
1060.000000	1.78311   	1060.000000	2.11566   	1060.000000	2.20177   	1060.000000	2.13113   	1060.000000	2.2018    	1060.000000	2.11541   	1060.000000	0.000251422	
1080.000000	1.77648   	1080.000000	2.10807   	1080.000000	2.19417   	1080.000000	2.12361   	1080.000000	2.19416   	1080.000000	2.10782   	1080.000000	0.000247112	
1100.000000	1.77022   	1100.000000	2.10089   	1100.000000	2.18694   	1100.000000	2.11647   	1100.000000	2.1869    	1100.000000	2.10064   	1100.000000	0.000242953	
1120.000000	1.7643    	1120.000000	2.0941    	1120.000000	2.18005   	1120.000000	2.10969   	1120.000000	2.18001   	1120.000000	2.09386   	1120.000000	0.000238937	
1140.000000	1.75871   	1140.000000	2.08767   	1140.000000	2.17347   	1140.000000	2.10323   	1140.000000	2.17345   	1140.000000	2.08744   	1140.000000	0.000235056	
1160.000000	1.75344   	1160.000000	2.0816    	1160.000000	2.1672    	1160.000000	2.09708   	1160.000000	2.16721   	1160.000000	2.08137   	1160.000000	0.000231304	
1180.000000	1.74846   	1180.000000	2.07586   	1180.000000	2.16123   	1180.000000	2.09123   	1180.000000	2.16125   	1180.000000	2.07563   	1180.000000	0.000227673	
1200.000000	1.74377   	1200.000000	2.07044   	1200.000000	2.15555   	1200.000000	2.08566   	1200.000000	2.15558   	1200.000000	2.07021   	1200.000000	0.000224159	
1220.000000	1.73935   	1220.000000	2.06531   	1220.000000	2.15015   	1220.000000	2.08036   	1220.000000	2.15019   	1220.000000	2.06509   	1220.000000	0.000220756	
1240.000000	1.73519   	1240.000000	2.06047   	1240.000000	2.14502   	1240.000000	2.07531   	1240.000000	2.14505   	1240.000000	2.06026   	1240.000000	0.000217458	
1260.000000	1.73127   	1260.000000	2.05591   	1260.000000	2.14014   	1260.000000	2.07049   	1260.000000	2.14015   	1260.000000	2.0557    	1260.000000	0.00021426	
1280.000000	1.7276    	1280.000000	2.05161   	1280.000000	2.13548   	1280.000000	2.06591   	1280.000000	2.13547   	1280.000000	2.0514    	1280.000000	0.000211159	
1300.000000	1.72415   	1300.000000	2.04755   	1300.000000	2.13104   	1300.000000	2.06154   	1300.000000	2.13101   	1300.000000	2.04734   	1300.000000	0.000208149	
1320.000000	1.72092   	1320.000000	2.04374   	1320.000000	2.12679   	1320.000000	2.05738   	1320.000000	2.12677   	1320.000000	2.04353   	1320.000000	0.000205227	
1340.000000	1.71789   	1340.000000	2.04015   	1340.000000	2.12273   	1340.000000	2.05341   	1340.000000	2.12273   	1340.000000	2.03994   	1340.000000	0.000202388	
1360.000000	1.71507   	1360.000000	2.03677   	1360.000000	2.11885   	1360.000000	2.04963   	1360.000000	2.11887   	1360.000000	2.03657   	1360.000000	0.00019963	
1380.000000	1.71244   	1380.000000	2.03361   	1380.000000	2.11515   	1380.000000	2.04602   	1380.000000	2.11518   	1380.000000	2.03341   	1380.000000	0.000196949	
1400.000000	1.70999   	1400.000000	2.03064   	1400.000000	2.11162   	1400.000000	2.04258   	1400.000000	2.11167   	1400.000000	2.03045   	1400.000000	0.000194341	
1420.000000	1.70772   	1420.000000	2.02787   	1420.000000	2.10827   	1420.000000	2.03931   	1420.000000	2.10832   	1420.000000	2.02768   	1420.000000	0.000191804	
1440.000000	1.70561   	1440.000000	2.02528   	1440.000000	2.10507   	1440.000000	2.03619   	1440.000000	2.10513   	1440.000000	2.02509   	1440.000000	0.000189334	
1460.000000	1.70368   	1460.000000	2.02286   	1460.000000	2.10203   	1460.000000	2.03322   	1460.000000	2.1021    	1460.000000	2.02268   	1460.000000	0.00018693	
1480.000000	1.7019    	1480.000000	2.02062   	1480.000000	2.09914   	1480.000000	2.03038   	1480.000000	2.09919   	1480.000000	2.02043   	1480.000000	0.000184588	
1500.000000	1.70027   	1500.000000	2.01853   	1500.000000	2.09639   	1500.000000	2.02768   	1500.000000	2.09642   	1500.000000	2.01835   	1500.000000	0.000182306	
1520.000000	1.69878   	1520.000000	2.0166    	1520.000000	2.09378   	1520.000000	2.02511   	1520.000000	2.09378   	1520.000000	2.01642   	1520.000000	0.000180081	
1540.000000	1.69744   	1540.000000	2.01482   	1540.000000	2.09129   	1540.000000	2.02266   	1540.000000	2.09127   	1540.000000	2.01464   	1540.000000	0.000177913	
1560.000000	1.69623   	1560.000000	2.01319   	1560.000000	2.08891   	1560.000000	2.02033   	1560.000000	2.08888   	1560.000000	2.01301   	1560.000000	0.000175797	
1580.000000	1.69516   	1580.000000	2.01169   	1580.000000	2.08665   	1580.000000	2.01811   	1580.000000	2.08661   	1580.000000	2.01152   	1580.000000	0.000173733	
1600.000000	1.69421   	1600.000000	2.01033   	1600.000000	2.08449   	1600.000000	2.016     	1600.000000	2.08444   	1600.000000	2.01015   	1600.000000	0.000171719	
1620.000000	1.69339   	1620.000000	2.00909   	1620.000000	2.08243   	1620.000000	2.014     	1620.000000	2.08237   	1620.000000	2.00892   	1620.000000	0.000169753	
1640.000000	1.69268   	1640.000000	2.00798   	1640.000000	2.08047   	1640.000000	2.01209   	1640.000000	2.0804    	1640.000000	2.00781   	1640.000000	0.000167832	
1660.000000	1.69208   	1660.000000	2.00699   	1660.000000	2.07859   	1660.000000	2.01027   	1660.000000	2.07853   	1660.000000	2.00682   	1660.000000	0.000165956	
1680.000000	1.6916    	1680.000000	2.00611   	1680.000000	2.07681   	1680.000000	2.00855   	1680.000000	2.07676   	1680.000000	2.00595   	1680.000000	0.000164123	
1700.000000	1.69123   	1700.000000	2.00535   	1700.000000	2.07512   	1700.000000	2.00692   	1700.000000	2.07507   	1700.000000	2.00518   	1700.000000	0.000162332	
1750.000000	1.69073   	1750.000000	2.0039    	1750.000000	2.07124   	1750.000000	2.00319   	1750.000000	2.07122   	1750.000000	2.00374   	1750.000000	0.000158026	
1800.000000	1.69084   	1800.000000	2.00306   	1800.000000	2.06785   	1800.000000	1.99994   	1800.000000	2.06784   	1800.000000	2.00291   	1800.000000	0.000153949	
1850.000000	1.6915    	1850.000000	2.00279   	1850.000000	2.0649    	1850.000000	1.99711   	1850.000000	2.06491   	1850.000000	2.00264   	1850.000000	0.000150085	
1900.000000	1.69268   	1900.000000	2.00305   	1900.000000	2.06235   	1900.000000	1.99468   	1900.000000	2.06236   	1900.000000	2.0029    	1900.000000	0.000146416	
1950.000000	1.69434   	1950.000000	2.00379   	1950.000000	2.06017   	1950.000000	1.9926    	1950.000000	2.06018   	1950.000000	2.00364   	1950.000000	0.000142929	
2000.000000	1.69644   	2000.000000	2.00497   	2000.000000	2.05832   	2000.000000	1.99085   	2000.000000	2.05833   	2000.000000	2.00483   	2000.000000	0.000139609	
2100.000000	1.70188   	2100.000000	2.00855   	2100.000000	2.05548   	2100.000000	1.9882    	2100.000000	2.0555    	2100.000000	2.00841   	2100.000000	0.000133426	
2200.000000	1.70879   	2200.000000	2.01356   	2200.000000	2.05365   	2200.000000	1.98654   	2200.000000	2.05368   	2200.000000	2.01343   	2200.000000	0.000127785	
2300.000000	1.717     	2300.000000	2.01981   	2300.000000	2.05267   	2300.000000	1.98572   	2300.000000	2.05269   	2300.000000	2.01969   	2300.000000	0.000122616	
2400.000000	1.72638   	2400.000000	2.02715   	2400.000000	2.05241   	2400.000000	1.98559   	2400.000000	2.05243   	2400.000000	2.02703   	2400.000000	0.000117862	
2500.000000	1.73679   	2500.000000	2.03545   	2500.000000	2.05275   	2500.000000	1.98605   	2500.000000	2.05276   	2500.000000	2.03534   	2500.000000	0.000113474	
2600.000000	1.74814   	2600.000000	2.0446    	2600.000000	2.05361   	2600.000000	1.98702   	2600.000000	2.05362   	2600.000000	2.04449   	2600.000000	0.000109412	
2700.000000	1.76034   	2700.000000	2.0545    	2700.000000	2.0549    	2700.000000	1.98842   	2700.000000	2.0549    	2700.000000	2.05439   	2700.000000	0.000105639	
2800.000000	1.77332   	2800.000000	2.06506   	2800.000000	2.05656   	2800.000000	1.99018   	2800.000000	2.05656   	2800.000000	2.06496   	2800.000000	0.000102127	
2900.000000	1.787     	2900.000000	2.07623   	2900.000000	2.05854   	2900.000000	1.99225   	2900.000000	2.05853   	2900.000000	2.07613   	2900.000000	9.88473e-05	
3000.000000	1.80134   	3000.000000	2.08793   	3000.000000	2.06078   	3000.000000	1.99459   	3000.000000	2.06078   	3000.000000	2.08784   	3000.000000	9.57787e-05	
3200.000000	1.83177   	3200.000000	2.11275   	3200.000000	2.06593   	3200.000000	1.99992   	3200.000000	2.06594   	3200.000000	2.11266   	3200.000000	9.01963e-05	
3400.000000	1.86427   	3400.000000	2.13916   	3400.000000	2.07176   	3400.000000	2.00591   	3400.000000	2.07179   	3400.000000	2.13907   	3400.000000	8.52476e-05	
3600.000000	1.89859   	3600.000000	2.16688   	3600.000000	2.0781    	3600.000000	2.01238   	3600.000000	2.07813   	3600.000000	2.1668    	3600.000000	8.08295e-05	
3800.000000	1.93451   	3800.000000	2.19571   	3800.000000	2.0848    	3800.000000	2.0192    	3800.000000	2.08483   	3800.000000	2.19563   	3800.000000	7.68602e-05	
4000.000000	1.97186   	4000.000000	2.22546   	4000.000000	2.09175   	4000.000000	2.02625   	4000.000000	2.09177   	4000.000000	2.22539   	4000.000000	7.32739e-05	
4200.000000	2.01052   	4200.000000	2.256     	4200.000000	2.09887   	4200.000000	2.03347   	4200.000000	2.09889   	4200.000000	2.25593   	4200.000000	7.00173e-05	
4400.000000	2.05036   	4400.000000	2.28722   	4400.000000	2.10609   	4400.000000	2.04078   	4400.000000	2.1061    	4400.000000	2.28715   	4400.000000	6.70463e-05	
4600.000000	2.0913    	4600.000000	2.31901   	4600.000000	2.11337   	4600.000000	2.04815   	4600.000000	2.11338   	4600.000000	2.31895   	4600.000000	6.43248e-05	
4800.000000	2.13324   	4800.000000	2.35131   	4800.000000	2.12066   	4800.000000	2.05553   	4800.000000	2.12067   	4800.000000	2.35125   	4800.000000	6.18221e-05	
5000.000000	2.17613   	5000.000000	2.38404   	5000.000000	2.12795   	5000.000000	2.06289   	5000.000000	2.12796   	5000.000000	2.38398   	5000.000000	5.95127e-05	
5250.000000	2.23099   	5250.000000	2.42547   	5250.000000	2.137     	5250.000000	2.07204   	5250.000000	2.13701   	5250.000000	2.42542   	5250.000000	5.68648e-05	
5500.000000	2.28715   	5500.000000	2.46741   	5500.000000	2.14596   	5500.000000	2.08111   	5500.000000	2.14598   	5500.000000	2.46736   	5500.000000	5.44494e-05	
6000.000000	2.40305   	6000.000000	2.5525    	6000.000000	2.16356   	6000.000000	2.09889   	6000.000000	2.16358   	6000.000000	2.55245   	6000.000000	5.02023e-05	
6500.000000	2.52335   	6500.000000	2.63886   	6500.000000	2.18063   	6500.000000	2.11612   	6500.000000	2.18064   	6500.000000	2.63881   	6500.000000	4.65871e-05	
7000.000000	2.64771   	7000.000000	2.72615   	7000.000000	2.19713   	7000.000000	2.13275   	7000.000000	2.1971    	7000.000000	2.72611   	7000.000000	4.34714e-05	
7500.000000	2.77586   	7500.000000	2.81414   	7500.000000	2.21291   	7500.000000	2.14877   	7500.000000	2.21296   	7500.000000	2.8141    	7500.000000	4.07575e-05	
8000.000000	2.90761   	8000.000000	2.90266   	8000.000000	2.22815   	8000.000000	2.16418   	8000.000000	2.22821   	8000.000000	2.90262   	8000.000000	3.83717e-05	
8500.000000	3.04281   	8500.000000	2.99158   	8500.000000	2.24283   	8500.000000	2.17901   	8500.000000	2.24287   	8500.000000	2.99155   	8500.000000	3.62573e-05	
9000.000000	3.18135   	9000.000000	3.0808    	9000.000000	2.25696   	9000.000000	2.19328   	9000.000000	2.25697   	9000.000000	3.08077   	9000.000000	3.43702e-05	
9500.000000	3.32313   	9500.000000	3.17025   	9500.000000	2.27055   	9500.000000	2.20702   	9500.000000	2.27053   	9500.000000	3.17022   	9500.000000	3.26752e-05	
10000.000000	3.46808   	10000.000000	3.25986   	10000.000000	2.28363   	10000.000000	2.22025   	10000.000000	2.28359   	10000.000000	3.25983   	10000.000000	3.11441e-05	
11000.000000	3.76727   	11000.000000	3.43938   	11000.000000	2.30833   	11000.000000	2.24532   	11000.000000	2.30829   	11000.000000	3.43936   	11000.000000	2.84863e-05	
12000.000000	4.07855   	12000.000000	3.61912   	12000.000000	2.33125   	12000.000000	2.26869   	12000.000000	2.33128   	12000.000000	3.61909   	12000.000000	2.62576e-05	
13000.000000	4.40171   	13000.000000	3.79887   	13000.000000	2.35267   	13000.000000	2.29056   	13000.000000	2.35274   	13000.000000	3.79885   	13000.000000	2.43611e-05	
14000.000000	4.73658   	14000.000000	3.97854   	14000.000000	2.37278   	14000.000000	2.3111    	14000.000000	2.37285   	14000.000000	3.97852   	14000.000000	2.2727e-05	
15000.000000	5.08306   	15000.000000	4.15804   	15000.000000	2.39172   	15000.000000	2.33044   	15000.000000	2.39174   	15000.000000	4.15802   	15000.000000	2.13039e-05	
16000.000000	5.44108   	16000.000000	4.33733   	16000.000000	2.40955   	16000.000000	2.34871   	16000.000000	2.40953   	16000.000000	4.33731   	16000.000000	2.00532e-05	
17000.000000	5.81061   	17000.000000	4.51636   	17000.000000	2.42636   	17000.000000	2.36601   	17000.000000	2.42635   	17000.000000	4.51634   	17000.000000	1.8945e-05	
18000.000000	6.19162   	18000.000000	4.69512   	18000.000000	2.44226   	18000.000000	2.38244   	18000.000000	2.44227   	18000.000000	4.6951    	18000.000000	1.79561e-05	
19000.000000	6.58411   	19000.000000	4.87359   	19000.000000	2.45734   	19000.000000	2.39809   	19000.000000	2.45738   	19000.000000	4.87358   	19000.000000	1.7068e-05	
20000.000000	6.98809   	20000.000000	5.05177   	20000.000000	2.4717    	20000.000000	2.41301   	20000.000000	2.47174   	20000.000000	5.05175   	20000.000000	1.62659e-05	
21000.000000	7.40356   	21000.000000	5.22965   	21000.000000	2.48539   	21000.000000	2.42727   	21000.000000	2.48543   	21000.000000	5.22963   	21000.000000	1.55379e-05	
22000.000000	7.83057   	22000.000000	5.40722   	22000.000000	2.49847   	22000.000000	2.44093   	22000.000000	2.49849   	22000.000000	5.40721   	22000.000000	1.48739e-05	
23000.000000	8.26913   	23000.000000	5.5845    	23000.000000	2.511     	23000.000000	2.45403   	23000.000000	2.51098   	23000.000000	5.58449   	23000.000000	1.42659e-05	
24000.000000	8.71928   	24000.000000	5.76149   	24000.000000	2.52298   	24000.000000	2.46662   	24000.000000	2.52292   	24000.000000	5.76148   	24000.000000	1.3707e-05	
25000.000000	9.18106   	25000.000000	5.93818   	25000.000000	2.53442   	25000.000000	2.47873   	25000.000000	2.53439   	25000.000000	5.93817   	25000.000000	1.31914e-05	
26000.000000	9.65451   	26000.000000	6.11459   	26000.000000	2.54538   	26000.000000	2.4904    	26000.000000	2.54537   	26000.000000	6.11458   	26000.000000	1.27143e-05	
27000.000000	10.1397   	27000.000000	6.29072   	27000.000000	2.55592   	27000.000000	2.50166   	27000.000000	2.55595   	27000.000000	6.29071   	27000.000000	1.22714e-05	
28000.000000	10.6366   	28000.000000	6.46657   	28000.000000	2.56607   	28000.000000	2.51253   	28000.000000	2.5661    	28000.000000	6.46656   	28000.000000	1.18591e-05	
29000.000000	11.1454   	29000.000000	6.64215   	29000.000000	2.57584   	29000.000000	2.52305   	29000.000000	2.57589   	29000.000000	6.64214   	29000.000000	1.14744e-05	
30000.000000	11.666    	30000.000000	6.81747   	30000.000000	2.58527   	30000.000000	2.53323   	30000.000000	2.58532   	30000.000000	6.81746   	30000.000000	1.11145e-05	
32000.000000	12.7431   	32000.000000	7.16734   	32000.000000	2.60318   	32000.000000	2.55266   	32000.000000	2.60322   	32000.000000	7.16733   	32000.000000	1.04603e-05	
34000.000000	13.8683   	34000.000000	7.51621   	34000.000000	2.61995   	34000.000000	2.57097   	34000.000000	2.61992   	34000.000000	7.5162    	34000.000000	9.88065e-06	
36000.000000	15.0422   	36000.000000	7.86415   	36000.000000	2.6356    	36000.000000	2.58828   	36000.000000	2.63555   	36000.000000	7.86414   	36000.000000	9.36352e-06	
38000.000000	16.2651   	38000.000000	8.21118   	38000.000000	2.65024   	38000.000000	2.6047    	38000.000000	2.65025   	38000.000000	8.21117   	38000.000000	8.89919e-06	
40000.000000	17.5377   	40000.000000	8.55735   	40000.000000	2.66399   	40000.000000	2.6203    	40000.000000	2.66408   	40000.000000	8.55734   	40000.000000	8.4799e-06	
42000.000000	18.8604   	42000.000000	8.9027    	42000.000000	2.677     	42000.000000	2.63517   	42000.000000	2.67711   	42000.000000	8.90269   	42000.000000	8.09935e-06	
44000.000000	20.2337   	44000.000000	9.24726   	44000.000000	2.68937   	44000.000000	2.64938   	44000.000000	2.68946   	44000.000000	9.24725   	44000.000000	7.75237e-06	
46000.000000	21.6582   	46000.000000	9.59105   	46000.000000	2.70118   	46000.000000	2.66297   	46000.000000	2.70111   	46000.000000	9.59105   	46000.000000	7.43466e-06	
48000.000000	23.1343   	48000.000000	9.93412   	48000.000000	2.71246   	48000.000000	2.67601   	48000.000000	2.71219   	48000.000000	9.93412   	48000.000000	7.14263e-06	
50000.000000	24.6627   	50000.000000	10.2765   	50000.000000	2.72315   	50000.000000	2.68852   	50000.000000	2.72269   	50000.000000	10.2765   	50000.000000	6.87327e-06	
