! 80As energy loss (dE/dX) in He
! apply ZOOM for details
Energy (MeV/u)1	0 - [He-base] F.Hubert et al, AD&ND Tables 46(1990)1	Energy (MeV/u)2	1 - [H -base] J.F.Ziegler et al,Pergamon Press,NY(low energy)	Energy (MeV/u)3	2 - ATIMA 1.2 LS-theory (recommended for high energy)	Energy (MeV/u)4	3 - ATIMA 1.2 without LS-correction	Energy (MeV/u)5	4 - ATIMA 1.4 H.Weick, improved mean charge formula for HI	Energy (MeV/u)6	5 - electrical component of [1] - J.F.Ziegler et al	Energy (MeV/u)7	6 - nuclear component of [1] - J.F.Ziegler et al	
0.001000	8.60248   	0.001000	10.1367   	0.001000	9.45423   	0.001000	9.45423   	0.001000	9.45475   	0.001000	2.0653    	0.001000	8.07135   	
0.002000	8.58681   	0.002000	9.90033   	0.002000	9.17756   	0.002000	9.17756   	0.002000	9.17797   	0.002000	2.67836   	0.002000	7.22197   	
0.005000	8.30819   	0.005000	9.15747   	0.005000	8.47283   	0.005000	8.47283   	0.005000	8.47308   	0.005000	3.77656   	0.005000	5.38091   	
0.008000	8.27734   	0.008000	8.85839   	0.008000	8.26489   	0.008000	8.26489   	0.008000	8.26507   	0.008000	4.50445   	0.008000	4.35395   	
0.010000	8.33085   	0.010000	8.78539   	0.010000	8.26035   	0.010000	8.26035   	0.010000	8.2605    	0.010000	4.89759   	0.010000	3.8878    	
0.015000	8.57684   	0.015000	8.80848   	0.015000	8.46183   	0.015000	8.46183   	0.015000	8.46195   	0.015000	5.70187   	0.015000	3.10661   	
0.020000	8.88602   	0.020000	8.96679   	0.020000	8.79905   	0.020000	8.79905   	0.020000	8.79914   	0.020000	6.35139   	0.020000	2.6154    	
0.025000	9.2111    	0.025000	9.17928   	0.025000	9.18706   	0.025000	9.18706   	0.025000	9.18714   	0.025000	6.90574   	0.025000	2.27354   	
0.030000	9.53532   	0.030000	9.41422   	0.030000	9.59318   	0.030000	9.59318   	0.030000	9.59325   	0.030000	7.3944    	0.030000	2.01982   	
0.035000	10.276    	0.035000	9.65736   	0.035000	10.0031   	0.035000	10.0031   	0.035000	10.0031   	0.035000	7.83445   	0.035000	1.82292   	
0.040000	11.2693   	0.040000	9.90176   	0.040000	10.41     	0.040000	10.41     	0.040000	10.41     	0.040000	8.23674   	0.040000	1.66502   	
0.045000	12.1837   	0.045000	10.2583   	0.045000	10.8725   	0.045000	10.8725   	0.045000	10.8725   	0.045000	8.72309   	0.045000	1.53519   	
0.050000	12.9972   	0.050000	11.5989   	0.050000	11.8744   	0.050000	11.8744   	0.050000	11.8745   	0.050000	10.1726   	0.050000	1.42627   	
0.055000	14.0856   	0.055000	12.9395   	0.055000	12.8839   	0.055000	12.8839   	0.055000	12.8839   	0.055000	11.6186   	0.055000	1.32086   	
0.060000	15.1311   	0.060000	14.3004   	0.060000	13.9194   	0.060000	13.9194   	0.060000	13.9195   	0.060000	13.0587   	0.060000	1.24167   	
0.070000	16.8129   	0.070000	17.0248   	0.070000	16.004    	0.070000	16.004    	0.070000	16.004    	0.070000	15.9136   	0.070000	1.11117   	
0.080000	18.0924   	0.080000	19.6088   	0.080000	18.076    	0.080000	18.076    	0.080000	18.0761   	0.080000	18.601    	0.080000	1.00782   	
0.090000	19.211    	0.090000	21.2456   	0.090000	20.1078   	0.090000	20.1078   	0.090000	20.1078   	0.090000	20.3219   	0.090000	0.923701  	
0.100000	20.2023   	0.100000	22.8107   	0.100000	22.079    	0.100000	22.079    	0.100000	22.0791   	0.100000	21.9569   	0.100000	0.853765  	
0.120000	21.5646   	0.120000	25.7149   	0.120000	25.7865   	0.120000	25.7865   	0.120000	25.7865   	0.120000	24.9711   	0.120000	0.74382   	
0.140000	23.2611   	0.140000	28.9747   	0.140000	29.1315   	0.140000	29.1315   	0.140000	29.1315   	0.140000	28.3137   	0.140000	0.661005  	
0.160000	24.7769   	0.160000	32.2817   	0.160000	32.0948   	0.160000	32.0948   	0.160000	32.0949   	0.160000	31.6856   	0.160000	0.596149  	
0.180000	26.2037   	0.180000	35.2143   	0.180000	34.687    	0.180000	34.687    	0.180000	34.687    	0.180000	34.6705   	0.180000	0.543842  	
0.200000	27.588    	0.200000	37.8108   	0.200000	36.9354   	0.200000	36.9354   	0.200000	36.9354   	0.200000	37.3101   	0.200000	0.500675  	
0.250000	29.9896   	0.250000	43.0927   	0.250000	41.2931   	0.250000	41.2931   	0.250000	41.2932   	0.250000	42.6731   	0.250000	0.419545  	
0.300000	32.2732   	0.300000	47.1864   	0.300000	44.3017   	0.300000	44.3017   	0.300000	44.3017   	0.300000	46.8238   	0.300000	0.36256   	
0.350000	34.3592   	0.350000	50.485    	0.350000	46.4239   	0.350000	46.4239   	0.350000	46.4239   	0.350000	50.1648   	0.350000	0.320144  	
0.400000	36.1857   	0.400000	53.053    	0.400000	47.9771   	0.400000	47.9771   	0.400000	47.9771   	0.400000	52.7658   	0.400000	0.287234  	
0.450000	37.7741   	0.450000	55.078    	0.450000	49.3161   	0.450000	49.3161   	0.450000	49.3162   	0.450000	54.8171   	0.450000	0.260892  	
0.500000	39.1496   	0.500000	56.6902   	0.500000	50.9885   	0.500000	50.9885   	0.500000	50.9885   	0.500000	56.4509   	0.500000	0.239289  	
0.600000	40.8497   	0.600000	60.2228   	0.600000	53.4747   	0.600000	53.4747   	0.600000	53.4747   	0.600000	60.0169   	0.600000	0.205878  	
0.700000	41.8214   	0.700000	63.1723   	0.700000	55.2196   	0.700000	55.2196   	0.700000	55.2197   	0.700000	62.9911   	0.700000	0.181155  	
0.800000	43.7334   	0.800000	65.2049   	0.800000	56.4851   	0.800000	56.4851   	0.800000	56.4851   	0.800000	65.0428   	0.800000	0.162065  	
0.900000	45.1891   	0.900000	66.587    	0.900000	57.4112   	0.900000	57.4112   	0.900000	57.4112   	0.900000	66.4401   	0.900000	0.146844  	
1.000000	46.0458   	1.000000	67.1654   	1.000000	58.0822   	1.000000	58.0822   	1.000000	58.0823   	1.000000	67.031    	1.000000	0.134403  	
1.250000	46.8713   	1.250000	66.9115   	1.250000	58.9755   	1.250000	58.9755   	1.250000	58.9756   	1.250000	66.8001   	1.250000	0.111323  	
1.500000	46.9624   	1.500000	65.9794   	1.500000	59.1302   	1.500000	59.1302   	1.500000	59.1302   	1.500000	65.8841   	1.500000	0.0953575 	
1.750000	46.3919   	1.750000	64.3804   	1.750000	58.835    	1.750000	58.835    	1.750000	58.835    	1.750000	64.2967   	1.750000	0.0836105 	
2.000000	45.5331   	2.000000	62.5452   	2.000000	58.2605   	2.000000	58.2605   	2.000000	58.2605   	2.000000	62.4707   	2.000000	0.0745808 	
2.250000	44.7149   	2.250000	60.832    	2.250000	57.5125   	2.250000	57.5125   	2.250000	57.5125   	2.250000	60.7646   	2.250000	0.0674086 	
2.500000	56.9316   	2.500000	59.2255   	2.500000	56.6587   	2.500000	56.6587   	2.500000	56.6588   	2.500000	59.1639   	2.500000	0.0615651 	
3.000000	54.2697   	3.000000	56.2872   	3.000000	54.5568   	3.000000	54.5568   	3.000000	54.5568   	3.000000	56.2346   	3.000000	0.0525983 	
3.500000	51.6743   	3.500000	53.658    	3.500000	52.3811   	3.500000	52.3811   	3.500000	52.3811   	3.500000	53.612    	3.500000	0.046022  	
4.000000	49.239    	4.000000	51.286    	4.000000	50.3655   	4.000000	50.3655   	4.000000	50.3655   	4.000000	51.245    	4.000000	0.04098   	
4.500000	46.9892   	4.500000	49.1318   	4.500000	48.497    	4.500000	48.497    	4.500000	48.497    	4.500000	49.0948   	4.500000	0.036984  	
5.000000	44.9231   	5.000000	47.1275   	5.000000	46.7624   	5.000000	46.7624   	5.000000	46.7624   	5.000000	47.0938   	5.000000	0.0337343 	
5.500000	43.0287   	5.500000	45.2961   	5.500000	45.1491   	5.500000	45.1491   	5.500000	45.1492   	5.500000	45.2651   	5.500000	0.0310365 	
6.000000	41.2905   	6.000000	43.6225   	6.000000	43.6458   	6.000000	43.6458   	6.000000	43.6458   	6.000000	43.5937   	6.000000	0.0287589 	
6.500000	39.6929   	6.500000	42.078    	6.500000	42.2418   	6.500000	42.2418   	6.500000	42.2419   	6.500000	42.0511   	6.500000	0.0268088 	
7.000000	38.2211   	7.000000	40.651    	7.000000	40.928    	7.000000	40.928    	7.000000	40.928    	7.000000	40.6259   	7.000000	0.0251193 	
7.500000	36.8618   	7.500000	39.3279   	7.500000	39.6958   	7.500000	39.6958   	7.500000	39.6958   	7.500000	39.3043   	7.500000	0.0236406 	
8.000000	35.603    	8.000000	38.0956   	8.000000	38.538    	8.000000	38.538    	8.000000	38.538    	8.000000	38.0733   	8.000000	0.0223348 	
8.500000	34.4343   	8.500000	36.944    	8.500000	37.4479   	8.500000	37.4479   	8.500000	37.4479   	8.500000	36.9228   	8.500000	0.0211729 	
9.000000	33.3466   	9.000000	35.8624   	9.000000	36.4197   	9.000000	36.4197   	9.000000	36.4197   	9.000000	35.8423   	9.000000	0.0201318 	
9.500000	32.3317   	9.500000	34.843    	9.500000	35.4482   	9.500000	35.4482   	9.500000	35.4483   	9.500000	34.8238   	9.500000	0.0191934 	
10.000000	31.3825   	10.000000	32.4714   	10.000000	34.5288   	10.000000	34.5288   	10.000000	34.5289   	10.000000	32.4531   	10.000000	0.018343  	
11.000000	29.6574   	11.000000	31.1938   	11.000000	32.6156   	11.000000	32.8793   	11.000000	32.9934   	11.000000	31.177    	11.000000	0.0168599 	
12.000000	28.1298   	12.000000	30.0017   	12.000000	30.9188   	12.000000	31.3948   	12.000000	31.5819   	12.000000	29.9861   	12.000000	0.0156093 	
13.000000	26.7672   	13.000000	28.8914   	13.000000	29.4048   	13.000000	30.0525   	13.000000	30.2833   	13.000000	28.8769   	13.000000	0.0145397 	
14.000000	25.5439   	14.000000	27.8575   	14.000000	28.0465   	14.000000	28.8338   	14.000000	29.0872   	14.000000	27.8438   	14.000000	0.0136139 	
15.000000	24.439    	15.000000	26.8941   	15.000000	26.822    	15.000000	27.7227   	15.000000	27.9837   	15.000000	26.8813   	15.000000	0.0128042 	
16.000000	23.436    	16.000000	25.9954   	16.000000	25.7134   	16.000000	26.7063   	16.000000	26.9641   	16.000000	25.9833   	16.000000	0.0120898 	
17.000000	22.521    	17.000000	25.1558   	17.000000	24.706    	17.000000	25.7733   	17.000000	26.0205   	17.000000	25.1443   	17.000000	0.0114546 	
18.000000	21.6828   	18.000000	24.3702   	18.000000	23.7868   	18.000000	24.9144   	18.000000	25.1446   	18.000000	24.3594   	18.000000	0.0108858 	
19.000000	20.9117   	19.000000	23.634    	19.000000	22.9452   	19.000000	24.1216   	19.000000	24.3316   	19.000000	23.6236   	19.000000	0.0103735 	
20.000000	20.1999   	20.000000	22.9428   	20.000000	22.1726   	20.000000	23.3878   	20.000000	23.5761   	20.000000	22.9329   	20.000000	0.00990941	
21.000000	19.5407   	21.000000	22.2928   	21.000000	21.4618   	21.000000	22.7072   	21.000000	22.8708   	21.000000	22.2833   	21.000000	0.009487  	
22.000000	18.9283   	22.000000	21.6806   	22.000000	20.8065   	22.000000	22.0747   	22.000000	22.214    	22.000000	21.6715   	22.000000	0.0091008 	
23.000000	18.3577   	23.000000	21.103    	23.000000	20.2011   	23.000000	21.4855   	23.000000	21.5998   	23.000000	21.0943   	23.000000	0.00874626	
24.000000	17.8248   	24.000000	20.5573   	24.000000	19.64     	24.000000	20.9359   	24.000000	21.0258   	24.000000	20.5489   	24.000000	0.00841959	
25.000000	17.3258   	25.000000	20.041    	25.000000	19.119    	25.000000	20.4223   	25.000000	20.4881   	25.000000	20.0328   	25.000000	0.00811758	
27.000000	16.417    	27.000000	19.0874   	27.000000	18.1842   	27.000000	19.4912   	27.000000	19.5112   	27.000000	19.0798   	27.000000	0.00757696	
29.000000	15.6103   	29.000000	18.2267   	29.000000	17.3725   	29.000000	18.6714   	29.000000	18.6496   	29.000000	18.2195   	29.000000	0.00710688	
31.000000	14.8889   	31.000000	17.446    	31.000000	16.6647   	31.000000	17.8862   	31.000000	17.823    	31.000000	17.4393   	31.000000	0.00669418	
33.000000	14.2397   	33.000000	16.7347   	33.000000	16.0248   	33.000000	17.1205   	33.000000	17.0244   	33.000000	16.7284   	33.000000	0.00632881	
35.000000	13.6521   	35.000000	16.084    	35.000000	15.4365   	35.000000	16.4231   	35.000000	16.3052   	35.000000	16.078    	35.000000	0.00600296	
38.000000	12.868    	38.000000	15.2057   	38.000000	14.638    	38.000000	15.4865   	38.000000	15.35     	38.000000	15.2001   	38.000000	0.00557512	
41.000000	12.1809   	41.000000	14.4269   	41.000000	13.9253   	41.000000	14.6604   	41.000000	14.5163   	41.000000	14.4217   	41.000000	0.00520665	
44.000000	11.5734   	44.000000	13.7318   	44.000000	13.2865   	44.000000	13.9263   	44.000000	13.7816   	44.000000	13.7269   	44.000000	0.00488582	
47.000000	11.0322   	47.000000	13.1074   	47.000000	12.7113   	47.000000	13.2696   	47.000000	13.1287   	47.000000	13.1028   	47.000000	0.00460384	
50.000000	10.5468   	50.000000	12.5436   	50.000000	12.1892   	50.000000	12.6787   	50.000000	12.5444   	50.000000	12.5392   	50.000000	0.00435396	
55.000000	9.83971   	55.000000	11.7162   	55.000000	11.4196   	55.000000	11.8153   	55.000000	11.6945   	55.000000	11.7122   	55.000000	0.00399504	
60.000000	9.23535   	60.000000	11.004    	60.000000	10.7528   	60.000000	11.0754   	60.000000	10.9694   	60.000000	11.0003   	60.000000	0.003693  	
65.000000	8.71243   	65.000000	10.3844   	65.000000	10.1712   	65.000000	10.4343   	65.000000	10.3428   	65.000000	10.381    	65.000000	0.00343514	
70.000000	8.25519   	70.000000	9.84049   	70.000000	9.6586    	70.000000	9.87353   	70.000000	9.79584   	70.000000	9.83728   	70.000000	0.00321232	
75.000000	7.85175   	75.000000	9.35921   	75.000000	9.2043    	75.000000	9.37885   	75.000000	9.31612   	75.000000	9.3562    	75.000000	0.00301775	
80.000000	7.49295   	80.000000	8.93035   	80.000000	8.79682   	80.000000	8.93925   	80.000000	8.89      	80.000000	8.9275    	80.000000	0.00284632	
85.000000	7.1716    	85.000000	8.54579   	85.000000	8.43137   	85.000000	8.54604   	85.000000	8.5086    	85.000000	8.54309   	85.000000	0.00269407	
90.000000	6.88202   	90.000000	8.19901   	90.000000	8.10179   	90.000000	8.19225   	90.000000	8.16529   	90.000000	8.19645   	90.000000	0.00255792	
95.000000	6.61961   	95.000000	7.88472   	95.000000	7.80129   	95.000000	7.87226   	95.000000	7.85499   	95.000000	7.88228   	95.000000	0.00243541	
100.000000	6.38063   	100.000000	7.59855   	100.000000	7.52778   	100.000000	7.58144   	100.000000	7.57302   	100.000000	7.59623   	100.000000	0.00232456	
105.000000	6.16201   	105.000000	7.33692   	105.000000	7.27698   	105.000000	7.316     	105.000000	7.31534   	105.000000	7.33469   	105.000000	0.00222376	
110.000000	5.96119   	110.000000	7.09678   	110.000000	7.04682   	110.000000	7.07275   	110.000000	7.07949   	110.000000	7.09465   	110.000000	0.00213169	
115.000000	5.77604   	115.000000	6.87561   	115.000000	6.83448   	115.000000	6.84904   	115.000000	6.86199   	115.000000	6.87357   	115.000000	0.00204724	
120.000000	5.60475   	120.000000	6.67125   	120.000000	6.63763   	120.000000	6.6426    	120.000000	6.66155   	120.000000	6.66928   	120.000000	0.00196949	
125.000000	5.44578   	125.000000	6.48186   	125.000000	6.45493   	125.000000	6.45153   	125.000000	6.47561   	125.000000	6.47996   	125.000000	0.00189766	
130.000000	5.29781   	130.000000	6.30585   	130.000000	6.28524   	130.000000	6.27416   	130.000000	6.30319   	130.000000	6.30402   	130.000000	0.0018311 	
135.000000	5.15972   	135.000000	6.14186   	135.000000	6.1272    	135.000000	6.10908   	135.000000	6.14234   	135.000000	6.14009   	135.000000	0.00176923	
140.000000	5.03052   	140.000000	5.9887    	140.000000	5.97937   	140.000000	5.95507   	140.000000	5.99258   	140.000000	5.98699   	140.000000	0.00171158	
145.000000	4.90936   	145.000000	5.84533   	145.000000	5.84054   	145.000000	5.81105   	145.000000	5.85204   	145.000000	5.84368   	145.000000	0.00165771	
150.000000	4.79549   	150.000000	5.71086   	150.000000	5.71005   	150.000000	5.67608   	150.000000	5.72053   	150.000000	5.70925   	150.000000	0.00160726	
155.000000	4.63353   	155.000000	5.58447   	155.000000	5.58778   	155.000000	5.54935   	155.000000	5.5968    	155.000000	5.58291   	155.000000	0.00155992	
160.000000	4.53939   	160.000000	5.46547   	160.000000	5.47278   	160.000000	5.43012   	160.000000	5.48034   	160.000000	5.46396   	160.000000	0.0015154 	
165.000000	4.4505    	165.000000	5.35323   	165.000000	5.36398   	165.000000	5.31775   	165.000000	5.37066   	165.000000	5.35175   	165.000000	0.00147345	
170.000000	4.3664    	170.000000	5.24718   	170.000000	5.26091   	170.000000	5.21167   	170.000000	5.26678   	170.000000	5.24575   	170.000000	0.00143385	
175.000000	4.28674   	175.000000	5.14684   	175.000000	5.16328   	175.000000	5.11137   	175.000000	5.16867   	175.000000	5.14545   	175.000000	0.00139641	
180.000000	4.21114   	180.000000	5.05176   	180.000000	5.07081   	180.000000	5.0164    	180.000000	5.07572   	180.000000	5.0504    	180.000000	0.00136095	
185.000000	4.13932   	185.000000	4.96154   	185.000000	4.98309   	185.000000	4.92634   	185.000000	4.98737   	185.000000	4.96021   	185.000000	0.00132732	
190.000000	4.07099   	190.000000	4.87581   	190.000000	4.89975   	190.000000	4.84083   	190.000000	4.90357   	190.000000	4.87451   	190.000000	0.00129538	
195.000000	4.0059    	195.000000	4.79425   	195.000000	4.82052   	195.000000	4.75953   	195.000000	4.82385   	195.000000	4.79299   	195.000000	0.001265  	
200.000000	3.94382   	200.000000	4.71657   	200.000000	4.74506   	200.000000	4.68215   	200.000000	4.7478    	200.000000	4.71533   	200.000000	0.00123607	
210.000000	3.82789   	210.000000	4.57178   	210.000000	4.604     	210.000000	4.53805   	210.000000	4.60634   	210.000000	4.5706    	210.000000	0.00118216	
220.000000	3.72176   	220.000000	4.43959   	220.000000	4.47515   	220.000000	4.40665   	220.000000	4.47695   	220.000000	4.43845   	220.000000	0.00113293	
230.000000	3.62424   	230.000000	4.31842   	230.000000	4.35713   	230.000000	4.28634   	230.000000	4.35852   	230.000000	4.31733   	230.000000	0.00108779	
240.000000	3.53431   	240.000000	4.20696   	240.000000	4.24867   	240.000000	4.17581   	240.000000	4.2495    	240.000000	4.20592   	240.000000	0.00104624	
250.000000	3.45112   	250.000000	4.10412   	250.000000	4.14836   	250.000000	4.07393   	250.000000	4.149     	250.000000	4.10311   	250.000000	0.00100786	
260.000000	3.37394   	260.000000	4.00892   	260.000000	4.05538   	260.000000	3.97973   	260.000000	4.05591   	260.000000	4.00795   	260.000000	0.000972312	
270.000000	3.30213   	270.000000	3.92058   	270.000000	3.96918   	270.000000	3.8924    	270.000000	3.96962   	270.000000	3.91964   	270.000000	0.000939277	
280.000000	3.23515   	280.000000	3.83837   	280.000000	3.88901   	280.000000	3.81123   	280.000000	3.88923   	280.000000	3.83746   	280.000000	0.000908497	
290.000000	3.17255   	290.000000	3.7617    	290.000000	3.81431   	290.000000	3.7356    	290.000000	3.81441   	290.000000	3.76082   	290.000000	0.000879745	
300.000000	3.11389   	300.000000	3.69003   	300.000000	3.74436   	300.000000	3.66497   	300.000000	3.74432   	300.000000	3.68918   	300.000000	0.000852827	
310.000000	3.05883   	310.000000	3.6229    	310.000000	3.67869   	310.000000	3.59889   	310.000000	3.67879   	310.000000	3.62207   	310.000000	0.000827568	
320.000000	3.00704   	320.000000	3.55989   	320.000000	3.61712   	320.000000	3.53693   	320.000000	3.61728   	320.000000	3.55909   	320.000000	0.000803819	
330.000000	2.95825   	330.000000	3.50066   	330.000000	3.55949   	330.000000	3.47873   	330.000000	3.55944   	330.000000	3.49988   	330.000000	0.000781447	
340.000000	2.91221   	340.000000	3.44487   	340.000000	3.5053    	340.000000	3.42398   	340.000000	3.50507   	340.000000	3.44411   	340.000000	0.000760332	
350.000000	2.86869   	350.000000	3.39225   	350.000000	3.45403   	350.000000	3.37238   	350.000000	3.45369   	350.000000	3.39151   	350.000000	0.000740372	
360.000000	2.82749   	360.000000	3.34253   	360.000000	3.40544   	360.000000	3.32368   	360.000000	3.40521   	360.000000	3.34181   	360.000000	0.000721472	
370.000000	2.78844   	370.000000	3.2955    	370.000000	3.35944   	370.000000	3.27765   	370.000000	3.35943   	370.000000	3.2948    	370.000000	0.00070355	
380.000000	2.75139   	380.000000	3.25095   	380.000000	3.31601   	380.000000	3.23409   	380.000000	3.31596   	380.000000	3.25026   	380.000000	0.00068653	
390.000000	2.71617   	390.000000	3.20868   	390.000000	3.27495   	390.000000	3.19281   	390.000000	3.2748    	390.000000	3.20801   	390.000000	0.000670344	
400.000000	2.68267   	400.000000	3.16855   	400.000000	3.236     	400.000000	3.15364   	400.000000	3.23578   	400.000000	3.1679    	400.000000	0.000654933	
410.000000	2.65077   	410.000000	3.13039   	410.000000	3.19892   	410.000000	3.11643   	410.000000	3.1986    	410.000000	3.12975   	410.000000	0.000640242	
420.000000	2.62035   	420.000000	3.09408   	420.000000	3.16355   	420.000000	3.08106   	420.000000	3.16326   	420.000000	3.09345   	420.000000	0.00062622	
430.000000	2.59132   	430.000000	3.05948   	430.000000	3.12983   	430.000000	3.04738   	430.000000	3.12964   	430.000000	3.05887   	430.000000	0.000612821	
440.000000	2.56359   	440.000000	3.02648   	440.000000	3.0977    	440.000000	3.01529   	440.000000	3.09756   	440.000000	3.02588   	440.000000	0.000600006	
450.000000	2.53709   	450.000000	2.99498   	450.000000	3.06706   	450.000000	2.98469   	450.000000	3.06693   	450.000000	2.9944    	450.000000	0.000587736	
460.000000	2.51172   	460.000000	2.96489   	460.000000	3.03781   	460.000000	2.95547   	460.000000	3.03771   	460.000000	2.96432   	460.000000	0.000575976	
470.000000	2.48743   	470.000000	2.93612   	470.000000	3.00985   	470.000000	2.92756   	470.000000	3.00982   	470.000000	2.93555   	470.000000	0.000564696	
480.000000	2.46415   	480.000000	2.90858   	480.000000	2.98312   	480.000000	2.90087   	480.000000	2.98306   	480.000000	2.90803   	480.000000	0.000553865	
490.000000	2.44183   	490.000000	2.88221   	490.000000	2.95754   	490.000000	2.87533   	490.000000	2.95747   	490.000000	2.88167   	490.000000	0.000543458	
500.000000	2.4204    	500.000000	2.85694   	500.000000	2.93304   	500.000000	2.85087   	500.000000	2.93297   	500.000000	2.85641   	500.000000	0.000533449	
520.000000	2.38006   	520.000000	2.80944   	520.000000	2.887     	520.000000	2.80495   	520.000000	2.88694   	520.000000	2.80893   	520.000000	0.000514538	
540.000000	2.34275   	540.000000	2.76564   	540.000000	2.84459   	540.000000	2.76266   	540.000000	2.84451   	540.000000	2.76514   	540.000000	0.000496969	
560.000000	2.30818   	560.000000	2.72514   	560.000000	2.80543   	560.000000	2.72363   	560.000000	2.80534   	560.000000	2.72466   	560.000000	0.000480603	
580.000000	2.27608   	580.000000	2.68763   	580.000000	2.76919   	580.000000	2.6875    	580.000000	2.76902   	580.000000	2.68716   	580.000000	0.000465318	
600.000000	2.24621   	600.000000	2.6528    	600.000000	2.73559   	600.000000	2.654     	600.000000	2.7354    	600.000000	2.65235   	600.000000	0.000451011	
620.000000	2.21838   	620.000000	2.62041   	620.000000	2.70433   	620.000000	2.62288   	620.000000	2.70406   	620.000000	2.61997   	620.000000	0.000437588	
640.000000	2.1924    	640.000000	2.59024   	640.000000	2.67513   	640.000000	2.59391   	640.000000	2.67492   	640.000000	2.58981   	640.000000	0.00042497	
660.000000	2.1681    	660.000000	2.56208   	660.000000	2.64783   	660.000000	2.5669    	660.000000	2.64773   	660.000000	2.56166   	660.000000	0.000413085	
680.000000	2.14537   	680.000000	2.53576   	680.000000	2.62233   	680.000000	2.54167   	680.000000	2.6223    	680.000000	2.53536   	680.000000	0.00040187	
700.000000	2.12405   	700.000000	2.51114   	700.000000	2.59855   	700.000000	2.51807   	700.000000	2.59855   	700.000000	2.51075   	700.000000	0.00039127	
720.000000	2.10405   	720.000000	2.48807   	720.000000	2.57635   	720.000000	2.49597   	720.000000	2.57626   	720.000000	2.48769   	720.000000	0.000381234	
740.000000	2.08527   	740.000000	2.46643   	740.000000	2.55551   	740.000000	2.47525   	740.000000	2.55534   	740.000000	2.46606   	740.000000	0.000371719	
760.000000	2.06761   	760.000000	2.44611   	760.000000	2.53586   	760.000000	2.45579   	760.000000	2.53572   	760.000000	2.44575   	760.000000	0.000362684	
780.000000	2.05099   	780.000000	2.42702   	780.000000	2.51734   	780.000000	2.43749   	780.000000	2.51724   	780.000000	2.42666   	780.000000	0.000354093	
800.000000	2.03533   	800.000000	2.40905   	800.000000	2.49992   	800.000000	2.42028   	800.000000	2.49985   	800.000000	2.40871   	800.000000	0.000345915	
820.000000	2.02058   	820.000000	2.39214   	820.000000	2.48352   	820.000000	2.40406   	820.000000	2.48347   	820.000000	2.3918    	820.000000	0.000338119	
840.000000	2.00667   	840.000000	2.3762    	840.000000	2.46805   	840.000000	2.38877   	840.000000	2.46802   	840.000000	2.37587   	840.000000	0.000330679	
860.000000	1.99355   	860.000000	2.36118   	860.000000	2.45345   	860.000000	2.37433   	860.000000	2.45341   	860.000000	2.36086   	860.000000	0.000323572	
880.000000	1.98116   	880.000000	2.34701   	880.000000	2.43965   	880.000000	2.3607    	880.000000	2.43963   	880.000000	2.34669   	880.000000	0.000316774	
900.000000	1.96946   	900.000000	2.33363   	900.000000	2.42661   	900.000000	2.34782   	900.000000	2.42661   	900.000000	2.33332   	900.000000	0.000310266	
920.000000	1.95841   	920.000000	2.321     	920.000000	2.41426   	920.000000	2.33563   	920.000000	2.41425   	920.000000	2.32069   	920.000000	0.00030403	
940.000000	1.94797   	940.000000	2.30906   	940.000000	2.40257   	940.000000	2.32409   	940.000000	2.40256   	940.000000	2.30876   	940.000000	0.000298048	
960.000000	1.9381    	960.000000	2.29778   	960.000000	2.3915    	960.000000	2.31316   	960.000000	2.3915    	960.000000	2.29749   	960.000000	0.000292306	
980.000000	1.92876   	980.000000	2.28712   	980.000000	2.381     	980.000000	2.3028    	980.000000	2.38101   	980.000000	2.28683   	980.000000	0.000286789	
1000.000000	1.91994   	1000.000000	2.27704   	1000.000000	2.37104   	1000.000000	2.29297   	1000.000000	2.37103   	1000.000000	2.27676   	1000.000000	0.000281483	
1020.000000	1.9116    	1020.000000	2.2675    	1020.000000	2.36159   	1020.000000	2.28365   	1020.000000	2.36158   	1020.000000	2.26723   	1020.000000	0.000276377	
1040.000000	1.90371   	1040.000000	2.25848   	1040.000000	2.35262   	1040.000000	2.2748    	1040.000000	2.3526    	1040.000000	2.25821   	1040.000000	0.00027146	
1060.000000	1.89626   	1060.000000	2.24995   	1060.000000	2.34409   	1060.000000	2.26639   	1060.000000	2.34409   	1060.000000	2.24968   	1060.000000	0.00026672	
1080.000000	1.88921   	1080.000000	2.24188   	1080.000000	2.33599   	1080.000000	2.2584    	1080.000000	2.33597   	1080.000000	2.24162   	1080.000000	0.00026215	
1100.000000	1.88255   	1100.000000	2.23424   	1100.000000	2.32828   	1100.000000	2.25081   	1100.000000	2.32825   	1100.000000	2.23399   	1100.000000	0.000257739	
1120.000000	1.87626   	1120.000000	2.22702   	1120.000000	2.32095   	1120.000000	2.24359   	1120.000000	2.32092   	1120.000000	2.22677   	1120.000000	0.000253479	
1140.000000	1.87032   	1140.000000	2.22019   	1140.000000	2.31398   	1140.000000	2.23672   	1140.000000	2.31395   	1140.000000	2.21994   	1140.000000	0.000249362	
1160.000000	1.86471   	1160.000000	2.21373   	1160.000000	2.30734   	1160.000000	2.23019   	1160.000000	2.3073    	1160.000000	2.21349   	1160.000000	0.000245382	
1180.000000	1.85942   	1180.000000	2.20763   	1180.000000	2.30102   	1180.000000	2.22397   	1180.000000	2.30096   	1180.000000	2.20739   	1180.000000	0.000241531	
1200.000000	1.85443   	1200.000000	2.20186   	1200.000000	2.295     	1200.000000	2.21804   	1200.000000	2.29494   	1200.000000	2.20162   	1200.000000	0.000237804	
1220.000000	1.84973   	1220.000000	2.19641   	1220.000000	2.28928   	1220.000000	2.2124    	1220.000000	2.2892    	1220.000000	2.19618   	1220.000000	0.000234194	
1240.000000	1.84531   	1240.000000	2.19127   	1240.000000	2.28383   	1240.000000	2.20703   	1240.000000	2.28374   	1240.000000	2.19104   	1240.000000	0.000230696	
1260.000000	1.84115   	1260.000000	2.18641   	1260.000000	2.27863   	1260.000000	2.20191   	1260.000000	2.27852   	1260.000000	2.18619   	1260.000000	0.000227305	
1280.000000	1.83724   	1280.000000	2.18184   	1280.000000	2.27367   	1280.000000	2.19704   	1280.000000	2.27355   	1280.000000	2.18161   	1280.000000	0.000224015	
1300.000000	1.83357   	1300.000000	2.17752   	1300.000000	2.26893   	1300.000000	2.19239   	1300.000000	2.26881   	1300.000000	2.1773    	1300.000000	0.000220823	
1320.000000	1.83013   	1320.000000	2.17346   	1320.000000	2.2644    	1320.000000	2.18796   	1320.000000	2.26429   	1320.000000	2.17325   	1320.000000	0.000217723	
1340.000000	1.82692   	1340.000000	2.16965   	1340.000000	2.26008   	1340.000000	2.18374   	1340.000000	2.26      	1340.000000	2.16943   	1340.000000	0.000214712	
1360.000000	1.82392   	1360.000000	2.16606   	1360.000000	2.25594   	1360.000000	2.17972   	1360.000000	2.25589   	1360.000000	2.16585   	1360.000000	0.000211787	
1380.000000	1.82112   	1380.000000	2.1627    	1380.000000	2.252     	1380.000000	2.17589   	1380.000000	2.25197   	1380.000000	2.16249   	1380.000000	0.000208943	
1400.000000	1.81851   	1400.000000	2.15954   	1400.000000	2.24824   	1400.000000	2.17223   	1400.000000	2.24823   	1400.000000	2.15934   	1400.000000	0.000206177	
1420.000000	1.8161    	1420.000000	2.15659   	1420.000000	2.24466   	1420.000000	2.16875   	1420.000000	2.24467   	1420.000000	2.15639   	1420.000000	0.000203485	
1440.000000	1.81386   	1440.000000	2.15384   	1440.000000	2.24125   	1440.000000	2.16543   	1440.000000	2.24128   	1440.000000	2.15363   	1440.000000	0.000200866	
1460.000000	1.8118    	1460.000000	2.15127   	1460.000000	2.23802   	1460.000000	2.16227   	1460.000000	2.23805   	1460.000000	2.15107   	1460.000000	0.000198316	
1480.000000	1.80991   	1480.000000	2.14888   	1480.000000	2.23494   	1480.000000	2.15926   	1480.000000	2.23496   	1480.000000	2.14868   	1480.000000	0.000195831	
1500.000000	1.80818   	1500.000000	2.14666   	1500.000000	2.23201   	1500.000000	2.15639   	1500.000000	2.23201   	1500.000000	2.14647   	1500.000000	0.000193411	
1520.000000	1.8066    	1520.000000	2.14461   	1520.000000	2.22922   	1520.000000	2.15365   	1520.000000	2.2292    	1520.000000	2.14442   	1520.000000	0.000191051	
1540.000000	1.80517   	1540.000000	2.14272   	1540.000000	2.22656   	1540.000000	2.15105   	1540.000000	2.22653   	1540.000000	2.14253   	1540.000000	0.000188751	
1560.000000	1.80389   	1560.000000	2.14098   	1560.000000	2.22403   	1560.000000	2.14857   	1560.000000	2.22399   	1560.000000	2.14079   	1560.000000	0.000186507	
1580.000000	1.80275   	1580.000000	2.13938   	1580.000000	2.22162   	1580.000000	2.14621   	1580.000000	2.22157   	1580.000000	2.1392    	1580.000000	0.000184318	
1600.000000	1.80174   	1600.000000	2.13793   	1600.000000	2.21931   	1600.000000	2.14397   	1600.000000	2.21926   	1600.000000	2.13775   	1600.000000	0.000182181	
1620.000000	1.80086   	1620.000000	2.13662   	1620.000000	2.21711   	1620.000000	2.14183   	1620.000000	2.21706   	1620.000000	2.13644   	1620.000000	0.000180096	
1640.000000	1.80011   	1640.000000	2.13544   	1640.000000	2.21501   	1640.000000	2.1398    	1640.000000	2.21496   	1640.000000	2.13526   	1640.000000	0.000178059	
1660.000000	1.79948   	1660.000000	2.13438   	1660.000000	2.21301   	1660.000000	2.13787   	1660.000000	2.21297   	1660.000000	2.13421   	1660.000000	0.000176069	
1680.000000	1.79897   	1680.000000	2.13345   	1680.000000	2.21111   	1680.000000	2.13604   	1680.000000	2.21109   	1680.000000	2.13328   	1680.000000	0.000174125	
1700.000000	1.79857   	1700.000000	2.13264   	1700.000000	2.2093    	1700.000000	2.1343    	1700.000000	2.20929   	1700.000000	2.13247   	1700.000000	0.000172224	
1750.000000	1.79805   	1750.000000	2.1311    	1750.000000	2.20516   	1750.000000	2.13034   	1750.000000	2.20519   	1750.000000	2.13093   	1750.000000	0.000167656	
1800.000000	1.79816   	1800.000000	2.13021   	1800.000000	2.20156   	1800.000000	2.12688   	1800.000000	2.2016    	1800.000000	2.13005   	1800.000000	0.000163332	
1850.000000	1.79886   	1850.000000	2.12992   	1850.000000	2.19845   	1850.000000	2.12388   	1850.000000	2.19848   	1850.000000	2.12977   	1850.000000	0.000159233	
1900.000000	1.80012   	1900.000000	2.1302    	1900.000000	2.19577   	1900.000000	2.12129   	1900.000000	2.19577   	1900.000000	2.13004   	1900.000000	0.000155342	
1950.000000	1.80188   	1950.000000	2.13098   	1950.000000	2.19348   	1950.000000	2.11908   	1950.000000	2.19344   	1950.000000	2.13083   	1950.000000	0.000151642	
2000.000000	1.80412   	2000.000000	2.13224   	2000.000000	2.19154   	2000.000000	2.11722   	2000.000000	2.19148   	2000.000000	2.13209   	2000.000000	0.000148121	
2100.000000	1.8099    	2100.000000	2.13604   	2100.000000	2.18855   	2100.000000	2.1144    	2100.000000	2.18846   	2100.000000	2.1359    	2100.000000	0.000141562	
2200.000000	1.81725   	2200.000000	2.14137   	2200.000000	2.18659   	2200.000000	2.11264   	2200.000000	2.18653   	2200.000000	2.14123   	2200.000000	0.000135578	
2300.000000	1.82599   	2300.000000	2.14802   	2300.000000	2.18552   	2300.000000	2.11176   	2300.000000	2.18547   	2300.000000	2.14789   	2300.000000	0.000130094	
2400.000000	1.83596   	2400.000000	2.15583   	2400.000000	2.18522   	2400.000000	2.11162   	2400.000000	2.18519   	2400.000000	2.1557    	2400.000000	0.000125051	
2500.000000	1.84703   	2500.000000	2.16466   	2500.000000	2.18557   	2500.000000	2.11212   	2500.000000	2.18554   	2500.000000	2.16454   	2500.000000	0.000120397	
2600.000000	1.85911   	2600.000000	2.17438   	2600.000000	2.18647   	2600.000000	2.11315   	2600.000000	2.18644   	2600.000000	2.17427   	2600.000000	0.000116088	
2700.000000	1.87208   	2700.000000	2.18491   	2700.000000	2.18784   	2700.000000	2.11463   	2700.000000	2.1878    	2700.000000	2.1848    	2700.000000	0.000112086	
2800.000000	1.88588   	2800.000000	2.19615   	2800.000000	2.1896    	2800.000000	2.11651   	2800.000000	2.18957   	2800.000000	2.19604   	2800.000000	0.000108359	
2900.000000	1.90043   	2900.000000	2.20802   	2900.000000	2.19169   	2900.000000	2.11871   	2900.000000	2.19166   	2900.000000	2.20792   	2900.000000	0.00010488	
3000.000000	1.91568   	3000.000000	2.22047   	3000.000000	2.19407   	3000.000000	2.1212    	3000.000000	2.19405   	3000.000000	2.22037   	3000.000000	0.000101625	
3200.000000	1.94804   	3200.000000	2.24686   	3200.000000	2.19952   	3200.000000	2.12686   	3200.000000	2.19953   	3200.000000	2.24676   	3200.000000	9.57028e-05	
3400.000000	1.9826    	3400.000000	2.27494   	3400.000000	2.20571   	3400.000000	2.13323   	3400.000000	2.20574   	3400.000000	2.27485   	3400.000000	9.04528e-05	
3600.000000	2.0191    	3600.000000	2.30443   	3600.000000	2.21243   	3600.000000	2.14012   	3600.000000	2.21249   	3600.000000	2.30434   	3600.000000	8.57657e-05	
3800.000000	2.0573    	3800.000000	2.33508   	3800.000000	2.21954   	3800.000000	2.14737   	3800.000000	2.2196    	3800.000000	2.335     	3800.000000	8.15547e-05	
4000.000000	2.09703   	4000.000000	2.36673   	4000.000000	2.22693   	4000.000000	2.15487   	4000.000000	2.22698   	4000.000000	2.36665   	4000.000000	7.775e-05 	
4200.000000	2.13814   	4200.000000	2.39921   	4200.000000	2.23449   	4200.000000	2.16254   	4200.000000	2.23455   	4200.000000	2.39913   	4200.000000	7.4295e-05	
4400.000000	2.18051   	4400.000000	2.4324    	4400.000000	2.24217   	4400.000000	2.17032   	4400.000000	2.24222   	4400.000000	2.43233   	4400.000000	7.1143e-05	
4600.000000	2.22404   	4600.000000	2.46622   	4600.000000	2.2499    	4600.000000	2.17815   	4600.000000	2.24995   	4600.000000	2.46615   	4600.000000	6.82556e-05	
4800.000000	2.26865   	4800.000000	2.50056   	4800.000000	2.25765   	4800.000000	2.186     	4800.000000	2.2577    	4800.000000	2.5005    	4800.000000	6.56004e-05	
5000.000000	2.31427   	5000.000000	2.53537   	5000.000000	2.26539   	5000.000000	2.19383   	5000.000000	2.26544   	5000.000000	2.5353    	5000.000000	6.31502e-05	
5250.000000	2.37261   	5250.000000	2.57943   	5250.000000	2.27501   	5250.000000	2.20357   	5250.000000	2.27507   	5250.000000	2.57937   	5250.000000	6.0341e-05	
5500.000000	2.43233   	5500.000000	2.62403   	5500.000000	2.28455   	5500.000000	2.21321   	5500.000000	2.2846    	5500.000000	2.62398   	5500.000000	5.77783e-05	
6000.000000	2.55559   	6000.000000	2.71453   	6000.000000	2.30325   	6000.000000	2.23211   	6000.000000	2.30331   	6000.000000	2.71448   	6000.000000	5.32722e-05	
6500.000000	2.68353   	6500.000000	2.80636   	6500.000000	2.3214    	6500.000000	2.25044   	6500.000000	2.32144   	6500.000000	2.80632   	6500.000000	4.94365e-05	
7000.000000	2.81578   	7000.000000	2.8992    	7000.000000	2.33894   	7000.000000	2.26812   	7000.000000	2.33894   	7000.000000	2.89915   	7000.000000	4.61308e-05	
7500.000000	2.95206   	7500.000000	2.99277   	7500.000000	2.35573   	7500.000000	2.28516   	7500.000000	2.35579   	7500.000000	2.99273   	7500.000000	4.32512e-05	
8000.000000	3.09218   	8000.000000	3.08691   	8000.000000	2.37191   	8000.000000	2.30155   	8000.000000	2.372     	8000.000000	3.08687   	8000.000000	4.07198e-05	
8500.000000	3.23596   	8500.000000	3.18148   	8500.000000	2.38752   	8500.000000	2.31732   	8500.000000	2.38758   	8500.000000	3.18144   	8500.000000	3.84764e-05	
9000.000000	3.38329   	9000.000000	3.27636   	9000.000000	2.40256   	9000.000000	2.3325    	9000.000000	2.40257   	9000.000000	3.27633   	9000.000000	3.6474e-05	
9500.000000	3.53407   	9500.000000	3.37148   	9500.000000	2.41701   	9500.000000	2.34711   	9500.000000	2.41698   	9500.000000	3.37145   	9500.000000	3.46755e-05	
10000.000000	3.68822   	10000.000000	3.46678   	10000.000000	2.43091   	10000.000000	2.36118   	10000.000000	2.43085   	10000.000000	3.46675   	10000.000000	3.3051e-05	
11000.000000	4.0064    	11000.000000	3.6577    	11000.000000	2.45716   	11000.000000	2.38784   	11000.000000	2.4571    	11000.000000	3.65767   	11000.000000	3.02308e-05	
12000.000000	4.33744   	12000.000000	3.84884   	12000.000000	2.48157   	12000.000000	2.4127    	12000.000000	2.48152   	12000.000000	3.84882   	12000.000000	2.7866e-05	
13000.000000	4.68111   	13000.000000	4.04001   	13000.000000	2.50434   	13000.000000	2.43596   	13000.000000	2.50432   	13000.000000	4.03999   	13000.000000	2.58535e-05	
14000.000000	5.03724   	14000.000000	4.23109   	14000.000000	2.52566   	14000.000000	2.45779   	14000.000000	2.52568   	14000.000000	4.23106   	14000.000000	2.41196e-05	
15000.000000	5.40571   	15000.000000	4.42198   	15000.000000	2.54569   	15000.000000	2.47836   	15000.000000	2.54574   	15000.000000	4.42196   	15000.000000	2.26095e-05	
16000.000000	5.78646   	16000.000000	4.61265   	16000.000000	2.56456   	16000.000000	2.49779   	16000.000000	2.56463   	16000.000000	4.61263   	16000.000000	2.12823e-05	
17000.000000	6.17945   	17000.000000	4.80304   	17000.000000	2.58238   	17000.000000	2.51619   	17000.000000	2.58248   	17000.000000	4.80302   	17000.000000	2.01063e-05	
18000.000000	6.58464   	18000.000000	4.99315   	18000.000000	2.59927   	18000.000000	2.53367   	18000.000000	2.59938   	18000.000000	4.99313   	18000.000000	1.90569e-05	
19000.000000	7.00205   	19000.000000	5.18295   	19000.000000	2.61533   	19000.000000	2.55031   	19000.000000	2.61541   	19000.000000	5.18293   	19000.000000	1.81145e-05	
20000.000000	7.43167   	20000.000000	5.37244   	20000.000000	2.63064   	20000.000000	2.56617   	20000.000000	2.63066   	20000.000000	5.37242   	20000.000000	1.72634e-05	
21000.000000	7.87352   	21000.000000	5.56161   	21000.000000	2.6452    	21000.000000	2.58134   	21000.000000	2.64518   	21000.000000	5.56159   	21000.000000	1.64908e-05	
22000.000000	8.32762   	22000.000000	5.75046   	22000.000000	2.65896   	22000.000000	2.59587   	22000.000000	2.65903   	22000.000000	5.75044   	22000.000000	1.57862e-05	
23000.000000	8.79402   	23000.000000	5.93899   	23000.000000	2.67223   	23000.000000	2.6098    	23000.000000	2.67228   	23000.000000	5.93897   	23000.000000	1.5141e-05	
24000.000000	9.27275   	24000.000000	6.12721   	24000.000000	2.68498   	24000.000000	2.62319   	24000.000000	2.68494   	24000.000000	6.1272    	24000.000000	1.45479e-05	
25000.000000	9.76384   	25000.000000	6.31512   	25000.000000	2.69712   	25000.000000	2.63607   	25000.000000	2.69709   	25000.000000	6.31511   	25000.000000	1.40008e-05	
26000.000000	10.2673   	26000.000000	6.50273   	26000.000000	2.70876   	26000.000000	2.64848   	26000.000000	2.70873   	26000.000000	6.50271   	26000.000000	1.34944e-05	
27000.000000	10.7833   	27000.000000	6.69003   	27000.000000	2.71997   	27000.000000	2.66045   	27000.000000	2.71994   	27000.000000	6.69002   	27000.000000	1.30244e-05	
28000.000000	11.3118   	28000.000000	6.87705   	28000.000000	2.73076   	28000.000000	2.67201   	28000.000000	2.73069   	28000.000000	6.87703   	28000.000000	1.25869e-05	
29000.000000	11.8529   	29000.000000	7.06377   	29000.000000	2.74112   	29000.000000	2.6832    	29000.000000	2.74106   	29000.000000	7.06376   	29000.000000	1.21786e-05	
30000.000000	12.4065   	30000.000000	7.25022   	30000.000000	2.75109   	30000.000000	2.69402   	30000.000000	2.75105   	30000.000000	7.25021   	30000.000000	1.17967e-05	
32000.000000	13.552    	32000.000000	7.62229   	32000.000000	2.77001   	32000.000000	2.71469   	32000.000000	2.76999   	32000.000000	7.62228   	32000.000000	1.11024e-05	
34000.000000	14.7486   	34000.000000	7.99332   	34000.000000	2.78773   	34000.000000	2.73416   	34000.000000	2.78766   	34000.000000	7.99331   	34000.000000	1.04872e-05	
36000.000000	15.997    	36000.000000	8.36334   	36000.000000	2.80429   	36000.000000	2.75257   	36000.000000	2.8042    	36000.000000	8.36333   	36000.000000	9.93842e-06	
38000.000000	17.2976   	38000.000000	8.7324    	38000.000000	2.81979   	38000.000000	2.77003   	38000.000000	2.81974   	38000.000000	8.73239   	38000.000000	9.44564e-06	
40000.000000	18.6509   	40000.000000	9.10054   	40000.000000	2.83435   	40000.000000	2.78662   	40000.000000	2.83435   	40000.000000	9.10054   	40000.000000	9.00067e-06	
42000.000000	20.0576   	42000.000000	9.46781   	42000.000000	2.84809   	42000.000000	2.80244   	42000.000000	2.84812   	42000.000000	9.4678    	42000.000000	8.5968e-06	
44000.000000	21.518    	44000.000000	9.83424   	44000.000000	2.86111   	44000.000000	2.81755   	44000.000000	2.86116   	44000.000000	9.83423   	44000.000000	8.22854e-06	
46000.000000	23.0329   	46000.000000	10.1999   	46000.000000	2.8735    	46000.000000	2.832     	46000.000000	2.87345   	46000.000000	10.1999   	46000.000000	7.89136e-06	
48000.000000	24.6028   	48000.000000	10.5647   	48000.000000	2.88531   	48000.000000	2.84586   	48000.000000	2.88514   	48000.000000	10.5647   	48000.000000	7.58143e-06	
50000.000000	26.2283   	50000.000000	10.9288   	50000.000000	2.89649   	50000.000000	2.85918   	50000.000000	2.89621   	50000.000000	10.9288   	50000.000000	7.29556e-06	
