! 81Se energy loss (dE/dX) in He
! apply ZOOM for details
Energy (MeV/u)1	0 - [He-base] F.Hubert et al, AD&ND Tables 46(1990)1	Energy (MeV/u)2	1 - [H -base] J.F.Ziegler et al,Pergamon Press,NY(low energy)	Energy (MeV/u)3	2 - ATIMA 1.2 LS-theory (recommended for high energy)	Energy (MeV/u)4	3 - ATIMA 1.2 without LS-correction	Energy (MeV/u)5	4 - ATIMA 1.4 H.Weick, improved mean charge formula for HI	Energy (MeV/u)6	5 - electrical component of [1] - J.F.Ziegler et al	Energy (MeV/u)7	6 - nuclear component of [1] - J.F.Ziegler et al	
0.001000	9.51909   	0.001000	11.187    	0.001000	9.70831   	0.001000	9.70831   	0.001000	9.70886   	0.001000	2.87846   	0.001000	8.3085    	
0.002000	9.72429   	0.002000	11.2015   	0.002000	9.4481    	0.002000	9.4481    	0.002000	9.44853   	0.002000	3.7329    	0.002000	7.46857   	
0.005000	9.80557   	0.005000	10.8621   	0.005000	8.72834   	0.005000	8.72834   	0.005000	8.72861   	0.005000	5.2635    	0.005000	5.59857   	
0.008000	10.0059   	0.008000	10.8205   	0.008000	8.5013    	0.008000	8.5013    	0.008000	8.5015    	0.008000	6.27797   	0.008000	4.54248   	
0.010000	10.1846   	0.010000	10.8868   	0.010000	8.48697   	0.010000	8.48697   	0.010000	8.48714   	0.010000	6.82591   	0.010000	4.0609    	
0.015000	10.6893   	0.015000	11.198    	0.015000	8.67189   	0.015000	8.67189   	0.015000	8.67202   	0.015000	7.94685   	0.015000	3.25112   	
0.020000	11.2103   	0.020000	11.5924   	0.020000	8.99964   	0.020000	8.99964   	0.020000	8.99974   	0.020000	8.85211   	0.020000	2.74029   	
0.025000	11.718    	0.025000	12.0088   	0.025000	9.38224   	0.025000	9.38224   	0.025000	9.38232   	0.025000	9.62472   	0.025000	2.38409   	
0.030000	12.2046   	0.030000	12.4251   	0.030000	9.78542   	0.030000	9.78542   	0.030000	9.7855    	0.030000	10.3058   	0.030000	2.11935   	
0.035000	12.727    	0.035000	12.8328   	0.035000	10.194    	0.035000	10.194    	0.035000	10.1941   	0.035000	10.9191   	0.035000	1.91369   	
0.040000	13.3929   	0.040000	13.2284   	0.040000	10.6006   	0.040000	10.6006   	0.040000	10.6007   	0.040000	11.4798   	0.040000	1.74863   	
0.045000	13.9488   	0.045000	13.611    	0.045000	11.0018   	0.045000	11.0018   	0.045000	11.0018   	0.045000	11.9982   	0.045000	1.61282   	
0.050000	14.3901   	0.050000	14.4589   	0.050000	11.8544   	0.050000	11.8544   	0.050000	11.8544   	0.050000	12.9601   	0.050000	1.49883   	
0.055000	15.1466   	0.055000	15.4339   	0.055000	12.8847   	0.055000	12.8847   	0.055000	12.8848   	0.055000	14.0323   	0.055000	1.4016    	
0.060000	15.8291   	0.060000	16.3637   	0.060000	13.9175   	0.060000	13.9175   	0.060000	13.9175   	0.060000	15.0584   	0.060000	1.30534   	
0.070000	17.0232   	0.070000	18.1801   	0.070000	16.0281   	0.070000	16.0281   	0.070000	16.0281   	0.070000	17.0115   	0.070000	1.16863   	
0.080000	18.332    	0.080000	19.9237   	0.080000	18.1312   	0.080000	18.1312   	0.080000	18.1312   	0.080000	18.8634   	0.080000	1.06028   	
0.090000	19.4784   	0.090000	21.5983   	0.090000	20.1977   	0.090000	20.1977   	0.090000	20.1977   	0.090000	20.6263   	0.090000	0.97205   	
0.100000	20.4957   	0.100000	23.2001   	0.100000	22.2062   	0.100000	22.2062   	0.100000	22.2062   	0.100000	22.3014   	0.100000	0.898658  	
0.120000	21.7545   	0.120000	26.173    	0.120000	25.9924   	0.120000	25.9924   	0.120000	25.9924   	0.120000	25.3898   	0.120000	0.783222  	
0.140000	23.4532   	0.140000	29.2169   	0.140000	29.4177   	0.140000	29.4177   	0.140000	29.4177   	0.140000	28.5207   	0.140000	0.69622   	
0.160000	25.0226   	0.160000	32.606    	0.160000	32.4595   	0.160000	32.4595   	0.160000	32.4596   	0.160000	31.978    	0.160000	0.628055  	
0.180000	26.5005   	0.180000	35.6186   	0.180000	35.1266   	0.180000	35.1266   	0.180000	35.1266   	0.180000	35.0456   	0.180000	0.573061  	
0.200000	27.934    	0.200000	38.2916   	0.200000	37.4452   	0.200000	37.4452   	0.200000	37.4453   	0.200000	37.764    	0.200000	0.527662  	
0.250000	30.4395   	0.250000	43.7469   	0.250000	41.9564   	0.250000	41.9564   	0.250000	41.9565   	0.250000	43.3046   	0.250000	0.442303  	
0.300000	32.7761   	0.300000	47.9203   	0.300000	45.0894   	0.300000	45.0894   	0.300000	45.0895   	0.300000	47.538    	0.300000	0.382322  	
0.350000	34.9533   	0.350000	51.3579   	0.350000	47.313    	0.350000	47.313    	0.350000	47.3131   	0.350000	51.0202   	0.350000	0.337659  	
0.400000	36.8624   	0.400000	54.046    	0.400000	48.9504   	0.400000	48.9504   	0.400000	48.9505   	0.400000	53.743    	0.400000	0.302997  	
0.450000	38.5257   	0.450000	56.1752   	0.450000	50.208    	0.450000	50.208    	0.450000	50.208    	0.450000	55.8999   	0.450000	0.275247  	
0.500000	39.9692   	0.500000	57.8784   	0.500000	51.8367   	0.500000	51.8367   	0.500000	51.8368   	0.500000	57.6259   	0.500000	0.252485  	
0.600000	41.3456   	0.600000	60.9476   	0.600000	54.4967   	0.600000	54.4967   	0.600000	54.4967   	0.600000	60.7304   	0.600000	0.217272  	
0.700000	42.1728   	0.700000	63.6509   	0.700000	56.3831   	0.700000	56.3831   	0.700000	56.3832   	0.700000	63.4597   	0.700000	0.19121   	
0.800000	43.9857   	0.800000	65.4898   	0.800000	57.7663   	0.800000	57.7663   	0.800000	57.7664   	0.800000	65.3187   	0.800000	0.171082  	
0.900000	45.3645   	0.900000	66.7208   	0.900000	58.7919   	0.900000	58.7919   	0.900000	58.7919   	0.900000	66.5658   	0.900000	0.15503   	
1.000000	46.3275   	1.000000	67.4424   	1.000000	59.5478   	1.000000	59.5478   	1.000000	59.5479   	1.000000	67.3005   	1.000000	0.141909  	
1.250000	47.1801   	1.250000	67.212    	1.250000	60.6055   	1.250000	60.6055   	1.250000	60.6056   	1.250000	67.0944   	1.250000	0.117562  	
1.500000	47.3265   	1.500000	66.3544   	1.500000	60.8757   	1.500000	60.8757   	1.500000	60.8757   	1.500000	66.2537   	1.500000	0.100715  	
1.750000	47.0054   	1.750000	65.1166   	1.750000	60.6626   	1.750000	60.6626   	1.750000	60.6627   	1.750000	65.0283   	1.750000	0.0883184 	
2.000000	46.3656   	2.000000	63.6108   	2.000000	60.1465   	2.000000	60.1465   	2.000000	60.1465   	2.000000	63.532    	2.000000	0.0787876 	
2.250000	45.7081   	2.250000	62.129    	2.250000	59.4396   	2.250000	59.4396   	2.250000	59.4396   	2.250000	62.0578   	2.250000	0.0712166 	
2.500000	59.445    	2.500000	60.6878   	2.500000	58.6141   	2.500000	58.6141   	2.500000	58.6141   	2.500000	60.6227   	2.500000	0.0650475 	
3.000000	56.7346   	3.000000	57.9547   	3.000000	56.628    	3.000000	56.628    	3.000000	56.628    	3.000000	57.8992   	3.000000	0.0555799 	
3.500000	54.0745   	3.500000	55.4318   	3.500000	54.4228   	3.500000	54.4228   	3.500000	54.4229   	3.500000	55.3831   	3.500000	0.0486353 	
4.000000	51.5685   	4.000000	53.1108   	4.000000	52.3748   	4.000000	52.3748   	4.000000	52.3748   	4.000000	53.0675   	4.000000	0.0433104 	
4.500000	49.2468   	4.500000	50.9754   	4.500000	50.4722   	4.500000	50.4722   	4.500000	50.4722   	4.500000	50.9363   	4.500000	0.0390898 	
5.000000	47.1103   	5.000000	48.9899   	5.000000	48.7027   	5.000000	48.7027   	5.000000	48.7027   	5.000000	48.9542   	5.000000	0.0356571 	
5.500000	45.1481   	5.500000	47.1417   	5.500000	47.0544   	5.500000	47.0544   	5.500000	47.0545   	5.500000	47.1089   	5.500000	0.0328072 	
6.000000	43.3452   	6.000000	45.4442   	6.000000	45.5162   	6.000000	45.5162   	6.000000	45.5163   	6.000000	45.4138   	6.000000	0.030401  	
6.500000	41.6862   	6.500000	43.875    	6.500000	44.078    	6.500000	44.078    	6.500000	44.078    	6.500000	43.8467   	6.500000	0.0283408 	
7.000000	40.1563   	7.000000	42.4165   	7.000000	42.7304   	7.000000	42.7304   	7.000000	42.7304   	7.000000	42.3899   	7.000000	0.0265557 	
7.500000	38.7422   	7.500000	41.061    	7.500000	41.4652   	7.500000	41.4652   	7.500000	41.4653   	7.500000	41.036    	7.500000	0.0249933 	
8.000000	37.4316   	8.000000	39.7961   	8.000000	40.2753   	8.000000	40.2753   	8.000000	40.2753   	8.000000	39.7725   	8.000000	0.0236135 	
8.500000	36.214    	8.500000	38.6118   	8.500000	39.1539   	8.500000	39.1539   	8.500000	39.1539   	8.500000	38.5894   	8.500000	0.0223857 	
9.000000	35.08     	9.000000	37.4992   	9.000000	38.0953   	9.000000	38.0953   	9.000000	38.0953   	9.000000	37.4779   	9.000000	0.0212856 	
9.500000	34.0213   	9.500000	36.4496   	9.500000	37.0943   	9.500000	37.0943   	9.500000	37.0943   	9.500000	36.4293   	9.500000	0.0202939 	
10.000000	33.0308   	10.000000	33.983    	10.000000	36.1462   	10.000000	36.1462   	10.000000	36.1462   	10.000000	33.9636   	10.000000	0.0193952 	
11.000000	31.2292   	11.000000	32.6713   	11.000000	34.1614   	11.000000	34.445    	11.000000	34.574    	11.000000	32.6535   	11.000000	0.0178278 	
12.000000	29.6325   	12.000000	31.4447   	12.000000	32.3996   	12.000000	32.9121   	12.000000	33.125    	12.000000	31.4282   	12.000000	0.016506  	
13.000000	28.2073   	13.000000	30.3001   	13.000000	30.826    	13.000000	31.5247   	13.000000	31.789    	13.000000	30.2847   	13.000000	0.0153755 	
14.000000	26.9269   	14.000000	29.2326   	14.000000	29.4132   	14.000000	30.2637   	14.000000	30.556    	14.000000	29.2182   	14.000000	0.0143969 	
15.000000	25.7698   	15.000000	28.2367   	15.000000	28.1392   	15.000000	29.1132   	15.000000	29.4166   	15.000000	28.2231   	15.000000	0.0135411 	
16.000000	24.7189   	16.000000	27.3064   	16.000000	26.9848   	16.000000	28.0598   	16.000000	28.3622   	16.000000	27.2937   	16.000000	0.0127859 	
17.000000	23.7597   	17.000000	26.4365   	17.000000	25.9347   	17.000000	27.0922   	17.000000	27.3851   	17.000000	26.4244   	17.000000	0.0121144 	
18.000000	22.8806   	18.000000	25.6218   	18.000000	24.9764   	18.000000	26.2008   	18.000000	26.4769   	18.000000	25.6103   	18.000000	0.0115132 	
19.000000	22.0717   	19.000000	24.8575   	19.000000	24.0991   	19.000000	25.3775   	19.000000	25.633    	19.000000	24.8465   	19.000000	0.0109715 	
20.000000	21.3246   	20.000000	24.1394   	20.000000	23.2936   	20.000000	24.6151   	20.000000	24.8479   	20.000000	24.1289   	20.000000	0.0104809 	
21.000000	20.6325   	21.000000	23.4636   	21.000000	22.5521   	21.000000	23.9076   	21.000000	24.1143   	21.000000	23.4535   	21.000000	0.0100343 	
22.000000	19.9893   	22.000000	22.8266   	22.000000	21.8684   	22.000000	23.2496   	22.000000	23.4305   	22.000000	22.817    	22.000000	0.00962602	
23.000000	19.3899   	23.000000	22.2253   	23.000000	21.2365   	23.000000	22.6365   	23.000000	22.7906   	23.000000	22.216    	23.000000	0.00925118	
24.000000	18.8299   	24.000000	21.6567   	24.000000	20.6511   	24.000000	22.0643   	24.000000	22.192    	24.000000	21.6478   	24.000000	0.0089058 	
25.000000	18.3054   	25.000000	21.1185   	25.000000	20.1073   	25.000000	21.5294   	25.000000	21.631    	25.000000	21.1099   	25.000000	0.00858647	
27.000000	17.3499   	27.000000	20.1237   	27.000000	19.1295   	27.000000	20.5591   	27.000000	20.6106   	27.000000	20.1157   	27.000000	0.00801486	
29.000000	16.5012   	29.000000	19.2249   	29.000000	18.2807   	29.000000	19.7041   	29.000000	19.7096   	29.000000	19.2174   	29.000000	0.0075178 	
31.000000	15.742    	31.000000	18.409    	31.000000	17.5432   	31.000000	18.8835   	31.000000	18.841    	31.000000	18.4019   	31.000000	0.00708141	
33.000000	15.0585   	33.000000	17.665    	33.000000	16.8761   	33.000000	18.0817   	33.000000	17.999    	33.000000	17.6583   	33.000000	0.00669505	
35.000000	14.4397   	35.000000	16.9839   	35.000000	16.2638   	35.000000	17.351    	35.000000	17.2407   	35.000000	16.9776   	35.000000	0.00635048	
38.000000	13.6137   	38.000000	16.0638   	38.000000	15.4325   	38.000000	16.3687   	38.000000	16.2339   	38.000000	16.0579   	38.000000	0.00589804	
41.000000	12.8895   	41.000000	15.2472   	41.000000	14.6892   	41.000000	15.5015   	41.000000	15.3551   	41.000000	15.2417   	41.000000	0.00550836	
44.000000	12.249    	44.000000	14.5177   	44.000000	14.0227   	44.000000	14.7303   	44.000000	14.5804   	44.000000	14.5126   	44.000000	0.00516907	
47.000000	11.6782   	47.000000	13.8621   	47.000000	13.4204   	47.000000	14.04     	47.000000	13.892    	47.000000	13.8572   	47.000000	0.00487085	
50.000000	11.1661   	50.000000	13.2696   	50.000000	12.8737   	50.000000	13.4184   	50.000000	13.2757   	50.000000	13.265    	50.000000	0.00460656	
55.000000	10.4199   	55.000000	12.3995   	55.000000	12.0682   	55.000000	12.5094   	55.000000	12.3793   	55.000000	12.3953   	55.000000	0.00422695	
60.000000	9.78179   	60.000000	11.6498   	60.000000	11.369    	60.000000	11.7298   	60.000000	11.6142   	60.000000	11.6459   	60.000000	0.00390748	
65.000000	9.2295    	65.000000	10.9972   	65.000000	10.7587   	65.000000	11.0538   	65.000000	10.953    	65.000000	10.9935   	65.000000	0.00363474	
70.000000	8.74643   	70.000000	10.4239   	70.000000	10.2205   	70.000000	10.4621   	70.000000	10.3755   	70.000000	10.4205   	70.000000	0.00339905	
75.000000	8.32009   	75.000000	9.91629   	75.000000	9.74144   	75.000000	9.93992   	75.000000	9.86932   	75.000000	9.9131    	75.000000	0.00319323	
80.000000	7.94082   	80.000000	9.46375   	80.000000	9.31427   	80.000000	9.47562   	80.000000	9.41967   	80.000000	9.46073   	80.000000	0.00301189	
85.000000	7.60107   	85.000000	9.05776   	85.000000	8.92985   	85.000000	9.06014   	85.000000	9.01704   	85.000000	9.05491   	85.000000	0.00285084	
90.000000	7.29484   	90.000000	8.69151   	90.000000	8.58197   	90.000000	8.68618   	90.000000	8.6545    	90.000000	8.68881   	90.000000	0.00270682	
95.000000	7.01729   	95.000000	8.35945   	95.000000	8.26561   	95.000000	8.34781   	95.000000	8.32673   	95.000000	8.35687   	95.000000	0.00257721	
100.000000	6.76448   	100.000000	8.057     	100.000000	7.97662   	100.000000	8.04021   	100.000000	8.02866   	100.000000	8.05454   	100.000000	0.00245995	
105.000000	6.53318   	105.000000	7.78038   	105.000000	7.71241   	105.000000	7.75937   	105.000000	7.75627   	105.000000	7.77803   	105.000000	0.00235331	
110.000000	6.32068   	110.000000	7.52643   	110.000000	7.46915   	110.000000	7.50195   	110.000000	7.50701   	110.000000	7.52418   	110.000000	0.0022559 	
115.000000	6.12473   	115.000000	7.29248   	115.000000	7.24502   	115.000000	7.26515   	115.000000	7.27707   	115.000000	7.29031   	115.000000	0.00216655	
120.000000	5.94342   	120.000000	7.07625   	120.000000	7.03756   	120.000000	7.0466    	120.000000	7.06515   	120.000000	7.07417   	120.000000	0.0020843 	
125.000000	5.77514   	125.000000	6.87582   	125.000000	6.84486   	125.000000	6.84426   	125.000000	6.86852   	125.000000	6.87381   	125.000000	0.00200831	
130.000000	5.61849   	130.000000	6.68951   	130.000000	6.66585   	130.000000	6.65642   	130.000000	6.68615   	130.000000	6.68757   	130.000000	0.00193788	
135.000000	5.47228   	135.000000	6.51589   	135.000000	6.49864   	135.000000	6.48156   	135.000000	6.51598   	135.000000	6.51402   	135.000000	0.00187243	
140.000000	5.33547   	140.000000	6.35371   	140.000000	6.34185   	140.000000	6.31841   	140.000000	6.35747   	140.000000	6.3519    	140.000000	0.00181143	
145.000000	5.20716   	145.000000	6.20189   	145.000000	6.19516   	145.000000	6.16582   	145.000000	6.20869   	145.000000	6.20013   	145.000000	0.00175443	
150.000000	5.08657   	150.000000	6.05945   	150.000000	6.05801   	150.000000	6.0228    	150.000000	6.06953   	150.000000	6.05775   	150.000000	0.00170106	
155.000000	4.91494   	155.000000	5.92556   	155.000000	5.92838   	155.000000	5.88849   	155.000000	5.93859   	155.000000	5.92391   	155.000000	0.00165097	
160.000000	4.81523   	160.000000	5.79948   	160.000000	5.80608   	160.000000	5.76213   	160.000000	5.81533   	160.000000	5.79788   	160.000000	0.00160386	
165.000000	4.72107   	165.000000	5.68055   	165.000000	5.69121   	165.000000	5.64302   	165.000000	5.69925   	165.000000	5.67899   	165.000000	0.00155947	
170.000000	4.632     	170.000000	5.56818   	170.000000	5.58247   	170.000000	5.53058   	170.000000	5.58928   	170.000000	5.56666   	170.000000	0.00151758	
175.000000	4.5476    	175.000000	5.46184   	175.000000	5.47932   	175.000000	5.42425   	175.000000	5.48541   	175.000000	5.46036   	175.000000	0.00147796	
180.000000	4.46752   	180.000000	5.36106   	180.000000	5.38167   	180.000000	5.32356   	180.000000	5.387     	180.000000	5.35962   	180.000000	0.00144044	
185.000000	4.39142   	185.000000	5.26542   	185.000000	5.28892   	185.000000	5.22808   	185.000000	5.29345   	185.000000	5.26401   	185.000000	0.00140486	
190.000000	4.31902   	190.000000	5.17454   	190.000000	5.20056   	190.000000	5.13741   	190.000000	5.2047    	190.000000	5.17317   	190.000000	0.00137106	
195.000000	4.25005   	195.000000	5.08807   	195.000000	5.11644   	195.000000	5.0512    	195.000000	5.12028   	195.000000	5.08673   	195.000000	0.00133892	
200.000000	4.18427   	200.000000	5.00571   	200.000000	5.03639   	200.000000	4.96914   	200.000000	5.03972   	200.000000	5.0044    	200.000000	0.00130831	
210.000000	4.06142   	210.000000	4.85219   	210.000000	4.8873    	210.000000	4.81632   	210.000000	4.88985   	210.000000	4.85094   	210.000000	0.00125126	
220.000000	3.94895   	220.000000	4.712     	220.000000	4.75067   	220.000000	4.67695   	220.000000	4.75277   	220.000000	4.7108    	220.000000	0.00119916	
230.000000	3.84559   	230.000000	4.58349   	230.000000	4.62584   	230.000000	4.54935   	230.000000	4.62731   	230.000000	4.58234   	230.000000	0.00115139	
240.000000	3.75027   	240.000000	4.46527   	240.000000	4.51093   	240.000000	4.4321    	240.000000	4.51179   	240.000000	4.46416   	240.000000	0.00110743	
250.000000	3.66208   	250.000000	4.35617   	250.000000	4.40436   	250.000000	4.32402   	250.000000	4.40528   	250.000000	4.35511   	250.000000	0.00106682	
260.000000	3.58026   	260.000000	4.25519   	260.000000	4.3059    	260.000000	4.22409   	260.000000	4.30663   	260.000000	4.25416   	260.000000	0.0010292 	
270.000000	3.50413   	270.000000	4.16146   	270.000000	4.21475   	270.000000	4.13144   	270.000000	4.21517   	270.000000	4.16047   	270.000000	0.000994238	
280.000000	3.43312   	280.000000	4.07424   	280.000000	4.12962   	280.000000	4.04532   	280.000000	4.12997   	280.000000	4.07328   	280.000000	0.000961665	
290.000000	3.36674   	290.000000	3.99289   	290.000000	4.05029   	290.000000	3.96507   	290.000000	4.05066   	290.000000	3.99196   	290.000000	0.000931239	
300.000000	3.30455   	300.000000	3.91685   	300.000000	3.97617   	300.000000	3.89014   	300.000000	3.97635   	300.000000	3.91594   	300.000000	0.000902752	
310.000000	3.24616   	310.000000	3.84561   	310.000000	3.90681   	310.000000	3.82002   	310.000000	3.90689   	310.000000	3.84474   	310.000000	0.000876021	
320.000000	3.19125   	320.000000	3.77876   	320.000000	3.84177   	320.000000	3.75427   	320.000000	3.84167   	320.000000	3.7779    	320.000000	0.000850888	
330.000000	3.13951   	330.000000	3.7159    	330.000000	3.78041   	330.000000	3.69252   	330.000000	3.78035   	330.000000	3.71507   	330.000000	0.000827211	
340.000000	3.09068   	340.000000	3.65669   	340.000000	3.72264   	340.000000	3.63442   	340.000000	3.7227    	340.000000	3.65589   	340.000000	0.000804866	
350.000000	3.04452   	350.000000	3.60085   	350.000000	3.66841   	350.000000	3.57966   	350.000000	3.66822   	350.000000	3.60006   	350.000000	0.000783742	
360.000000	3.00083   	360.000000	3.54809   	360.000000	3.61712   	360.000000	3.52798   	360.000000	3.61681   	360.000000	3.54732   	360.000000	0.00076374	
370.000000	2.95942   	370.000000	3.49817   	370.000000	3.56846   	370.000000	3.47913   	370.000000	3.56827   	370.000000	3.49743   	370.000000	0.000744772	
380.000000	2.92012   	380.000000	3.45089   	380.000000	3.5224    	380.000000	3.4329    	380.000000	3.52216   	380.000000	3.45016   	380.000000	0.000726759	
390.000000	2.88277   	390.000000	3.40603   	390.000000	3.47876   	390.000000	3.38909   	390.000000	3.47851   	390.000000	3.40532   	390.000000	0.000709629	
400.000000	2.84724   	400.000000	3.36344   	400.000000	3.43734   	400.000000	3.34753   	400.000000	3.43712   	400.000000	3.36275   	400.000000	0.000693319	
410.000000	2.81339   	410.000000	3.32294   	410.000000	3.39799   	410.000000	3.30804   	410.000000	3.39769   	410.000000	3.32226   	410.000000	0.00067777	
420.000000	2.78113   	420.000000	3.2844    	420.000000	3.36059   	420.000000	3.2705    	420.000000	3.3602    	420.000000	3.28373   	420.000000	0.00066293	
430.000000	2.75034   	430.000000	3.24767   	430.000000	3.32493   	430.000000	3.23476   	430.000000	3.32455   	430.000000	3.24702   	430.000000	0.00064875	
440.000000	2.72093   	440.000000	3.21265   	440.000000	3.29081   	440.000000	3.2007    	440.000000	3.29053   	440.000000	3.21201   	440.000000	0.000635186	
450.000000	2.69281   	450.000000	3.17922   	450.000000	3.25825   	450.000000	3.16822   	450.000000	3.25804   	450.000000	3.1786    	450.000000	0.0006222 	
460.000000	2.6659    	460.000000	3.14728   	460.000000	3.22726   	460.000000	3.13721   	460.000000	3.22704   	460.000000	3.14667   	460.000000	0.000609754	
470.000000	2.64014   	470.000000	3.11674   	470.000000	3.19772   	470.000000	3.10759   	470.000000	3.19745   	470.000000	3.11614   	470.000000	0.000597814	
480.000000	2.61544   	480.000000	3.08751   	480.000000	3.16942   	480.000000	3.07926   	480.000000	3.16907   	480.000000	3.08692   	480.000000	0.000586351	
490.000000	2.59176   	490.000000	3.05952   	490.000000	3.14224   	490.000000	3.05216   	490.000000	3.14191   	490.000000	3.05895   	490.000000	0.000575336	
500.000000	2.56903   	500.000000	3.03269   	500.000000	3.11617   	500.000000	3.0262    	500.000000	3.11593   	500.000000	3.03213   	500.000000	0.000564742	
520.000000	2.52622   	520.000000	2.98227   	520.000000	3.06725   	520.000000	2.97746   	520.000000	3.06709   	520.000000	2.98173   	520.000000	0.000544726	
540.000000	2.48664   	540.000000	2.93578   	540.000000	3.02221   	540.000000	2.93258   	540.000000	3.02207   	540.000000	2.93525   	540.000000	0.000526131	
560.000000	2.44997   	560.000000	2.89279   	560.000000	2.9806    	560.000000	2.89114   	560.000000	2.98051   	560.000000	2.89229   	560.000000	0.000508808	
580.000000	2.41591   	580.000000	2.85297   	580.000000	2.94209   	580.000000	2.8528    	580.000000	2.94199   	580.000000	2.85248   	580.000000	0.000492631	
600.000000	2.38422   	600.000000	2.81601   	600.000000	2.90637   	600.000000	2.81724   	600.000000	2.90631   	600.000000	2.81553   	600.000000	0.000477487	
620.000000	2.35469   	620.000000	2.78162   	620.000000	2.87317   	620.000000	2.78421   	620.000000	2.87305   	620.000000	2.78116   	620.000000	0.000463279	
640.000000	2.32712   	640.000000	2.74959   	640.000000	2.84224   	640.000000	2.75346   	640.000000	2.84213   	640.000000	2.74914   	640.000000	0.000449923	
660.000000	2.30135   	660.000000	2.7197    	660.000000	2.81343   	660.000000	2.72479   	660.000000	2.81328   	660.000000	2.71927   	660.000000	0.000437343	
680.000000	2.27722   	680.000000	2.69177   	680.000000	2.78652   	680.000000	2.69801   	680.000000	2.7863    	680.000000	2.69135   	680.000000	0.000425472	
700.000000	2.2546    	700.000000	2.66563   	700.000000	2.76127   	700.000000	2.67297   	700.000000	2.76109   	700.000000	2.66522   	700.000000	0.000414252	
720.000000	2.23338   	720.000000	2.64115   	720.000000	2.73752   	720.000000	2.64951   	720.000000	2.73743   	720.000000	2.64074   	720.000000	0.000403629	
740.000000	2.21345   	740.000000	2.61818   	740.000000	2.71528   	740.000000	2.62751   	740.000000	2.71524   	740.000000	2.61778   	740.000000	0.000393557	
760.000000	2.19471   	760.000000	2.59661   	760.000000	2.69449   	760.000000	2.60685   	760.000000	2.69442   	760.000000	2.59622   	760.000000	0.000383993	
780.000000	2.17707   	780.000000	2.57634   	780.000000	2.67494   	780.000000	2.58743   	780.000000	2.67481   	780.000000	2.57596   	780.000000	0.0003749 	
800.000000	2.16046   	800.000000	2.55727   	800.000000	2.65647   	800.000000	2.56916   	800.000000	2.65634   	800.000000	2.5569    	800.000000	0.000366243	
820.000000	2.14481   	820.000000	2.53931   	820.000000	2.63901   	820.000000	2.55194   	820.000000	2.63896   	820.000000	2.53895   	820.000000	0.000357991	
840.000000	2.13005   	840.000000	2.5224    	840.000000	2.62258   	840.000000	2.53571   	840.000000	2.62256   	840.000000	2.52205   	840.000000	0.000350115	
860.000000	2.11613   	860.000000	2.50645   	860.000000	2.60714   	860.000000	2.52039   	860.000000	2.60706   	860.000000	2.50611   	860.000000	0.000342592	
880.000000	2.10298   	880.000000	2.4914    	880.000000	2.59257   	880.000000	2.50592   	880.000000	2.59243   	880.000000	2.49107   	880.000000	0.000335396	
900.000000	2.09057   	900.000000	2.4772    	900.000000	2.57877   	900.000000	2.49225   	900.000000	2.57861   	900.000000	2.47688   	900.000000	0.000328507	
920.000000	2.07884   	920.000000	2.46379   	920.000000	2.56566   	920.000000	2.47931   	920.000000	2.56549   	920.000000	2.46347   	920.000000	0.000321906	
940.000000	2.06775   	940.000000	2.45113   	940.000000	2.55322   	940.000000	2.46706   	940.000000	2.55308   	940.000000	2.45081   	940.000000	0.000315574	
960.000000	2.05728   	960.000000	2.43915   	960.000000	2.54143   	960.000000	2.45546   	960.000000	2.54134   	960.000000	2.43884   	960.000000	0.000309495	
980.000000	2.04737   	980.000000	2.42783   	980.000000	2.53026   	980.000000	2.44446   	980.000000	2.53021   	980.000000	2.42753   	980.000000	0.000303654	
1000.000000	2.03801   	1000.000000	2.41713   	1000.000000	2.51967   	1000.000000	2.43403   	1000.000000	2.51961   	1000.000000	2.41683   	1000.000000	0.000298038	
1020.000000	2.02916   	1020.000000	2.40701   	1020.000000	2.50963   	1020.000000	2.42413   	1020.000000	2.50957   	1020.000000	2.40672   	1020.000000	0.000292633	
1040.000000	2.02079   	1040.000000	2.39743   	1040.000000	2.50009   	1040.000000	2.41474   	1040.000000	2.50005   	1040.000000	2.39715   	1040.000000	0.000287427	
1060.000000	2.01288   	1060.000000	2.38838   	1060.000000	2.49102   	1060.000000	2.40582   	1060.000000	2.49102   	1060.000000	2.38809   	1060.000000	0.00028241	
1080.000000	2.0054    	1080.000000	2.37981   	1080.000000	2.4824    	1080.000000	2.39734   	1080.000000	2.48239   	1080.000000	2.37953   	1080.000000	0.000277571	
1100.000000	1.99833   	1100.000000	2.3717    	1100.000000	2.47421   	1100.000000	2.38928   	1100.000000	2.47419   	1100.000000	2.37143   	1100.000000	0.000272902	
1120.000000	1.99165   	1120.000000	2.36404   	1120.000000	2.46642   	1120.000000	2.38161   	1120.000000	2.46641   	1120.000000	2.36377   	1120.000000	0.000268392	
1140.000000	1.98535   	1140.000000	2.35679   	1140.000000	2.459     	1140.000000	2.37432   	1140.000000	2.45901   	1140.000000	2.35652   	1140.000000	0.000264034	
1160.000000	1.9794    	1160.000000	2.34993   	1160.000000	2.45194   	1160.000000	2.36739   	1160.000000	2.45196   	1160.000000	2.34967   	1160.000000	0.000259821	
1180.000000	1.97378   	1180.000000	2.34345   	1180.000000	2.44522   	1180.000000	2.36078   	1180.000000	2.44523   	1180.000000	2.34319   	1180.000000	0.000255745	
1200.000000	1.96849   	1200.000000	2.33733   	1200.000000	2.43882   	1200.000000	2.3545    	1200.000000	2.43883   	1200.000000	2.33707   	1200.000000	0.000251799	
1220.000000	1.9635    	1220.000000	2.33154   	1220.000000	2.43273   	1220.000000	2.34851   	1220.000000	2.43274   	1220.000000	2.33129   	1220.000000	0.000247977	
1240.000000	1.95881   	1240.000000	2.32608   	1240.000000	2.42692   	1240.000000	2.34281   	1240.000000	2.42695   	1240.000000	2.32584   	1240.000000	0.000244274	
1260.000000	1.95439   	1260.000000	2.32093   	1260.000000	2.42138   	1260.000000	2.33737   	1260.000000	2.4214    	1260.000000	2.32069   	1260.000000	0.000240684	
1280.000000	1.95024   	1280.000000	2.31607   	1280.000000	2.41611   	1280.000000	2.3322    	1280.000000	2.41612   	1280.000000	2.31583   	1280.000000	0.000237201	
1300.000000	1.94635   	1300.000000	2.31149   	1300.000000	2.41108   	1300.000000	2.32727   	1300.000000	2.41109   	1300.000000	2.31126   	1300.000000	0.000233821	
1320.000000	1.94271   	1320.000000	2.30719   	1320.000000	2.40628   	1320.000000	2.32257   	1320.000000	2.4063    	1320.000000	2.30695   	1320.000000	0.00023054	
1340.000000	1.93929   	1340.000000	2.30313   	1340.000000	2.40171   	1340.000000	2.31809   	1340.000000	2.40173   	1340.000000	2.30291   	1340.000000	0.000227353	
1360.000000	1.93611   	1360.000000	2.29933   	1360.000000	2.39735   	1360.000000	2.31382   	1360.000000	2.39738   	1360.000000	2.2991    	1360.000000	0.000224255	
1380.000000	1.93314   	1380.000000	2.29575   	1380.000000	2.39319   	1380.000000	2.30975   	1380.000000	2.39321   	1380.000000	2.29553   	1380.000000	0.000221245	
1400.000000	1.93038   	1400.000000	2.29241   	1400.000000	2.38923   	1400.000000	2.30587   	1400.000000	2.38924   	1400.000000	2.29219   	1400.000000	0.000218316	
1420.000000	1.92781   	1420.000000	2.28927   	1420.000000	2.38546   	1420.000000	2.30217   	1420.000000	2.38546   	1420.000000	2.28906   	1420.000000	0.000215467	
1440.000000	1.92544   	1440.000000	2.28635   	1440.000000	2.38186   	1440.000000	2.29865   	1440.000000	2.38186   	1440.000000	2.28614   	1440.000000	0.000212694	
1460.000000	1.92325   	1460.000000	2.28362   	1460.000000	2.37843   	1460.000000	2.29529   	1460.000000	2.37843   	1460.000000	2.28341   	1460.000000	0.000209994	
1480.000000	1.92125   	1480.000000	2.28108   	1480.000000	2.37516   	1480.000000	2.29209   	1480.000000	2.37515   	1480.000000	2.28088   	1480.000000	0.000207364	
1500.000000	1.91941   	1500.000000	2.27873   	1500.000000	2.37204   	1500.000000	2.28905   	1500.000000	2.37202   	1500.000000	2.27853   	1500.000000	0.000204801	
1520.000000	1.91773   	1520.000000	2.27655   	1520.000000	2.36907   	1520.000000	2.28615   	1520.000000	2.36904   	1520.000000	2.27635   	1520.000000	0.000202304	
1540.000000	1.91622   	1540.000000	2.27454   	1540.000000	2.36624   	1540.000000	2.28338   	1540.000000	2.3662    	1540.000000	2.27434   	1540.000000	0.000199868	
1560.000000	1.91486   	1560.000000	2.2727    	1560.000000	2.36354   	1560.000000	2.28075   	1560.000000	2.3635    	1560.000000	2.2725    	1560.000000	0.000197493	
1580.000000	1.91365   	1580.000000	2.27101   	1580.000000	2.36097   	1580.000000	2.27825   	1580.000000	2.36094   	1580.000000	2.27081   	1580.000000	0.000195175	
1600.000000	1.91258   	1600.000000	2.26947   	1600.000000	2.35851   	1600.000000	2.27586   	1600.000000	2.35848   	1600.000000	2.26928   	1600.000000	0.000192913	
1620.000000	1.91165   	1620.000000	2.26807   	1620.000000	2.35617   	1620.000000	2.2736    	1620.000000	2.35614   	1620.000000	2.26788   	1620.000000	0.000190705	
1640.000000	1.91085   	1640.000000	2.26682   	1640.000000	2.35394   	1640.000000	2.27144   	1640.000000	2.35392   	1640.000000	2.26663   	1640.000000	0.000188548	
1660.000000	1.91018   	1660.000000	2.2657    	1660.000000	2.35182   	1660.000000	2.2694    	1660.000000	2.3518    	1660.000000	2.26551   	1660.000000	0.000186441	
1680.000000	1.90963   	1680.000000	2.26471   	1680.000000	2.3498    	1680.000000	2.26745   	1680.000000	2.3498    	1680.000000	2.26453   	1680.000000	0.000184383	
1700.000000	1.90921   	1700.000000	2.26385   	1700.000000	2.34788   	1700.000000	2.26561   	1700.000000	2.3479    	1700.000000	2.26367   	1700.000000	0.000182371	
1750.000000	1.90866   	1750.000000	2.26221   	1750.000000	2.34349   	1750.000000	2.2614    	1750.000000	2.34354   	1750.000000	2.26203   	1750.000000	0.000177535	
1800.000000	1.90878   	1800.000000	2.26127   	1800.000000	2.33965   	1800.000000	2.25773   	1800.000000	2.33972   	1800.000000	2.2611    	1800.000000	0.000172957	
1850.000000	1.90953   	1850.000000	2.26097   	1850.000000	2.33633   	1850.000000	2.25454   	1850.000000	2.33641   	1850.000000	2.2608    	1850.000000	0.000168617	
1900.000000	1.91086   	1900.000000	2.26125   	1900.000000	2.33346   	1900.000000	2.25179   	1900.000000	2.33353   	1900.000000	2.26109   	1900.000000	0.000164497	
1950.000000	1.91273   	1950.000000	2.26209   	1950.000000	2.331     	1950.000000	2.24945   	1950.000000	2.33106   	1950.000000	2.26193   	1950.000000	0.00016058	
2000.000000	1.91511   	2000.000000	2.26342   	2000.000000	2.32892   	2000.000000	2.24747   	2000.000000	2.32897   	2000.000000	2.26326   	2000.000000	0.000156852	
2100.000000	1.92125   	2100.000000	2.26746   	2100.000000	2.32576   	2100.000000	2.24448   	2100.000000	2.32576   	2100.000000	2.26731   	2100.000000	0.000149908	
2200.000000	1.92905   	2200.000000	2.27311   	2200.000000	2.32373   	2200.000000	2.24261   	2200.000000	2.32371   	2200.000000	2.27297   	2200.000000	0.000143572	
2300.000000	1.93833   	2300.000000	2.28018   	2300.000000	2.32264   	2300.000000	2.24168   	2300.000000	2.32258   	2300.000000	2.28004   	2300.000000	0.000137767	
2400.000000	1.94891   	2400.000000	2.28846   	2400.000000	2.32235   	2400.000000	2.24153   	2400.000000	2.32228   	2400.000000	2.28833   	2400.000000	0.000132427	
2500.000000	1.96067   	2500.000000	2.29784   	2500.000000	2.32273   	2500.000000	2.24206   	2500.000000	2.32265   	2500.000000	2.29771   	2500.000000	0.000127499	
2600.000000	1.97348   	2600.000000	2.30816   	2600.000000	2.32368   	2600.000000	2.24315   	2600.000000	2.32361   	2600.000000	2.30804   	2600.000000	0.000122936	
2700.000000	1.98726   	2700.000000	2.31933   	2700.000000	2.32511   	2700.000000	2.24473   	2700.000000	2.32504   	2700.000000	2.31922   	2700.000000	0.000118699	
2800.000000	2.00191   	2800.000000	2.33126   	2800.000000	2.32696   	2800.000000	2.24672   	2800.000000	2.32692   	2800.000000	2.33115   	2800.000000	0.000114753	
2900.000000	2.01735   	2900.000000	2.34387   	2900.000000	2.32917   	2900.000000	2.24906   	2900.000000	2.32914   	2900.000000	2.34376   	2900.000000	0.00011107	
3000.000000	2.03354   	3000.000000	2.35708   	3000.000000	2.33168   	3000.000000	2.2517    	3000.000000	2.33167   	3000.000000	2.35697   	3000.000000	0.000107623	
3200.000000	2.06789   	3200.000000	2.38509   	3200.000000	2.33746   	3200.000000	2.25771   	3200.000000	2.33749   	3200.000000	2.38499   	3200.000000	0.000101352	
3400.000000	2.10458   	3400.000000	2.41491   	3400.000000	2.34402   	3400.000000	2.26447   	3400.000000	2.34408   	3400.000000	2.41481   	3400.000000	9.57934e-05	
3600.000000	2.14332   	3600.000000	2.4462    	3600.000000	2.35115   	3600.000000	2.27178   	3600.000000	2.35123   	3600.000000	2.44611   	3600.000000	9.08304e-05	
3800.000000	2.18387   	3800.000000	2.47875   	3800.000000	2.3587    	3800.000000	2.27948   	3800.000000	2.35878   	3800.000000	2.47866   	3800.000000	8.63714e-05	
4000.000000	2.22605   	4000.000000	2.51234   	4000.000000	2.36653   	4000.000000	2.28744   	4000.000000	2.36661   	4000.000000	2.51225   	4000.000000	8.23427e-05	
4200.000000	2.26969   	4200.000000	2.54682   	4200.000000	2.37456   	4200.000000	2.29559   	4200.000000	2.37464   	4200.000000	2.54674   	4200.000000	7.86842e-05	
4400.000000	2.31467   	4400.000000	2.58206   	4400.000000	2.38271   	4400.000000	2.30384   	4400.000000	2.38277   	4400.000000	2.58198   	4400.000000	7.53466e-05	
4600.000000	2.36088   	4600.000000	2.61795   	4600.000000	2.39093   	4600.000000	2.31216   	4600.000000	2.39098   	4600.000000	2.61788   	4600.000000	7.2289e-05	
4800.000000	2.40823   	4800.000000	2.65441   	4800.000000	2.39917   	4800.000000	2.32049   	4800.000000	2.39921   	4800.000000	2.65434   	4800.000000	6.94774e-05	
5000.000000	2.45665   	5000.000000	2.69135   	5000.000000	2.4074    	5000.000000	2.3288    	5000.000000	2.40742   	5000.000000	2.69129   	5000.000000	6.68828e-05	
5250.000000	2.51858   	5250.000000	2.73813   	5250.000000	2.41764   	5250.000000	2.33913   	5250.000000	2.41763   	5250.000000	2.73807   	5250.000000	6.3908e-05	
5500.000000	2.58197   	5500.000000	2.78548   	5500.000000	2.42778   	5500.000000	2.34937   	5500.000000	2.42775   	5500.000000	2.78541   	5500.000000	6.11942e-05	
6000.000000	2.71282   	6000.000000	2.88154   	6000.000000	2.44765   	6000.000000	2.36944   	6000.000000	2.4476    	6000.000000	2.88148   	6000.000000	5.64225e-05	
6500.000000	2.84863   	6500.000000	2.97902   	6500.000000	2.46675   	6500.000000	2.38889   	6500.000000	2.46684   	6500.000000	2.97897   	6500.000000	5.23606e-05	
7000.000000	2.98901   	7000.000000	3.07757   	7000.000000	2.48539   	7000.000000	2.40766   	7000.000000	2.48541   	7000.000000	3.07752   	7000.000000	4.88599e-05	
7500.000000	3.13369   	7500.000000	3.1769    	7500.000000	2.50336   	7500.000000	2.42575   	7500.000000	2.50329   	7500.000000	3.17686   	7500.000000	4.58105e-05	
8000.000000	3.28242   	8000.000000	3.27683   	8000.000000	2.52047   	8000.000000	2.44315   	8000.000000	2.52049   	8000.000000	3.27679   	8000.000000	4.31296e-05	
8500.000000	3.43505   	8500.000000	3.37722   	8500.000000	2.53695   	8500.000000	2.45989   	8500.000000	2.53702   	8500.000000	3.37718   	8500.000000	4.07538e-05	
9000.000000	3.59145   	9000.000000	3.47794   	9000.000000	2.5529    	9000.000000	2.476     	9000.000000	2.55292   	9000.000000	3.4779    	9000.000000	3.86333e-05	
9500.000000	3.7515    	9500.000000	3.57891   	9500.000000	2.56824   	9500.000000	2.49151   	9500.000000	2.56822   	9500.000000	3.57888   	9500.000000	3.67286e-05	
10000.000000	3.91514   	10000.000000	3.68007   	10000.000000	2.58295   	10000.000000	2.50645   	10000.000000	2.58293   	10000.000000	3.68004   	10000.000000	3.50081e-05	
11000.000000	4.25289   	11000.000000	3.88274   	11000.000000	2.6107    	11000.000000	2.53474   	11000.000000	2.61078   	11000.000000	3.88271   	11000.000000	3.20214e-05	
12000.000000	4.6043    	12000.000000	4.08564   	12000.000000	2.63652   	12000.000000	2.56113   	12000.000000	2.63668   	12000.000000	4.08561   	12000.000000	2.95168e-05	
13000.000000	4.96912   	13000.000000	4.28857   	13000.000000	2.66071   	13000.000000	2.58582   	13000.000000	2.66087   	13000.000000	4.28855   	13000.000000	2.73854e-05	
14000.000000	5.34715   	14000.000000	4.4914    	14000.000000	2.68346   	14000.000000	2.609     	14000.000000	2.68352   	14000.000000	4.49138   	14000.000000	2.5549e-05	
15000.000000	5.7383    	15000.000000	4.69404   	15000.000000	2.70489   	15000.000000	2.63083   	15000.000000	2.70479   	15000.000000	4.69402   	15000.000000	2.39497e-05	
16000.000000	6.14247   	16000.000000	4.89644   	16000.000000	2.72503   	16000.000000	2.65146   	16000.000000	2.72483   	16000.000000	4.89642   	16000.000000	2.2544e-05	
17000.000000	6.55963   	17000.000000	5.09855   	17000.000000	2.74397   	17000.000000	2.67099   	17000.000000	2.74376   	17000.000000	5.09853   	17000.000000	2.12985e-05	
18000.000000	6.98976   	18000.000000	5.30035   	18000.000000	2.76186   	18000.000000	2.68955   	18000.000000	2.76168   	18000.000000	5.30033   	18000.000000	2.0187e-05	
19000.000000	7.43284   	19000.000000	5.50183   	19000.000000	2.77879   	19000.000000	2.70721   	19000.000000	2.77867   	19000.000000	5.50181   	19000.000000	1.91888e-05	
20000.000000	7.88889   	20000.000000	5.70297   	20000.000000	2.79488   	20000.000000	2.72405   	20000.000000	2.79483   	20000.000000	5.70295   	20000.000000	1.82874e-05	
21000.000000	8.35793   	21000.000000	5.90378   	21000.000000	2.81021   	21000.000000	2.74015   	21000.000000	2.81022   	21000.000000	5.90376   	21000.000000	1.7469e-05	
22000.000000	8.83998   	22000.000000	6.10425   	22000.000000	2.82484   	22000.000000	2.75557   	22000.000000	2.8249    	22000.000000	6.10423   	22000.000000	1.67228e-05	
23000.000000	9.33507   	23000.000000	6.30438   	23000.000000	2.83886   	23000.000000	2.77036   	23000.000000	2.83894   	23000.000000	6.30437   	23000.000000	1.60394e-05	
24000.000000	9.84325   	24000.000000	6.50418   	24000.000000	2.85231   	24000.000000	2.78457   	24000.000000	2.85235   	24000.000000	6.50417   	24000.000000	1.54112e-05	
25000.000000	10.3646   	25000.000000	6.70365   	25000.000000	2.86522   	25000.000000	2.79824   	25000.000000	2.86523   	25000.000000	6.70364   	25000.000000	1.48316e-05	
26000.000000	10.899    	26000.000000	6.9028    	26000.000000	2.87757   	26000.000000	2.81142   	26000.000000	2.87756   	26000.000000	6.90279   	26000.000000	1.42953e-05	
27000.000000	11.4468   	27000.000000	7.10163   	27000.000000	2.8894    	27000.000000	2.82413   	27000.000000	2.88943   	27000.000000	7.10162   	27000.000000	1.37974e-05	
28000.000000	12.0078   	28000.000000	7.30015   	28000.000000	2.90078   	28000.000000	2.8364    	28000.000000	2.90082   	28000.000000	7.30014   	28000.000000	1.3334e-05	
29000.000000	12.5821   	29000.000000	7.49837   	29000.000000	2.91176   	29000.000000	2.84827   	29000.000000	2.91181   	29000.000000	7.49835   	29000.000000	1.29016e-05	
30000.000000	13.1698   	30000.000000	7.69628   	30000.000000	2.92237   	30000.000000	2.85977   	30000.000000	2.92238   	30000.000000	7.69627   	30000.000000	1.2497e-05	
32000.000000	14.3858   	32000.000000	8.09125   	32000.000000	2.94247   	32000.000000	2.8817    	32000.000000	2.94243   	32000.000000	8.09124   	32000.000000	1.17616e-05	
34000.000000	15.656    	34000.000000	8.4851    	34000.000000	2.96118   	34000.000000	2.90237   	34000.000000	2.96113   	34000.000000	8.48509   	34000.000000	1.111e-05 	
36000.000000	16.9812   	36000.000000	8.87789   	36000.000000	2.97865   	36000.000000	2.92192   	36000.000000	2.97864   	36000.000000	8.87788   	36000.000000	1.05287e-05	
38000.000000	18.3618   	38000.000000	9.26965   	38000.000000	2.99504   	38000.000000	2.94045   	38000.000000	2.99507   	38000.000000	9.26964   	38000.000000	1.00067e-05	
40000.000000	19.7984   	40000.000000	9.66045   	40000.000000	3.01046   	40000.000000	2.95806   	40000.000000	3.01053   	40000.000000	9.66044   	40000.000000	9.53534e-06	
42000.000000	21.2916   	42000.000000	10.0503   	42000.000000	3.02503   	42000.000000	2.97485   	42000.000000	3.02508   	42000.000000	10.0503   	42000.000000	9.10753e-06	
44000.000000	22.8419   	44000.000000	10.4393   	44000.000000	3.03884   	44000.000000	2.99089   	44000.000000	3.03886   	44000.000000	10.4393   	44000.000000	8.71745e-06	
46000.000000	24.45     	46000.000000	10.8274   	46000.000000	3.05199   	46000.000000	3.00624   	46000.000000	3.05186   	46000.000000	10.8274   	46000.000000	8.36027e-06	
48000.000000	26.1165   	48000.000000	11.2147   	48000.000000	3.06452   	48000.000000	3.02095   	48000.000000	3.06421   	48000.000000	11.2147   	48000.000000	8.03197e-06	
50000.000000	27.8419   	50000.000000	11.6012   	50000.000000	3.07637   	50000.000000	3.03508   	50000.000000	3.07591   	50000.000000	11.6012   	50000.000000	7.72914e-06	
