! 83Br energy loss (dE/dX) in He
! apply ZOOM for details
Energy (MeV/u)1	0 - [He-base] F.Hubert et al, AD&ND Tables 46(1990)1	Energy (MeV/u)2	1 - [H -base] J.F.Ziegler et al,Pergamon Press,NY(low energy)	Energy (MeV/u)3	2 - ATIMA 1.2 LS-theory (recommended for high energy)	Energy (MeV/u)4	3 - ATIMA 1.2 without LS-correction	Energy (MeV/u)5	4 - ATIMA 1.4 H.Weick, improved mean charge formula for HI	Energy (MeV/u)6	5 - electrical component of [1] - J.F.Ziegler et al	Energy (MeV/u)7	6 - nuclear component of [1] - J.F.Ziegler et al	
0.001000	9.75359   	0.001000	11.506    	0.001000	10.0271   	0.001000	10.0271   	0.001000	10.0277   	0.001000	2.9579    	0.001000	8.54806   	
0.002000	9.97454   	0.002000	11.5536   	0.002000	9.80932   	0.002000	9.80932   	0.002000	9.80977   	0.002000	3.83592   	0.002000	7.71773   	
0.005000	10.0487   	0.005000	11.2279   	0.005000	9.12608   	0.005000	9.12608   	0.005000	9.12636   	0.005000	5.40876   	0.005000	5.81913   	
0.008000	10.237    	0.008000	11.1851   	0.008000	8.91683   	0.008000	8.91683   	0.008000	8.91704   	0.008000	6.45123   	0.008000	4.73389   	
0.010000	10.4097   	0.010000	11.2511   	0.010000	8.91344   	0.010000	8.91344   	0.010000	8.91362   	0.010000	7.01429   	0.010000	4.2368    	
0.015000	10.9045   	0.015000	11.5644   	0.015000	9.12585   	0.015000	9.12585   	0.015000	9.12598   	0.015000	8.16616   	0.015000	3.39819   	
0.020000	11.4204   	0.020000	11.9639   	0.020000	9.48125   	0.020000	9.48125   	0.020000	9.48135   	0.020000	9.09641   	0.020000	2.86754   	
0.025000	11.9259   	0.025000	12.3871   	0.025000	9.89113   	0.025000	9.89113   	0.025000	9.89122   	0.025000	9.89034   	0.025000	2.4968    	
0.030000	12.4118   	0.030000	12.8111   	0.030000	10.321    	0.030000	10.321    	0.030000	10.321    	0.030000	10.5902   	0.030000	2.22088   	
0.035000	12.8762   	0.035000	13.2267   	0.035000	10.7554   	0.035000	10.7554   	0.035000	10.7555   	0.035000	11.2204   	0.035000	2.00632   	
0.040000	13.5088   	0.040000	13.6306   	0.040000	11.1871   	0.040000	11.1871   	0.040000	11.1872   	0.040000	11.7966   	0.040000	1.83399   	
0.045000	14.076    	0.045000	14.0214   	0.045000	11.6126   	0.045000	11.6126   	0.045000	11.6127   	0.045000	12.3293   	0.045000	1.69209   	
0.050000	14.5284   	0.050000	14.6418   	0.050000	12.2637   	0.050000	12.2637   	0.050000	12.2638   	0.050000	13.0688   	0.050000	1.57293   	
0.055000	15.2983   	0.055000	15.6345   	0.055000	13.3166   	0.055000	13.3166   	0.055000	13.3166   	0.055000	14.1633   	0.055000	1.47125   	
0.060000	15.9939   	0.060000	16.5819   	0.060000	14.3712   	0.060000	14.3712   	0.060000	14.3713   	0.060000	15.2115   	0.060000	1.37038   	
0.070000	17.2148   	0.070000	18.4356   	0.070000	16.527    	0.070000	16.527    	0.070000	16.527    	0.070000	17.2083   	0.070000	1.22736   	
0.080000	18.5521   	0.080000	20.2166   	0.080000	18.6745   	0.080000	18.6745   	0.080000	18.6745   	0.080000	19.1027   	0.080000	1.11391   	
0.090000	19.7256   	0.090000	21.9281   	0.090000	20.7841   	0.090000	20.7841   	0.090000	20.7842   	0.090000	20.9066   	0.090000	1.02149   	
0.100000	20.7688   	0.100000	23.5658   	0.100000	22.8342   	0.100000	22.8342   	0.100000	22.8342   	0.100000	22.6212   	0.100000	0.944576  	
0.120000	22.068    	0.120000	26.6066   	0.120000	26.6979   	0.120000	26.6979   	0.120000	26.698    	0.120000	25.783    	0.120000	0.823537  	
0.140000	23.5687   	0.140000	29.4175   	0.140000	30.1928   	0.140000	30.1928   	0.140000	30.1928   	0.140000	28.6852   	0.140000	0.732261  	
0.160000	25.1216   	0.160000	32.7701   	0.160000	33.2964   	0.160000	33.2964   	0.160000	33.2964   	0.160000	32.1094   	0.160000	0.660717  	
0.180000	26.5897   	0.180000	35.7555   	0.180000	36.0177   	0.180000	36.0177   	0.180000	36.0177   	0.180000	35.1525   	0.180000	0.602976  	
0.200000	28.0192   	0.200000	38.4101   	0.200000	38.3839   	0.200000	38.3839   	0.200000	38.384    	0.200000	37.8548   	0.200000	0.555296  	
0.250000	30.5306   	0.250000	43.8521   	0.250000	42.9902   	0.250000	42.9902   	0.250000	42.9903   	0.250000	43.3864   	0.250000	0.465615  	
0.300000	32.8639   	0.300000	47.9944   	0.300000	46.1935   	0.300000	46.1935   	0.300000	46.1936   	0.300000	47.5918   	0.300000	0.402569  	
0.350000	35.1555   	0.350000	51.5851   	0.350000	48.4717   	0.350000	48.4717   	0.350000	48.4718   	0.350000	51.2295   	0.350000	0.355608  	
0.400000	37.1684   	0.400000	54.4343   	0.400000	50.1539   	0.400000	50.1539   	0.400000	50.1539   	0.400000	54.1152   	0.400000	0.319152  	
0.450000	38.9261   	0.450000	56.7067   	0.450000	51.4501   	0.450000	51.4501   	0.450000	51.4502   	0.450000	56.4167   	0.450000	0.28996   	
0.500000	40.4557   	0.500000	58.5372   	0.500000	52.6438   	0.500000	52.6438   	0.500000	52.6438   	0.500000	58.2712   	0.500000	0.266011  	
0.600000	41.702    	0.600000	61.4412   	0.600000	55.4786   	0.600000	55.4786   	0.600000	55.4787   	0.600000	61.2122   	0.600000	0.228954  	
0.700000	42.4636   	0.700000	64.0299   	0.700000	57.508    	0.700000	57.508    	0.700000	57.5081   	0.700000	63.8284   	0.700000	0.20152   	
0.800000	44.2433   	0.800000	65.7927   	0.800000	59.0106   	0.800000	59.0106   	0.800000	59.0107   	0.800000	65.6124   	0.800000	0.180328  	
0.900000	45.6035   	0.900000	66.9755   	0.900000	60.1373   	0.900000	60.1373   	0.900000	60.1373   	0.900000	66.812    	0.900000	0.163426  	
1.000000	46.6391   	1.000000	67.7401   	1.000000	60.9798   	1.000000	60.9798   	1.000000	60.9798   	1.000000	67.5905   	1.000000	0.149607  	
1.250000	47.9739   	1.250000	68.2637   	1.250000	62.2059   	1.250000	62.2059   	1.250000	62.206    	1.250000	68.1398   	1.250000	0.123961  	
1.500000	48.4334   	1.500000	67.8631   	1.500000	62.5954   	1.500000	62.5954   	1.500000	62.5954   	1.500000	67.7569   	1.500000	0.106212  	
1.750000	48.3669   	1.750000	66.9936   	1.750000	62.4678   	1.750000	62.4678   	1.750000	62.4679   	1.750000	66.9004   	1.750000	0.0931488 	
2.000000	47.7696   	2.000000	65.5299   	2.000000	62.0132   	2.000000	62.0132   	2.000000	62.0132   	2.000000	65.4468   	2.000000	0.0831043 	
2.250000	47.1442   	2.250000	64.0754   	2.250000	61.3502   	2.250000	61.3502   	2.250000	61.3503   	2.250000	64.0003   	2.250000	0.0751243 	
2.500000	61.9813   	2.500000	62.6509   	2.500000	60.5555   	2.500000	60.5555   	2.500000	60.5555   	2.500000	62.5822   	2.500000	0.0686212 	
3.000000	59.2252   	3.000000	59.9221   	3.000000	58.6981   	3.000000	58.6981   	3.000000	58.6981   	3.000000	59.8635   	3.000000	0.05864   	
3.500000	56.5023   	3.500000	57.3547   	3.500000	56.4657   	3.500000	56.4657   	3.500000	56.4657   	3.500000	57.3034   	3.500000	0.0513177 	
4.000000	53.9268   	4.000000	55.0009   	4.000000	54.3871   	4.000000	54.3871   	4.000000	54.3872   	4.000000	54.9552   	4.000000	0.0457025 	
4.500000	51.5342   	4.500000	52.8373   	4.500000	52.4521   	4.500000	52.4521   	4.500000	52.4521   	4.500000	52.7961   	4.500000	0.0412514 	
5.000000	49.3278   	5.000000	50.8428   	5.000000	50.6492   	5.000000	50.6492   	5.000000	50.6492   	5.000000	50.8051   	5.000000	0.0376309 	
5.500000	47.298    	5.500000	48.9829   	5.500000	48.9672   	5.500000	48.9672   	5.500000	48.9673   	5.500000	48.9483   	5.500000	0.034625  	
6.000000	45.4306   	6.000000	47.2655   	6.000000	47.3954   	6.000000	47.3954   	6.000000	47.3954   	6.000000	47.2334   	6.000000	0.0320869 	
6.500000	43.7103   	6.500000	45.6727   	6.500000	45.9237   	6.500000	45.9237   	6.500000	45.9238   	6.500000	45.6428   	6.500000	0.0299136 	
7.000000	42.1223   	7.000000	44.1888   	7.000000	44.5434   	7.000000	44.5434   	7.000000	44.5434   	7.000000	44.1608   	7.000000	0.0280305 	
7.500000	40.6532   	7.500000	42.8037   	7.500000	43.2461   	7.500000	43.2461   	7.500000	43.2461   	7.500000	42.7774   	7.500000	0.0263821 	
8.000000	39.2907   	8.000000	41.5077   	8.000000	42.0247   	8.000000	42.0247   	8.000000	42.0248   	8.000000	41.4828   	8.000000	0.0249265 	
8.500000	38.024    	8.500000	40.2916   	8.500000	40.8727   	8.500000	40.8727   	8.500000	40.8728   	8.500000	40.268    	8.500000	0.023631  	
9.000000	36.8435   	9.000000	39.1478   	9.000000	39.7843   	9.000000	39.7843   	9.000000	39.7844   	9.000000	39.1253   	9.000000	0.0224703 	
9.500000	35.7409   	9.500000	38.0686   	9.500000	38.7543   	9.500000	38.7543   	9.500000	38.7543   	9.500000	38.0472   	9.500000	0.021424  	
10.000000	34.7087   	10.000000	35.5071   	10.000000	37.778    	10.000000	37.778    	10.000000	37.7781   	10.000000	35.4866   	10.000000	0.0204756 	
11.000000	32.83     	11.000000	34.1623   	11.000000	35.722    	11.000000	36.0261   	11.000000	36.1711   	11.000000	34.1435   	11.000000	0.0188217 	
12.000000	31.1637   	12.000000	32.9021   	12.000000	33.8951   	12.000000	34.4456   	12.000000	34.6861   	12.000000	32.8847   	12.000000	0.0174269 	
13.000000	29.6753   	13.000000	31.7241   	13.000000	32.2623   	13.000000	33.0136   	13.000000	33.314    	13.000000	31.7079   	13.000000	0.0162339 	
14.000000	28.3372   	14.000000	30.6238   	14.000000	30.7953   	14.000000	31.7109   	14.000000	32.0451   	14.000000	30.6086   	14.000000	0.0152011 	
15.000000	27.1275   	15.000000	29.5958   	15.000000	29.4709   	15.000000	30.5213   	15.000000	30.8706   	15.000000	29.5815   	15.000000	0.0142978 	
16.000000	26.028    	16.000000	28.6345   	16.000000	28.2706   	16.000000	29.4313   	16.000000	29.7821   	16.000000	28.621    	16.000000	0.0135008 	
17.000000	25.0242   	17.000000	27.7346   	17.000000	27.1786   	17.000000	28.4293   	17.000000	28.7721   	17.000000	27.7218   	17.000000	0.0127921 	
18.000000	24.1037   	18.000000	26.891    	18.000000	26.181    	18.000000	27.5057   	18.000000	27.8321   	18.000000	26.8788   	18.000000	0.0121575 	
19.000000	23.2564   	19.000000	26.0989   	19.000000	25.267    	19.000000	26.6521   	19.000000	26.9576   	19.000000	26.0873   	19.000000	0.0115858 	
20.000000	22.4736   	20.000000	25.354    	20.000000	24.428    	20.000000	25.8612   	20.000000	26.1433   	20.000000	25.343    	20.000000	0.0110679 	
21.000000	21.7481   	21.000000	24.6526   	21.000000	23.6559   	21.000000	25.1269   	21.000000	25.3816   	21.000000	24.642    	21.000000	0.0105965 	
22.000000	21.0737   	22.000000	23.9909   	22.000000	22.943    	22.000000	24.4436   	22.000000	24.6711   	22.000000	23.9808   	22.000000	0.0101655 	
23.000000	20.4451   	23.000000	23.3659   	23.000000	22.2834   	23.000000	23.8067   	23.000000	24.0055   	23.000000	23.3561   	23.000000	0.0097698 	
24.000000	19.8576   	24.000000	22.7747   	24.000000	21.6726   	24.000000	23.212    	24.000000	23.3825   	24.000000	22.7653   	24.000000	0.0094052 	
25.000000	19.3071   	25.000000	22.2146   	25.000000	21.1059   	25.000000	22.6559   	25.000000	22.7981   	25.000000	22.2055   	25.000000	0.0090681 	
27.000000	18.3041   	27.000000	21.1786   	27.000000	20.0867   	27.000000	21.6464   	27.000000	21.7343   	27.000000	21.1701   	27.000000	0.00846466	
29.000000	17.4128   	29.000000	20.2417   	29.000000	19.2014   	29.000000	20.7564   	29.000000	20.7937   	29.000000	20.2338   	29.000000	0.00793991	
31.000000	16.6152   	31.000000	19.3904   	31.000000	18.4348   	31.000000	19.9003   	31.000000	19.8825   	31.000000	19.383    	31.000000	0.00747918	
33.000000	15.8969   	33.000000	18.6136   	33.000000	17.7427   	33.000000	19.0622   	33.000000	18.9959   	33.000000	18.6066   	33.000000	0.00707127	
35.000000	15.2463   	35.000000	17.902    	35.000000	17.1052   	35.000000	18.2979   	35.000000	18.1977   	35.000000	17.8953   	35.000000	0.00670747	
38.000000	14.3775   	38.000000	16.9398   	38.000000	16.2402   	38.000000	17.2696   	38.000000	17.1378   	38.000000	16.9336   	38.000000	0.00622976	
41.000000	13.6156   	41.000000	16.0852   	41.000000	15.4671   	41.000000	16.3611   	41.000000	16.2131   	41.000000	16.0793   	41.000000	0.00581832	
44.000000	12.9414   	44.000000	15.321    	44.000000	14.771    	44.000000	15.5524   	44.000000	15.3977   	44.000000	15.3156   	44.000000	0.00546005	
47.000000	12.3405   	47.000000	14.6337   	47.000000	14.1423   	47.000000	14.828    	47.000000	14.6728   	47.000000	14.6286   	47.000000	0.00514515	
50.000000	11.8012   	50.000000	14.0123   	50.000000	13.5719   	50.000000	14.1753   	50.000000	14.024    	50.000000	14.0074   	50.000000	0.00486608	
55.000000	11.0149   	55.000000	13.0989   	55.000000	12.7305   	55.000000	13.2202   	55.000000	13.0799   	55.000000	13.0945   	55.000000	0.00446521	
60.000000	10.3424   	60.000000	12.3113   	60.000000	11.9992   	60.000000	12.4003   	60.000000	12.2741   	60.000000	12.3072   	60.000000	0.00412785	
65.000000	9.76015   	65.000000	11.6251   	65.000000	11.3594   	65.000000	11.6889   	65.000000	11.5775   	65.000000	11.6213   	65.000000	0.00383981	
70.000000	9.25069   	70.000000	11.022    	70.000000	10.7948   	70.000000	11.0658   	70.000000	10.9689   	70.000000	11.0184   	70.000000	0.0035909 	
75.000000	8.80092   	75.000000	10.4876   	75.000000	10.2927   	75.000000	10.5156   	75.000000	10.4359   	75.000000	10.4843   	75.000000	0.00337354	
80.000000	8.40072   	80.000000	10.011    	80.000000	9.84321   	80.000000	10.0261   	80.000000	9.96225   	80.000000	10.0078   	80.000000	0.00318201	
85.000000	8.04214   	85.000000	9.58321   	85.000000	9.43967   	85.000000	9.58791   	85.000000	9.5381    	85.000000	9.5802    	85.000000	0.00301192	
90.000000	7.71888   	90.000000	9.19712   	90.000000	9.07319   	90.000000	9.19336   	90.000000	9.15604   	90.000000	9.19426   	90.000000	0.0028598 	
95.000000	7.42583   	95.000000	8.84693   	95.000000	8.74084   	95.000000	8.83625   	95.000000	8.81053   	95.000000	8.84421   	95.000000	0.00272292	
100.000000	7.15887   	100.000000	8.52787   	100.000000	8.43709   	100.000000	8.51151   	100.000000	8.49621   	100.000000	8.52527   	100.000000	0.00259906	
105.000000	6.91457   	105.000000	8.23597   	105.000000	8.15925   	105.000000	8.21493   	105.000000	8.20885   	105.000000	8.23348   	105.000000	0.00248642	
110.000000	6.69011   	110.000000	7.96791   	110.000000	7.90349   	110.000000	7.94302   	110.000000	7.94576   	110.000000	7.96552   	110.000000	0.00238353	
115.000000	6.4831    	115.000000	7.72088   	115.000000	7.667     	115.000000	7.69284   	115.000000	7.70316   	115.000000	7.7186    	115.000000	0.00228916	
120.000000	6.29153   	120.000000	7.49253   	120.000000	7.4483    	120.000000	7.46188   	120.000000	7.47954   	120.000000	7.49033   	120.000000	0.00220227	
125.000000	6.11371   	125.000000	7.2808    	125.000000	7.24536   	125.000000	7.24803   	125.000000	7.27201   	125.000000	7.27868   	125.000000	0.002122  	
130.000000	5.94816   	130.000000	7.08396   	130.000000	7.05619   	130.000000	7.04946   	130.000000	7.07952   	130.000000	7.08191   	130.000000	0.00204761	
135.000000	5.79362   	135.000000	6.90049   	135.000000	6.87999   	135.000000	6.86459   	135.000000	6.89986   	135.000000	6.89851   	135.000000	0.00197847	
140.000000	5.64901   	140.000000	6.72908   	140.000000	6.71501   	140.000000	6.69207   	140.000000	6.73249   	140.000000	6.72717   	140.000000	0.00191403	
145.000000	5.51338   	145.000000	6.56859   	145.000000	6.56029   	145.000000	6.53069   	145.000000	6.57536   	145.000000	6.56673   	145.000000	0.00185383	
150.000000	5.38588   	150.000000	6.418     	150.000000	6.41523   	150.000000	6.37943   	150.000000	6.42832   	150.000000	6.4162    	150.000000	0.00179745	
155.000000	5.20432   	155.000000	6.27643   	155.000000	6.27853   	155.000000	6.23736   	155.000000	6.28993   	155.000000	6.27468   	155.000000	0.00174453	
160.000000	5.09891   	160.000000	6.14309   	160.000000	6.14957   	160.000000	6.10367   	160.000000	6.15971   	160.000000	6.1414    	160.000000	0.00169477	
165.000000	4.99935   	165.000000	6.0173    	165.000000	6.028     	165.000000	5.97766   	165.000000	6.03708   	165.000000	6.01566   	165.000000	0.00164788	
170.000000	4.90516   	170.000000	5.89844   	170.000000	5.91321   	170.000000	5.85868   	170.000000	5.92089   	170.000000	5.89683   	170.000000	0.00160362	
175.000000	4.81591   	175.000000	5.78594   	175.000000	5.80449   	175.000000	5.74617   	175.000000	5.81114   	175.000000	5.78438   	175.000000	0.00156177	
180.000000	4.73122   	180.000000	5.67932   	180.000000	5.70117   	180.000000	5.63961   	180.000000	5.70715   	180.000000	5.6778    	180.000000	0.00152213	
185.000000	4.65074   	185.000000	5.57813   	185.000000	5.60307   	185.000000	5.53856   	185.000000	5.60828   	185.000000	5.57664   	185.000000	0.00148454	
190.000000	4.57417   	190.000000	5.48196   	190.000000	5.50992   	190.000000	5.4426    	190.000000	5.51449   	190.000000	5.48051   	190.000000	0.00144884	
195.000000	4.50122   	195.000000	5.39046   	195.000000	5.42112   	195.000000	5.35135   	195.000000	5.42525   	195.000000	5.38904   	195.000000	0.00141488	
200.000000	4.43163   	200.000000	5.30329   	200.000000	5.33635   	200.000000	5.26449   	200.000000	5.34008   	200.000000	5.30191   	200.000000	0.00138254	
210.000000	4.30168   	210.000000	5.1408    	210.000000	5.17851   	210.000000	5.10272   	210.000000	5.18166   	210.000000	5.13948   	210.000000	0.00132227	
220.000000	4.18269   	220.000000	4.9924    	220.000000	5.03429   	220.000000	4.95517   	220.000000	5.03668   	220.000000	4.99113   	220.000000	0.00126723	
230.000000	4.07333   	230.000000	4.85635   	230.000000	4.90214   	230.000000	4.82006   	230.000000	4.90398   	230.000000	4.85513   	230.000000	0.00121676	
240.000000	3.97248   	240.000000	4.73118   	240.000000	4.78073   	240.000000	4.69591   	240.000000	4.78181   	240.000000	4.73001   	240.000000	0.00117031	
250.000000	3.87916   	250.000000	4.61566   	250.000000	4.66838   	250.000000	4.58147   	250.000000	4.66916   	250.000000	4.61454   	250.000000	0.00112741	
260.000000	3.79257   	260.000000	4.50873   	260.000000	4.5643    	260.000000	4.47564   	260.000000	4.5648    	260.000000	4.50764   	260.000000	0.00108766	
270.000000	3.71201   	270.000000	4.40947   	270.000000	4.46765   	270.000000	4.37752   	270.000000	4.46804   	270.000000	4.40842   	270.000000	0.00105072	
280.000000	3.63686   	280.000000	4.3171    	280.000000	4.37745   	280.000000	4.28631   	280.000000	4.37789   	280.000000	4.31608   	280.000000	0.00101631	
290.000000	3.5666    	290.000000	4.23094   	290.000000	4.29373   	290.000000	4.20132   	290.000000	4.29399   	290.000000	4.22995   	290.000000	0.000984161	
300.000000	3.50077   	300.000000	4.15039   	300.000000	4.21537   	300.000000	4.12195   	300.000000	4.21536   	300.000000	4.14943   	300.000000	0.000954062	
310.000000	3.43897   	310.000000	4.07493   	310.000000	4.14178   	310.000000	4.04768   	310.000000	4.14186   	310.000000	4.07401   	310.000000	0.000925819	
320.000000	3.38084   	320.000000	4.00412   	320.000000	4.07282   	320.000000	3.97804   	320.000000	4.07284   	320.000000	4.00322   	320.000000	0.000899264	
330.000000	3.32607   	330.000000	3.93753   	330.000000	4.00801   	330.000000	3.91263   	330.000000	4.00794   	330.000000	3.93666   	330.000000	0.000874247	
340.000000	3.27438   	340.000000	3.87481   	340.000000	3.94702   	340.000000	3.85109   	340.000000	3.94693   	340.000000	3.87396   	340.000000	0.000850636	
350.000000	3.22552   	350.000000	3.81565   	350.000000	3.88955   	350.000000	3.79308   	350.000000	3.88925   	350.000000	3.81482   	350.000000	0.000828316	
360.000000	3.17927   	360.000000	3.75976   	360.000000	3.83511   	360.000000	3.73834   	360.000000	3.83484   	360.000000	3.75895   	360.000000	0.000807182	
370.000000	3.13542   	370.000000	3.70688   	370.000000	3.78352   	370.000000	3.68659   	370.000000	3.78346   	370.000000	3.70609   	370.000000	0.000787139	
380.000000	3.09381   	380.000000	3.65678   	380.000000	3.73487   	380.000000	3.63762   	380.000000	3.73466   	380.000000	3.65601   	380.000000	0.000768106	
390.000000	3.05427   	390.000000	3.60926   	390.000000	3.68882   	390.000000	3.59121   	390.000000	3.68844   	390.000000	3.60851   	390.000000	0.000750006	
400.000000	3.01664   	400.000000	3.56413   	400.000000	3.64496   	400.000000	3.54717   	400.000000	3.64464   	400.000000	3.5634    	400.000000	0.000732772	
410.000000	2.98081   	410.000000	3.52122   	410.000000	3.60319   	410.000000	3.50534   	410.000000	3.60289   	410.000000	3.52051   	410.000000	0.000716342	
420.000000	2.94665   	420.000000	3.48038   	420.000000	3.56349   	420.000000	3.46556   	420.000000	3.5632    	420.000000	3.47968   	420.000000	0.000700661	
430.000000	2.91405   	430.000000	3.44147   	430.000000	3.5257    	430.000000	3.4277    	430.000000	3.52545   	430.000000	3.44079   	430.000000	0.000685677	
440.000000	2.8829    	440.000000	3.40437   	440.000000	3.48969   	440.000000	3.39162   	440.000000	3.48943   	440.000000	3.4037    	440.000000	0.000671345	
450.000000	2.85313   	450.000000	3.36894   	450.000000	3.45533   	450.000000	3.35721   	450.000000	3.45502   	450.000000	3.36829   	450.000000	0.000657622	
460.000000	2.82463   	460.000000	3.3351    	460.000000	3.42251   	460.000000	3.32436   	460.000000	3.4222    	460.000000	3.33446   	460.000000	0.00064447	
470.000000	2.79735   	470.000000	3.30274   	470.000000	3.39115   	470.000000	3.29297   	470.000000	3.39087   	470.000000	3.30211   	470.000000	0.000631854	
480.000000	2.7712    	480.000000	3.27177   	480.000000	3.36118   	480.000000	3.26296   	480.000000	3.36082   	480.000000	3.27115   	480.000000	0.000619741	
490.000000	2.74612   	490.000000	3.24212   	490.000000	3.3325    	490.000000	3.23424   	490.000000	3.33207   	490.000000	3.24151   	490.000000	0.000608101	
500.000000	2.72205   	500.000000	3.21369   	500.000000	3.30499   	500.000000	3.20674   	500.000000	3.30455   	500.000000	3.21309   	500.000000	0.000596907	
520.000000	2.67672   	520.000000	3.16026   	520.000000	3.25315   	520.000000	3.1551    	520.000000	3.25283   	520.000000	3.15969   	520.000000	0.000575755	
540.000000	2.6348    	540.000000	3.111     	540.000000	3.20534   	540.000000	3.10754   	540.000000	3.20515   	540.000000	3.11044   	540.000000	0.000556105	
560.000000	2.59596   	560.000000	3.06545   	560.000000	3.16129   	560.000000	3.06364   	560.000000	3.16114   	560.000000	3.06491   	560.000000	0.0005378 	
580.000000	2.55988   	580.000000	3.02325   	580.000000	3.12061   	580.000000	3.02302   	580.000000	3.12033   	580.000000	3.02273   	580.000000	0.000520704	
600.000000	2.52632   	600.000000	2.98408   	600.000000	3.08279   	600.000000	2.98534   	600.000000	3.08254   	600.000000	2.98358   	600.000000	0.0005047 	
620.000000	2.49504   	620.000000	2.94765   	620.000000	3.04754   	620.000000	2.95034   	620.000000	3.04732   	620.000000	2.94716   	620.000000	0.000489686	
640.000000	2.46584   	640.000000	2.91371   	640.000000	3.01474   	640.000000	2.91776   	640.000000	3.01456   	640.000000	2.91323   	640.000000	0.000475572	
660.000000	2.43854   	660.000000	2.88203   	660.000000	2.98416   	660.000000	2.88738   	660.000000	2.98401   	660.000000	2.88157   	660.000000	0.000462277	
680.000000	2.41299   	680.000000	2.85244   	680.000000	2.95559   	680.000000	2.85901   	680.000000	2.95542   	680.000000	2.85199   	680.000000	0.000449732	
700.000000	2.38903   	700.000000	2.82474   	700.000000	2.92885   	700.000000	2.83247   	700.000000	2.92872   	700.000000	2.8243    	700.000000	0.000437875	
720.000000	2.36656   	720.000000	2.79879   	720.000000	2.9038    	720.000000	2.80762   	720.000000	2.90366   	720.000000	2.79836   	720.000000	0.000426649	
740.000000	2.34544   	740.000000	2.77445   	740.000000	2.88032   	740.000000	2.78431   	740.000000	2.88014   	740.000000	2.77403   	740.000000	0.000416004	
760.000000	2.32559   	760.000000	2.75159   	760.000000	2.85827   	760.000000	2.76242   	760.000000	2.85809   	760.000000	2.75119   	760.000000	0.000405897	
780.000000	2.30691   	780.000000	2.73011   	780.000000	2.83751   	780.000000	2.74184   	780.000000	2.83731   	780.000000	2.72972   	780.000000	0.000396287	
800.000000	2.28932   	800.000000	2.7099    	800.000000	2.81792   	800.000000	2.72248   	800.000000	2.81775   	800.000000	2.70952   	800.000000	0.000387138	
820.000000	2.27274   	820.000000	2.69088   	820.000000	2.79942   	820.000000	2.70424   	820.000000	2.79934   	820.000000	2.6905    	820.000000	0.000378417	
840.000000	2.2571    	840.000000	2.67295   	840.000000	2.78199   	840.000000	2.68704   	840.000000	2.78196   	840.000000	2.67258   	840.000000	0.000370094	
860.000000	2.24235   	860.000000	2.65605   	860.000000	2.76558   	860.000000	2.67081   	860.000000	2.76553   	860.000000	2.65569   	860.000000	0.000362143	
880.000000	2.22842   	880.000000	2.64011   	880.000000	2.75009   	880.000000	2.65547   	880.000000	2.75003   	880.000000	2.63976   	880.000000	0.000354538	
900.000000	2.21527   	900.000000	2.62506   	900.000000	2.73547   	900.000000	2.64098   	900.000000	2.7354    	900.000000	2.62472   	900.000000	0.000347257	
920.000000	2.20285   	920.000000	2.61085   	920.000000	2.72163   	920.000000	2.62727   	920.000000	2.72149   	920.000000	2.61051   	920.000000	0.00034028	
940.000000	2.19111   	940.000000	2.59743   	940.000000	2.70853   	940.000000	2.61429   	940.000000	2.70834   	940.000000	2.5971    	940.000000	0.000333588	
960.000000	2.18001   	960.000000	2.58474   	960.000000	2.69608   	960.000000	2.602     	960.000000	2.6959    	960.000000	2.58441   	960.000000	0.000327164	
980.000000	2.16952   	980.000000	2.57275   	980.000000	2.68426   	980.000000	2.59035   	980.000000	2.68411   	980.000000	2.57243   	980.000000	0.000320991	
1000.000000	2.1596    	1000.000000	2.56141   	1000.000000	2.67302   	1000.000000	2.57929   	1000.000000	2.67288   	1000.000000	2.56109   	1000.000000	0.000315055	
1020.000000	2.15022   	1020.000000	2.55068   	1020.000000	2.66233   	1020.000000	2.56881   	1020.000000	2.66224   	1020.000000	2.55037   	1020.000000	0.000309342	
1040.000000	2.14135   	1040.000000	2.54053   	1040.000000	2.65219   	1040.000000	2.55885   	1040.000000	2.65215   	1040.000000	2.54023   	1040.000000	0.000303841	
1060.000000	2.13297   	1060.000000	2.53093   	1060.000000	2.64255   	1060.000000	2.5494    	1060.000000	2.64258   	1060.000000	2.53064   	1060.000000	0.000298538	
1080.000000	2.12505   	1080.000000	2.52186   	1080.000000	2.6334    	1080.000000	2.54041   	1080.000000	2.63343   	1080.000000	2.52156   	1080.000000	0.000293424	
1100.000000	2.11756   	1100.000000	2.51327   	1100.000000	2.62471   	1100.000000	2.53187   	1100.000000	2.62475   	1100.000000	2.51298   	1100.000000	0.000288489	
1120.000000	2.11049   	1120.000000	2.50514   	1120.000000	2.61647   	1120.000000	2.52375   	1120.000000	2.6165    	1120.000000	2.50486   	1120.000000	0.000283723	
1140.000000	2.10381   	1140.000000	2.49746   	1140.000000	2.60865   	1140.000000	2.51603   	1140.000000	2.60866   	1140.000000	2.49718   	1140.000000	0.000279117	
1160.000000	2.09751   	1160.000000	2.49019   	1160.000000	2.60122   	1160.000000	2.50868   	1160.000000	2.60119   	1160.000000	2.48992   	1160.000000	0.000274664	
1180.000000	2.09156   	1180.000000	2.48333   	1180.000000	2.59414   	1180.000000	2.50168   	1180.000000	2.59405   	1180.000000	2.48306   	1180.000000	0.000270355	
1200.000000	2.08595   	1200.000000	2.47684   	1200.000000	2.58739   	1200.000000	2.49502   	1200.000000	2.58727   	1200.000000	2.47657   	1200.000000	0.000266185	
1220.000000	2.08067   	1220.000000	2.47071   	1220.000000	2.58094   	1220.000000	2.48867   	1220.000000	2.58082   	1220.000000	2.47045   	1220.000000	0.000262146	
1240.000000	2.07569   	1240.000000	2.46492   	1240.000000	2.57478   	1240.000000	2.48263   	1240.000000	2.57468   	1240.000000	2.46466   	1240.000000	0.000258232	
1260.000000	2.07101   	1260.000000	2.45946   	1260.000000	2.5689    	1260.000000	2.47687   	1260.000000	2.5688    	1260.000000	2.45921   	1260.000000	0.000254437	
1280.000000	2.06662   	1280.000000	2.45431   	1280.000000	2.56329   	1280.000000	2.47139   	1280.000000	2.5632    	1280.000000	2.45406   	1280.000000	0.000250756	
1300.000000	2.0625    	1300.000000	2.44946   	1300.000000	2.55794   	1300.000000	2.46616   	1300.000000	2.55787   	1300.000000	2.44922   	1300.000000	0.000247184	
1320.000000	2.05863   	1320.000000	2.4449    	1320.000000	2.55284   	1320.000000	2.46118   	1320.000000	2.55279   	1320.000000	2.44465   	1320.000000	0.000243716	
1340.000000	2.05502   	1340.000000	2.4406    	1340.000000	2.54798   	1340.000000	2.45644   	1340.000000	2.54796   	1340.000000	2.44036   	1340.000000	0.000240347	
1360.000000	2.05164   	1360.000000	2.43657   	1360.000000	2.54336   	1360.000000	2.45191   	1360.000000	2.54334   	1360.000000	2.43633   	1360.000000	0.000237073	
1380.000000	2.0485    	1380.000000	2.43278   	1380.000000	2.53894   	1380.000000	2.4476    	1380.000000	2.53892   	1380.000000	2.43255   	1380.000000	0.000233891	
1400.000000	2.04557   	1400.000000	2.42924   	1400.000000	2.53474   	1400.000000	2.44349   	1400.000000	2.53471   	1400.000000	2.429     	1400.000000	0.000230796	
1420.000000	2.04286   	1420.000000	2.42592   	1420.000000	2.53073   	1420.000000	2.43957   	1420.000000	2.53071   	1420.000000	2.42569   	1420.000000	0.000227784	
1440.000000	2.04034   	1440.000000	2.42282   	1440.000000	2.5269    	1440.000000	2.43584   	1440.000000	2.52689   	1440.000000	2.42259   	1440.000000	0.000224853	
1460.000000	2.03803   	1460.000000	2.41993   	1460.000000	2.52326   	1460.000000	2.43228   	1460.000000	2.52326   	1460.000000	2.4197    	1460.000000	0.000221999	
1480.000000	2.0359    	1480.000000	2.41724   	1480.000000	2.51978   	1480.000000	2.42889   	1480.000000	2.51978   	1480.000000	2.41702   	1480.000000	0.000219219	
1500.000000	2.03395   	1500.000000	2.41474   	1500.000000	2.51647   	1500.000000	2.42567   	1500.000000	2.51646   	1500.000000	2.41453   	1500.000000	0.000216511	
1520.000000	2.03218   	1520.000000	2.41244   	1520.000000	2.51331   	1520.000000	2.42259   	1520.000000	2.5133    	1520.000000	2.41222   	1520.000000	0.000213871	
1540.000000	2.03058   	1540.000000	2.41031   	1540.000000	2.5103    	1540.000000	2.41966   	1540.000000	2.51029   	1540.000000	2.4101    	1540.000000	0.000211297	
1560.000000	2.02914   	1560.000000	2.40835   	1560.000000	2.50743   	1560.000000	2.41687   	1560.000000	2.50743   	1560.000000	2.40814   	1560.000000	0.000208786	
1580.000000	2.02785   	1580.000000	2.40656   	1580.000000	2.5047    	1580.000000	2.41422   	1580.000000	2.50471   	1580.000000	2.40635   	1580.000000	0.000206336	
1600.000000	2.02672   	1600.000000	2.40493   	1600.000000	2.5021    	1600.000000	2.4117    	1600.000000	2.50211   	1600.000000	2.40473   	1600.000000	0.000203945	
1620.000000	2.02573   	1620.000000	2.40345   	1620.000000	2.49963   	1620.000000	2.40929   	1620.000000	2.49963   	1620.000000	2.40325   	1620.000000	0.000201611	
1640.000000	2.02489   	1640.000000	2.40212   	1640.000000	2.49727   	1640.000000	2.40701   	1640.000000	2.49727   	1640.000000	2.40192   	1640.000000	0.000199331	
1660.000000	2.02418   	1660.000000	2.40094   	1660.000000	2.49503   	1660.000000	2.40484   	1660.000000	2.49503   	1660.000000	2.40074   	1660.000000	0.000197105	
1680.000000	2.0236    	1680.000000	2.39989   	1680.000000	2.4929    	1680.000000	2.40278   	1680.000000	2.49291   	1680.000000	2.39969   	1680.000000	0.000194929	
1700.000000	2.02316   	1700.000000	2.39897   	1700.000000	2.49088   	1700.000000	2.40083   	1700.000000	2.49089   	1700.000000	2.39878   	1700.000000	0.000192802	
1750.000000	2.02257   	1750.000000	2.39724   	1750.000000	2.48627   	1750.000000	2.39637   	1750.000000	2.48627   	1750.000000	2.39705   	1750.000000	0.00018769	
1800.000000	2.0227    	1800.000000	2.39624   	1800.000000	2.48223   	1800.000000	2.39248   	1800.000000	2.48222   	1800.000000	2.39606   	1800.000000	0.000182852	
1850.000000	2.02349   	1850.000000	2.39592   	1850.000000	2.47872   	1850.000000	2.3891    	1850.000000	2.47871   	1850.000000	2.39574   	1850.000000	0.000178265	
1900.000000	2.0249    	1900.000000	2.39622   	1900.000000	2.47569   	1900.000000	2.38619   	1900.000000	2.47566   	1900.000000	2.39605   	1900.000000	0.00017391	
1950.000000	2.02689   	1950.000000	2.39711   	1950.000000	2.47308   	1950.000000	2.38371   	1950.000000	2.47304   	1950.000000	2.39694   	1950.000000	0.000169769	
2000.000000	2.02941   	2000.000000	2.39852   	2000.000000	2.47087   	2000.000000	2.38161   	2000.000000	2.47082   	2000.000000	2.39836   	2000.000000	0.000165828	
2100.000000	2.03592   	2100.000000	2.4028    	2100.000000	2.46745   	2100.000000	2.37844   	2100.000000	2.46742   	2100.000000	2.40264   	2100.000000	0.000158488	
2200.000000	2.04419   	2200.000000	2.40879   	2200.000000	2.46521   	2200.000000	2.37646   	2200.000000	2.46524   	2200.000000	2.40864   	2200.000000	0.000151791	
2300.000000	2.05402   	2300.000000	2.41628   	2300.000000	2.464     	2300.000000	2.37547   	2300.000000	2.46404   	2300.000000	2.41613   	2300.000000	0.000145654	
2400.000000	2.06523   	2400.000000	2.42506   	2400.000000	2.46365   	2400.000000	2.37532   	2400.000000	2.46372   	2400.000000	2.42492   	2400.000000	0.00014001	
2500.000000	2.07769   	2500.000000	2.43499   	2500.000000	2.46405   	2500.000000	2.37588   	2500.000000	2.4641    	2500.000000	2.43485   	2500.000000	0.0001348 	
2600.000000	2.09127   	2600.000000	2.44593   	2600.000000	2.46507   	2600.000000	2.37703   	2600.000000	2.46512   	2600.000000	2.4458    	2600.000000	0.000129977	
2700.000000	2.10587   	2700.000000	2.45777   	2700.000000	2.46662   	2700.000000	2.37871   	2700.000000	2.46664   	2700.000000	2.45765   	2700.000000	0.000125498	
2800.000000	2.12139   	2800.000000	2.47041   	2800.000000	2.46861   	2800.000000	2.38081   	2800.000000	2.46862   	2800.000000	2.47029   	2800.000000	0.000121327	
2900.000000	2.13776   	2900.000000	2.48377   	2900.000000	2.47098   	2900.000000	2.38329   	2900.000000	2.47097   	2900.000000	2.48365   	2900.000000	0.000117433	
3000.000000	2.15491   	3000.000000	2.49777   	3000.000000	2.47367   	3000.000000	2.38609   	3000.000000	2.47365   	3000.000000	2.49766   	3000.000000	0.000113789	
3200.000000	2.19131   	3200.000000	2.52746   	3200.000000	2.47982   	3200.000000	2.39246   	3200.000000	2.47981   	3200.000000	2.52735   	3200.000000	0.000107161	
3400.000000	2.2302    	3400.000000	2.55905   	3400.000000	2.48679   	3400.000000	2.39963   	3400.000000	2.48679   	3400.000000	2.55895   	3400.000000	0.000101284	
3600.000000	2.27125   	3600.000000	2.59221   	3600.000000	2.49437   	3600.000000	2.40737   	3600.000000	2.49436   	3600.000000	2.59212   	3600.000000	9.60374e-05	
3800.000000	2.31423   	3800.000000	2.6267    	3800.000000	2.50238   	3800.000000	2.41553   	3800.000000	2.50236   	3800.000000	2.62661   	3800.000000	9.13236e-05	
4000.000000	2.35892   	4000.000000	2.66229   	4000.000000	2.51069   	4000.000000	2.42397   	4000.000000	2.51065   	4000.000000	2.66221   	4000.000000	8.70645e-05	
4200.000000	2.40516   	4200.000000	2.69883   	4200.000000	2.51921   	4200.000000	2.4326    	4200.000000	2.51916   	4200.000000	2.69875   	4200.000000	8.31968e-05	
4400.000000	2.45282   	4400.000000	2.73618   	4400.000000	2.52784   	4400.000000	2.44135   	4400.000000	2.52777   	4400.000000	2.7361    	4400.000000	7.96684e-05	
4600.000000	2.50179   	4600.000000	2.77421   	4600.000000	2.53653   	4600.000000	2.45016   	4600.000000	2.53647   	4600.000000	2.77413   	4600.000000	7.6436e-05	
4800.000000	2.55197   	4800.000000	2.81284   	4800.000000	2.54524   	4800.000000	2.45899   	4800.000000	2.54518   	4800.000000	2.81277   	4800.000000	7.34635e-05	
5000.000000	2.60328   	5000.000000	2.852     	5000.000000	2.55394   	5000.000000	2.4678    	5000.000000	2.55388   	5000.000000	2.85193   	5000.000000	7.07205e-05	
5250.000000	2.66891   	5250.000000	2.90157   	5250.000000	2.56474   	5250.000000	2.47875   	5250.000000	2.5647    	5250.000000	2.9015    	5250.000000	6.75755e-05	
5500.000000	2.73609   	5500.000000	2.95174   	5500.000000	2.57544   	5500.000000	2.48959   	5500.000000	2.57542   	5500.000000	2.95167   	5500.000000	6.47065e-05	
6000.000000	2.87474   	6000.000000	3.05353   	6000.000000	2.59645   	6000.000000	2.51086   	6000.000000	2.59644   	6000.000000	3.05347   	6000.000000	5.96616e-05	
6500.000000	3.01866   	6500.000000	3.15684   	6500.000000	2.61684   	6500.000000	2.53147   	6500.000000	2.61682   	6500.000000	3.15678   	6500.000000	5.53672e-05	
7000.000000	3.16742   	7000.000000	3.26126   	7000.000000	2.63639   	7000.000000	2.55137   	7000.000000	2.63649   	7000.000000	3.26121   	7000.000000	5.16659e-05	
7500.000000	3.32073   	7500.000000	3.36653   	7500.000000	2.65543   	7500.000000	2.57053   	7500.000000	2.65543   	7500.000000	3.36648   	7500.000000	4.84419e-05	
8000.000000	3.47834   	8000.000000	3.47242   	8000.000000	2.67368   	8000.000000	2.58897   	8000.000000	2.67365   	8000.000000	3.47238   	8000.000000	4.56075e-05	
8500.000000	3.64009   	8500.000000	3.5788    	8500.000000	2.69117   	8500.000000	2.60671   	8500.000000	2.69116   	8500.000000	3.57876   	8500.000000	4.30955e-05	
9000.000000	3.80582   	9000.000000	3.68553   	9000.000000	2.708     	9000.000000	2.62378   	9000.000000	2.70799   	9000.000000	3.68549   	9000.000000	4.08534e-05	
9500.000000	3.97543   	9500.000000	3.79253   	9500.000000	2.72418   	9500.000000	2.64022   	9500.000000	2.72419   	9500.000000	3.79249   	9500.000000	3.88396e-05	
10000.000000	4.14883   	10000.000000	3.89973   	10000.000000	2.73972   	10000.000000	2.65605   	10000.000000	2.73978   	10000.000000	3.89969   	10000.000000	3.70204e-05	
11000.000000	4.50674   	11000.000000	4.1145    	11000.000000	2.76916   	11000.000000	2.68603   	11000.000000	2.76926   	11000.000000	4.11446   	11000.000000	3.38625e-05	
12000.000000	4.87913   	12000.000000	4.32951   	12000.000000	2.79663   	12000.000000	2.71399   	12000.000000	2.79669   	12000.000000	4.32948   	12000.000000	3.12143e-05	
13000.000000	5.26572   	13000.000000	4.54455   	13000.000000	2.82226   	13000.000000	2.74016   	13000.000000	2.8223    	13000.000000	4.54452   	13000.000000	2.89606e-05	
14000.000000	5.66632   	14000.000000	4.75949   	14000.000000	2.84623   	14000.000000	2.76472   	14000.000000	2.84627   	14000.000000	4.75946   	14000.000000	2.70188e-05	
15000.000000	6.08081   	15000.000000	4.97422   	15000.000000	2.86871   	15000.000000	2.78786   	15000.000000	2.86879   	15000.000000	4.9742    	15000.000000	2.53277e-05	
16000.000000	6.50911   	16000.000000	5.1887    	16000.000000	2.88987   	16000.000000	2.80971   	16000.000000	2.89      	16000.000000	5.18868   	16000.000000	2.38413e-05	
17000.000000	6.95117   	17000.000000	5.40287   	17000.000000	2.90986   	17000.000000	2.83042   	17000.000000	2.91003   	17000.000000	5.40285   	17000.000000	2.25243e-05	
18000.000000	7.40697   	18000.000000	5.61672   	18000.000000	2.92881   	18000.000000	2.85008   	18000.000000	2.92899   	18000.000000	5.6167    	18000.000000	2.1349e-05	
19000.000000	7.8765    	19000.000000	5.83022   	19000.000000	2.94682   	19000.000000	2.86879   	19000.000000	2.94697   	19000.000000	5.8302    	19000.000000	2.02935e-05	
20000.000000	8.35977   	20000.000000	6.04338   	20000.000000	2.964     	20000.000000	2.88664   	20000.000000	2.96406   	20000.000000	6.04336   	20000.000000	1.93403e-05	
21000.000000	8.8568    	21000.000000	6.25617   	21000.000000	2.98038   	21000.000000	2.9037    	21000.000000	2.98034   	21000.000000	6.25615   	21000.000000	1.8475e-05	
22000.000000	9.36762   	22000.000000	6.4686    	22000.000000	2.99591   	22000.000000	2.92004   	22000.000000	2.99586   	22000.000000	6.46859   	22000.000000	1.76859e-05	
23000.000000	9.89226   	23000.000000	6.68068   	23000.000000	3.01067   	23000.000000	2.93571   	23000.000000	3.0107    	23000.000000	6.68067   	23000.000000	1.69632e-05	
24000.000000	10.4308   	24000.000000	6.89241   	24000.000000	3.02481   	24000.000000	2.95077   	24000.000000	3.02489   	24000.000000	6.89239   	24000.000000	1.62989e-05	
25000.000000	10.9832   	25000.000000	7.10379   	25000.000000	3.03844   	25000.000000	2.96526   	25000.000000	3.0385    	25000.000000	7.10377   	25000.000000	1.5686e-05	
26000.000000	11.5496   	26000.000000	7.31482   	26000.000000	3.05155   	26000.000000	2.97922   	26000.000000	3.05153   	26000.000000	7.31481   	26000.000000	1.51188e-05	
27000.000000	12.13     	27000.000000	7.52552   	27000.000000	3.06413   	27000.000000	2.99269   	27000.000000	3.06407   	27000.000000	7.5255    	27000.000000	1.45924e-05	
28000.000000	12.7245   	28000.000000	7.73589   	28000.000000	3.07619   	28000.000000	3.0057    	28000.000000	3.07611   	28000.000000	7.73587   	28000.000000	1.41023e-05	
29000.000000	13.3331   	29000.000000	7.94593   	29000.000000	3.08777   	29000.000000	3.01828   	29000.000000	3.08771   	29000.000000	7.94592   	29000.000000	1.3645e-05	
30000.000000	13.9559   	30000.000000	8.15566   	30000.000000	3.09889   	30000.000000	3.03045   	30000.000000	3.09888   	30000.000000	8.15565   	30000.000000	1.32172e-05	
32000.000000	15.2444   	32000.000000	8.57421   	32000.000000	3.12001   	32000.000000	3.0537    	32000.000000	3.12006   	32000.000000	8.57419   	32000.000000	1.24395e-05	
34000.000000	16.5905   	34000.000000	8.99156   	34000.000000	3.1398    	34000.000000	3.0756    	34000.000000	3.1398    	34000.000000	8.99155   	34000.000000	1.17504e-05	
36000.000000	17.9948   	36000.000000	9.40779   	36000.000000	3.15831   	36000.000000	3.09631   	36000.000000	3.15827   	36000.000000	9.40778   	36000.000000	1.11357e-05	
38000.000000	19.4578   	38000.000000	9.82295   	38000.000000	3.17561   	38000.000000	3.11595   	38000.000000	3.17561   	38000.000000	9.82294   	38000.000000	1.05837e-05	
40000.000000	20.9801   	40000.000000	10.2371   	40000.000000	3.19185   	40000.000000	3.13462   	40000.000000	3.19191   	40000.000000	10.2371   	40000.000000	1.00852e-05	
42000.000000	22.5624   	42000.000000	10.6502   	42000.000000	3.20717   	42000.000000	3.15241   	42000.000000	3.20726   	42000.000000	10.6502   	42000.000000	9.63276e-06	
44000.000000	24.2053   	44000.000000	11.0624   	44000.000000	3.22168   	44000.000000	3.1694    	44000.000000	3.22178   	44000.000000	11.0624   	44000.000000	9.22023e-06	
46000.000000	25.9094   	46000.000000	11.4737   	46000.000000	3.23549   	46000.000000	3.18567   	46000.000000	3.23548   	46000.000000	11.4737   	46000.000000	8.8425e-06	
48000.000000	27.6753   	48000.000000	11.8841   	48000.000000	3.24864   	48000.000000	3.20126   	48000.000000	3.24849   	48000.000000	11.8841   	48000.000000	8.4953e-06	
50000.000000	29.5038   	50000.000000	12.2937   	50000.000000	3.26109   	50000.000000	3.21623   	50000.000000	3.26081   	50000.000000	12.2937   	50000.000000	8.17504e-06	
