! 87Kr energy loss (dE/dX) in He
! apply ZOOM for details
Energy (MeV/u)1	0 - [He-base] F.Hubert et al, AD&ND Tables 46(1990)1	Energy (MeV/u)2	1 - [H -base] J.F.Ziegler et al,Pergamon Press,NY(low energy)	Energy (MeV/u)3	2 - ATIMA 1.2 LS-theory (recommended for high energy)	Energy (MeV/u)4	3 - ATIMA 1.2 without LS-correction	Energy (MeV/u)5	4 - ATIMA 1.4 H.Weick, improved mean charge formula for HI	Energy (MeV/u)6	5 - electrical component of [1] - J.F.Ziegler et al	Energy (MeV/u)7	6 - nuclear component of [1] - J.F.Ziegler et al	
0.001000	0.000179927	0.001000	0.000212907	0.001000	0.000186394	0.001000	0.000186394	0.001000	0.000186404	0.001000	5.46139e-05	0.001000	0.000158293	
0.002000	0.000184119	0.002000	0.000214332	0.002000	0.000183245	0.002000	0.000183245	0.002000	0.000183253	0.002000	7.08254e-05	0.002000	0.000143506	
0.005000	0.000185217	0.005000	0.000208665	0.005000	0.000171629	0.005000	0.000171629	0.005000	0.000171634	0.005000	9.98658e-05	0.005000	0.000108799	
0.008000	0.000188332	0.008000	0.000207844	0.008000	0.000168204	0.008000	0.000168204	0.008000	0.000168207	0.008000	0.000119114	0.008000	8.873e-05 	
0.010000	0.000191301	0.010000	0.000209008	0.010000	0.000168352	0.010000	0.000168352	0.010000	0.000168355	0.010000	0.00012951	0.010000	7.94979e-05	
0.015000	0.000199976	0.015000	0.000214652	0.015000	0.000172697	0.015000	0.000172697	0.015000	0.000172699	0.015000	0.000150778	0.015000	6.38743e-05	
0.020000	0.000209132	0.020000	0.000221912	0.020000	0.000179616	0.020000	0.000179616	0.020000	0.000179617	0.020000	0.000167954	0.020000	5.39587e-05	
0.025000	0.000218156	0.025000	0.000229631	0.025000	0.000187507	0.025000	0.000187507	0.025000	0.000187508	0.025000	0.000182612	0.025000	4.70183e-05	
0.030000	0.000226862	0.030000	0.000237381	0.030000	0.000195743	0.030000	0.000195743	0.030000	0.000195745	0.030000	0.000195534	0.030000	4.18464e-05	
0.035000	0.000235203	0.035000	0.000244991	0.035000	0.000204048	0.035000	0.000204048	0.035000	0.00020405	0.035000	0.000207171	0.035000	3.78207e-05	
0.040000	0.000244988	0.040000	0.000252394	0.040000	0.00021229	0.040000	0.00021229	0.040000	0.000212291	0.040000	0.000217809	0.040000	3.4585e-05	
0.045000	0.000255386	0.045000	0.000259564	0.045000	0.000220403	0.045000	0.000220403	0.045000	0.000220404	0.045000	0.000227645	0.045000	3.1919e-05	
0.050000	0.00026372	0.050000	0.00026655	0.050000	0.000228407	0.050000	0.000228407	0.050000	0.000228408	0.050000	0.000236871	0.050000	2.96791e-05	
0.055000	0.000277808	0.055000	0.00028472	0.055000	0.000247768	0.055000	0.000247768	0.055000	0.000247769	0.055000	0.000256953	0.055000	2.77669e-05	
0.060000	0.000290552	0.060000	0.000302069	0.060000	0.000267148	0.060000	0.000267148	0.060000	0.000267149	0.060000	0.000276203	0.060000	2.5866e-05	
0.070000	0.000312993	0.070000	0.000336078	0.070000	0.000306771	0.070000	0.000306771	0.070000	0.000306772	0.070000	0.000312902	0.070000	2.31753e-05	
0.080000	0.00033756	0.080000	0.000368786	0.080000	0.000346228	0.080000	0.000346228	0.080000	0.000346228	0.080000	0.000347746	0.080000	2.10397e-05	
0.090000	0.000359163	0.090000	0.000400238	0.090000	0.000384976	0.090000	0.000384976	0.090000	0.000384977	0.090000	0.000380939	0.090000	1.92988e-05	
0.100000	0.000378394	0.100000	0.000430347	0.100000	0.000422621	0.100000	0.000422621	0.100000	0.000422621	0.100000	0.000412498	0.100000	1.78495e-05	
0.120000	0.000402513	0.120000	0.000486284	0.120000	0.00049355	0.120000	0.00049355	0.120000	0.000493551	0.120000	0.000470716	0.120000	1.55676e-05	
0.140000	0.000427775	0.140000	0.000536523	0.140000	0.000557691	0.140000	0.000557691	0.140000	0.000557692	0.140000	0.000522677	0.140000	1.38458e-05	
0.160000	0.000457918	0.160000	0.000596785	0.160000	0.000614644	0.160000	0.000614644	0.160000	0.000614644	0.160000	0.000584289	0.160000	1.24958e-05	
0.180000	0.00048633	0.180000	0.000653802	0.180000	0.000664579	0.180000	0.000664579	0.180000	0.00066458	0.180000	0.000642396	0.180000	1.14058e-05	
0.200000	0.000513884	0.200000	0.000704607	0.200000	0.000708003	0.200000	0.000708003	0.200000	0.000708004	0.200000	0.000694101	0.200000	1.05055e-05	
0.250000	0.000562715	0.250000	0.000808958	0.250000	0.000792566	0.250000	0.000792566	0.250000	0.000792567	0.250000	0.000800147	0.250000	8.81151e-06	
0.300000	0.000606819	0.300000	0.000888457	0.300000	0.000851436	0.300000	0.000851436	0.300000	0.000851436	0.300000	0.000880837	0.300000	7.62012e-06	
0.350000	0.0006477 	0.350000	0.000951929	0.350000	0.000893378	0.350000	0.000893378	0.350000	0.000893379	0.350000	0.000945197	0.350000	6.73241e-06	
0.400000	0.000683867	0.400000	0.00100266	0.400000	0.000924422	0.400000	0.000924422	0.400000	0.000924423	0.400000	0.000996618	0.400000	6.04312e-06	
0.450000	0.000715579	0.450000	0.00104324	0.450000	0.000948417	0.450000	0.000948417	0.450000	0.000948417	0.450000	0.00103775	0.450000	5.49105e-06	
0.500000	0.00074328	0.500000	0.00107604	0.500000	0.000967737	0.500000	0.000967737	0.500000	0.000967738	0.500000	0.001071  	0.500000	5.03805e-06	
0.600000	0.000763505	0.600000	0.00112469	0.600000	0.00101558	0.600000	0.00101558	0.600000	0.00101559	0.600000	0.00112036	0.600000	4.33697e-06	
0.700000	0.000778885	0.700000	0.00117417	0.700000	0.00105471	0.700000	0.00105471	0.700000	0.00105471	0.700000	0.00117035	0.700000	3.81785e-06	
0.800000	0.000812759	0.800000	0.00120837	0.800000	0.00108393	0.800000	0.00108393	0.800000	0.00108393	0.800000	0.00120495	0.800000	3.41675e-06	
0.900000	0.000838818	0.900000	0.0012317 	0.900000	0.00110606	0.900000	0.00110606	0.900000	0.00110606	0.900000	0.00122861	0.900000	3.0968e-06	
1.000000	0.000858817	1.000000	0.00124717	1.000000	0.00112281	1.000000	0.00112281	1.000000	0.00112281	1.000000	0.00124434	1.000000	2.83517e-06	
1.250000	0.000884775	1.250000	0.00125885	1.250000	0.00114798	1.250000	0.00114798	1.250000	0.00114798	1.250000	0.0012565 	1.250000	2.34956e-06	
1.500000	0.000893895	1.500000	0.00125228	1.500000	0.0011572 	1.500000	0.0011572 	1.500000	0.00115721	1.500000	0.00125026	1.500000	2.01341e-06	
1.750000	0.000893705	1.750000	0.00123729	1.750000	0.00115651	1.750000	0.00115651	1.750000	0.00115651	1.750000	0.00123552	1.750000	1.76595e-06	
2.000000	0.00088476	2.000000	0.00121358	2.000000	0.00114948	2.000000	0.00114948	2.000000	0.00114949	2.000000	0.001212  	2.000000	1.57566e-06	
2.250000	0.000874132	2.250000	0.00118796	2.250000	0.00113839	2.250000	0.00113839	2.250000	0.00113839	2.250000	0.00118654	2.250000	1.42446e-06	
2.500000	0.0011617 	2.500000	0.00116268	2.500000	0.00112468	2.500000	0.00112468	2.500000	0.00112468	2.500000	0.00116138	2.500000	1.30124e-06	
3.000000	0.00111132	3.000000	0.00111402	3.000000	0.00109298	3.000000	0.00109298	3.000000	0.00109298	3.000000	0.0011129 	3.000000	1.11209e-06	
3.500000	0.00106121	3.500000	0.00106649	3.500000	0.00105316	3.500000	0.00105316	3.500000	0.00105316	3.500000	0.00106552	3.500000	9.73305e-07	
4.000000	0.00101363	4.000000	0.00102334	4.000000	0.00101523	4.000000	0.00101523	4.000000	0.00101523	4.000000	0.00102247	4.000000	8.66868e-07	
4.500000	0.000969302	4.500000	0.000984693	4.500000	0.000979847	4.500000	0.000979847	4.500000	0.000979848	4.500000	0.000983911	4.500000	7.82488e-07	
5.000000	0.00092834	5.000000	0.000948759	5.000000	0.00094682	5.000000	0.00094682	5.000000	0.000946821	5.000000	0.000948045	5.000000	7.1385e-07	
5.500000	0.000890595	5.500000	0.000915155	5.500000	0.00091596	5.500000	0.00091596	5.500000	0.000915961	5.500000	0.000914498	5.500000	6.56858e-07	
6.000000	0.000855824	6.000000	0.000883842	6.000000	0.000887082	6.000000	0.000887082	6.000000	0.000887082	6.000000	0.000883233	6.000000	6.08735e-07	
6.500000	0.000823756	6.500000	0.000854698	6.500000	0.000860011	6.500000	0.000860011	6.500000	0.000860012	6.500000	0.000854131	6.500000	5.67525e-07	
7.000000	0.000794127	7.000000	0.000827488	7.000000	0.00083459	7.000000	0.00083459	7.000000	0.000834591	7.000000	0.000826957	7.000000	5.31817e-07	
7.500000	0.000766693	7.500000	0.000802007	7.500000	0.000810676	7.500000	0.000810676	7.500000	0.000810677	7.500000	0.000801507	7.500000	5.00558e-07	
8.000000	0.00074123	8.000000	0.000778121	8.000000	0.000788139	8.000000	0.000788139	8.000000	0.00078814	8.000000	0.000777648	8.000000	4.72953e-07	
8.500000	0.000717543	8.500000	0.000755675	8.500000	0.000766864	8.500000	0.000766864	8.500000	0.000766865	8.500000	0.000755226	8.500000	4.48385e-07	
9.000000	0.000695455	9.000000	0.000734535	9.000000	0.000746747	9.000000	0.000746747	9.000000	0.000746748	9.000000	0.000734108	9.000000	4.26371e-07	
9.500000	0.000674812	9.500000	0.000714584	9.500000	0.000727695	9.500000	0.000727695	9.500000	0.000727695	9.500000	0.000714177	9.500000	4.06527e-07	
10.000000	0.000655478	10.000000	0.000666768	10.000000	0.000709624	10.000000	0.000709624	10.000000	0.000709624	10.000000	0.00066638	10.000000	3.8854e-07	
11.000000	0.000620266	11.000000	0.00064199	11.000000	0.00067134	11.000000	0.00067719	11.000000	0.000680105	11.000000	0.000641633	11.000000	3.5717e-07	
12.000000	0.00058901	12.000000	0.00061872	12.000000	0.000637288	12.000000	0.000647898	12.000000	0.000652758	12.000000	0.000618389	12.000000	3.30713e-07	
13.000000	0.00056107	13.000000	0.000596928	13.000000	0.000606826	13.000000	0.000621331	13.000000	0.000627432	13.000000	0.00059662	13.000000	3.08082e-07	
14.000000	0.000535939	14.000000	0.000576543	14.000000	0.000579441	14.000000	0.00059714	14.000000	0.000603968	14.000000	0.000576254	14.000000	2.8849e-07	
15.000000	0.000513204	15.000000	0.000557472	15.000000	0.000554711	15.000000	0.000575032	15.000000	0.000582212	15.000000	0.000557201	15.000000	2.71356e-07	
16.000000	0.000492532	16.000000	0.000539619	16.000000	0.000532279	16.000000	0.000554759	16.000000	0.000562019	16.000000	0.000539363	16.000000	2.56236e-07	
17.000000	0.00047365	17.000000	0.000522888	17.000000	0.00051185	17.000000	0.000536112	17.000000	0.000543255	17.000000	0.000522645	17.000000	2.42789e-07	
18.000000	0.000456328	18.000000	0.000507187	18.000000	0.000493186	18.000000	0.000518911	18.000000	0.000525772	18.000000	0.000506957	18.000000	2.3075e-07	
19.000000	0.000440376	19.000000	0.000492434	19.000000	0.00047609	19.000000	0.000503004	19.000000	0.000509489	19.000000	0.000492214	19.000000	2.19903e-07	
20.000000	0.000425635	20.000000	0.00047855	20.000000	0.000460397	20.000000	0.000488259	20.000000	0.000494311	20.000000	0.00047834	20.000000	2.10077e-07	
21.000000	0.000411969	21.000000	0.000465464	21.000000	0.000445944	21.000000	0.000474561	21.000000	0.000480099	21.000000	0.000465263	21.000000	2.01133e-07	
22.000000	0.000399261	22.000000	0.000453113	22.000000	0.000432582	22.000000	0.00046181	22.000000	0.00046683	22.000000	0.00045292	22.000000	1.92955e-07	
23.000000	0.000387411	23.000000	0.000441439	23.000000	0.00042021	23.000000	0.000449919	23.000000	0.000454392	23.000000	0.000441254	23.000000	1.85448e-07	
24.000000	0.000376333	24.000000	0.000430389	24.000000	0.000408758	24.000000	0.000438811	24.000000	0.000442739	24.000000	0.00043021	24.000000	1.78529e-07	
25.000000	0.000365953	25.000000	0.000419915	25.000000	0.000398143	25.000000	0.000428418	25.000000	0.000431801	25.000000	0.000419742	25.000000	1.72133e-07	
27.000000	0.00034703	27.000000	0.000400527	27.000000	0.000379059	27.000000	0.000409546	27.000000	0.000411871	27.000000	0.000400366	27.000000	1.60682e-07	
29.000000	0.000330208	29.000000	0.000382977	29.000000	0.000362445	29.000000	0.000392895	29.000000	0.000394228	29.000000	0.000382826	29.000000	1.50725e-07	
31.000000	0.000315148	31.000000	0.000367017	31.000000	0.000348085	31.000000	0.000376848	31.000000	0.000377048	31.000000	0.000366875	31.000000	1.41982e-07	
33.000000	0.000301581	33.000000	0.000352442	33.000000	0.000335188	33.000000	0.000361107	33.000000	0.00036027	33.000000	0.000352307	33.000000	1.34241e-07	
35.000000	0.000289289	35.000000	0.000339079	35.000000	0.000323301	35.000000	0.000346741	35.000000	0.000345163	35.000000	0.000338952	35.000000	1.27337e-07	
38.000000	0.000272869	38.000000	0.000320999	38.000000	0.000307105	38.000000	0.000327398	38.000000	0.000325107	38.000000	0.00032088	38.000000	1.18271e-07	
41.000000	0.000258461	41.000000	0.000304925	41.000000	0.000292639	41.000000	0.000310293	41.000000	0.000307611	41.000000	0.000304815	41.000000	1.10462e-07	
44.000000	0.00024571	44.000000	0.000290543	44.000000	0.00027961	44.000000	0.000295057	44.000000	0.000292193	44.000000	0.000290439	44.000000	1.03663e-07	
47.000000	0.00023434	47.000000	0.000277597	47.000000	0.000267834	47.000000	0.000281399	47.000000	0.000278478	47.000000	0.000277499	47.000000	9.76862e-08	
50.000000	0.000224132	50.000000	0.000265884	50.000000	0.000257118	50.000000	0.000269086	50.000000	0.0002662 	50.000000	0.000265792	50.000000	9.23895e-08	
55.000000	0.000209247	55.000000	0.000248657	55.000000	0.000241306	55.000000	0.000251052	55.000000	0.000248331	55.000000	0.000248572	55.000000	8.47808e-08	
60.000000	0.000196509	60.000000	0.000233789	60.000000	0.000227559	60.000000	0.00023556	60.000000	0.000233078	60.000000	0.00023371	60.000000	7.83772e-08	
65.000000	0.000185477	65.000000	0.000220825	65.000000	0.000215501	65.000000	0.000222108	65.000000	0.000219889	65.000000	0.000220752	65.000000	7.29098e-08	
70.000000	0.000175821	70.000000	0.000209423	70.000000	0.000204875	70.000000	0.000210318	70.000000	0.000208365	70.000000	0.000209355	70.000000	6.81849e-08	
75.000000	0.000167295	75.000000	0.000199316	75.000000	0.000195416	75.000000	0.0001999 	75.000000	0.000198284	75.000000	0.000199252	75.000000	6.40588e-08	
80.000000	0.000159706	80.000000	0.000190296	80.000000	0.000186944	80.000000	0.000190629	80.000000	0.00018932	80.000000	0.000190235	80.000000	6.04231e-08	
85.000000	0.000152905	85.000000	0.000182196	85.000000	0.000179309	85.000000	0.000182326	85.000000	0.000181289	85.000000	0.000182139	85.000000	5.71941e-08	
90.000000	0.000146773	90.000000	0.000174883	90.000000	0.000172395	90.000000	0.000174846	90.000000	0.000174055	90.000000	0.000174828	90.000000	5.43063e-08	
95.000000	0.000141213	95.000000	0.000168247	95.000000	0.000166119	95.000000	0.000168074	95.000000	0.000167512	95.000000	0.000168195	95.000000	5.17076e-08	
100.000000	0.000136147	100.000000	0.000162199	100.000000	0.000160364	100.000000	0.000161914	100.000000	0.000161558	100.000000	0.00016215	100.000000	4.93562e-08	
105.000000	0.000131511	105.000000	0.000156664	105.000000	0.000155115	105.000000	0.000156286	105.000000	0.000156112	105.000000	0.000156617	105.000000	4.72179e-08	
110.000000	0.00012725	110.000000	0.00015158	110.000000	0.000150267	110.000000	0.000151126	110.000000	0.000151126	110.000000	0.000151535	110.000000	4.52645e-08	
115.000000	0.00012332	115.000000	0.000146893	115.000000	0.000145792	115.000000	0.000146376	115.000000	0.000146524	115.000000	0.00014685	115.000000	4.34728e-08	
120.000000	0.000119682	120.000000	0.00014256	120.000000	0.00014165	120.000000	0.000141991	120.000000	0.000142283	120.000000	0.000142518	120.000000	4.18232e-08	
125.000000	0.000116306	125.000000	0.000138541	125.000000	0.000137801	125.000000	0.00013793	125.000000	0.000138348	125.000000	0.000138501	125.000000	4.02992e-08	
130.000000	0.000113162	130.000000	0.000134804	130.000000	0.000134224	130.000000	0.000134158	130.000000	0.000134697	130.000000	0.000134766	130.000000	3.88868e-08	
135.000000	0.000110227	135.000000	0.000131321	135.000000	0.000130879	135.000000	0.000130646	135.000000	0.00013129	135.000000	0.000131283	135.000000	3.75741e-08	
140.000000	0.00010748	140.000000	0.000128065	140.000000	0.00012775	140.000000	0.000127368	140.000000	0.000128115	140.000000	0.000128029	140.000000	3.63506e-08	
145.000000	0.000104903	145.000000	0.000125017	145.000000	0.000124824	145.000000	0.000124301	145.000000	0.000125133	145.000000	0.000124982	145.000000	3.52075e-08	
150.000000	0.000102481	150.000000	0.000122156	150.000000	0.000122079	150.000000	0.000121426	150.000000	0.000122343	150.000000	0.000122122	150.000000	3.4137e-08	
155.000000	9.90298e-05	155.000000	0.000119466	155.000000	0.000119482	155.000000	0.000118726	155.000000	0.000119716	155.000000	0.000119433	155.000000	3.31323e-08	
160.000000	9.70271e-05	160.000000	0.000116933	160.000000	0.000117033	160.000000	0.000116185	160.000000	0.000117244	160.000000	0.0001169 	160.000000	3.21875e-08	
165.000000	9.51354e-05	165.000000	0.000114542	165.000000	0.000114732	165.000000	0.000113789	165.000000	0.000114915	165.000000	0.000114511	165.000000	3.12971e-08	
170.000000	9.33456e-05	170.000000	0.000112283	170.000000	0.000112553	170.000000	0.000111527	170.000000	0.000112708	170.000000	0.000112252	170.000000	3.04567e-08	
175.000000	9.16496e-05	175.000000	0.000110144	175.000000	0.000110486	175.000000	0.000109388	175.000000	0.000110625	175.000000	0.000110115	175.000000	2.96621e-08	
180.000000	9.00401e-05	180.000000	0.000108117	180.000000	0.000108528	180.000000	0.000107361	180.000000	0.00010865	180.000000	0.000108088	180.000000	2.89095e-08	
185.000000	8.85106e-05	185.000000	0.000106193	185.000000	0.000106668	185.000000	0.00010544	185.000000	0.000106773	185.000000	0.000106165	185.000000	2.81957e-08	
190.000000	8.70552e-05	190.000000	0.000104365	190.000000	0.000104896	190.000000	0.000103615	190.000000	0.000104992	190.000000	0.000104337	190.000000	2.75178e-08	
195.000000	8.56686e-05	195.000000	0.000102625	195.000000	0.000103209	195.000000	0.000101879	195.000000	0.000103297	195.000000	0.000102598	195.000000	2.68729e-08	
200.000000	8.4346e-05	200.000000	0.000100967	200.000000	0.000101603	200.000000	0.000100227	200.000000	0.000101679	200.000000	0.000100941	200.000000	2.62589e-08	
210.000000	8.18756e-05	210.000000	9.78767e-05	210.000000	9.86113e-05	210.000000	9.71497e-05	210.000000	9.86701e-05	210.000000	9.78516e-05	210.000000	2.51144e-08	
220.000000	7.96136e-05	220.000000	9.50539e-05	220.000000	9.58684e-05	220.000000	9.43427e-05	220.000000	9.5916e-05	220.000000	9.50298e-05	220.000000	2.40693e-08	
230.000000	7.75344e-05	230.000000	9.24657e-05	230.000000	9.3364e-05	230.000000	9.17722e-05	230.000000	9.33946e-05	230.000000	9.24426e-05	230.000000	2.31109e-08	
240.000000	7.56167e-05	240.000000	9.00844e-05	240.000000	9.10472e-05	240.000000	8.94101e-05	240.000000	9.10722e-05	240.000000	9.00621e-05	240.000000	2.22289e-08	
250.000000	7.38423e-05	250.000000	8.78863e-05	250.000000	8.89102e-05	250.000000	8.72323e-05	250.000000	8.89308e-05	250.000000	8.78649e-05	250.000000	2.14142e-08	
260.000000	7.21957e-05	260.000000	8.58515e-05	260.000000	8.69347e-05	260.000000	8.52186e-05	260.000000	8.69473e-05	260.000000	8.58308e-05	260.000000	2.06594e-08	
270.000000	7.06636e-05	270.000000	8.39625e-05	270.000000	8.50954e-05	270.000000	8.33513e-05	270.000000	8.51082e-05	270.000000	8.39426e-05	270.000000	1.9958e-08	
280.000000	6.92344e-05	280.000000	8.22046e-05	280.000000	8.33867e-05	280.000000	8.16155e-05	280.000000	8.33943e-05	280.000000	8.21853e-05	280.000000	1.93044e-08	
290.000000	6.78981e-05	290.000000	8.05648e-05	290.000000	8.1792e-05	290.000000	7.99979e-05	290.000000	8.17992e-05	290.000000	8.05461e-05	290.000000	1.86939e-08	
300.000000	6.6646e-05	300.000000	7.90317e-05	300.000000	8.03017e-05	300.000000	7.84873e-05	300.000000	8.0304e-05	300.000000	7.90136e-05	300.000000	1.81224e-08	
310.000000	6.54705e-05	310.000000	7.75955e-05	310.000000	7.89076e-05	310.000000	7.70737e-05	310.000000	7.89063e-05	310.000000	7.75779e-05	310.000000	1.7586e-08	
320.000000	6.43648e-05	320.000000	7.62474e-05	320.000000	7.75999e-05	320.000000	7.57482e-05	320.000000	7.75939e-05	320.000000	7.62304e-05	320.000000	1.70817e-08	
330.000000	6.33229e-05	330.000000	7.49799e-05	330.000000	7.63671e-05	330.000000	7.45031e-05	330.000000	7.63597e-05	330.000000	7.49633e-05	330.000000	1.66066e-08	
340.000000	6.23396e-05	340.000000	7.3786e-05	340.000000	7.52045e-05	340.000000	7.33315e-05	340.000000	7.51997e-05	340.000000	7.37699e-05	340.000000	1.61582e-08	
350.000000	6.141e-05 	350.000000	7.26598e-05	350.000000	7.41089e-05	350.000000	7.22274e-05	350.000000	7.41027e-05	350.000000	7.2644e-05	350.000000	1.57343e-08	
360.000000	6.05301e-05	360.000000	7.15957e-05	360.000000	7.30745e-05	360.000000	7.11853e-05	360.000000	7.30678e-05	360.000000	7.15804e-05	360.000000	1.5333e-08	
370.000000	5.9696e-05	370.000000	7.05889e-05	370.000000	7.20964e-05	370.000000	7.02003e-05	370.000000	7.20905e-05	370.000000	7.0574e-05	370.000000	1.49523e-08	
380.000000	5.89043e-05	380.000000	6.96352e-05	380.000000	7.11712e-05	380.000000	6.9268e-05	380.000000	7.1162e-05	380.000000	6.96206e-05	380.000000	1.45909e-08	
390.000000	5.81519e-05	390.000000	6.87304e-05	390.000000	7.02931e-05	390.000000	6.83844e-05	390.000000	7.02829e-05	390.000000	6.87162e-05	390.000000	1.42471e-08	
400.000000	5.74361e-05	400.000000	6.78712e-05	400.000000	6.94564e-05	400.000000	6.75461e-05	400.000000	6.94497e-05	400.000000	6.78573e-05	400.000000	1.39198e-08	
410.000000	5.67543e-05	410.000000	6.70543e-05	410.000000	6.86612e-05	410.000000	6.67497e-05	410.000000	6.86554e-05	410.000000	6.70407e-05	410.000000	1.36078e-08	
420.000000	5.61042e-05	420.000000	6.62767e-05	420.000000	6.7908e-05	420.000000	6.59925e-05	420.000000	6.79004e-05	420.000000	6.62634e-05	420.000000	1.33099e-08	
430.000000	5.54839e-05	430.000000	6.55359e-05	430.000000	6.71914e-05	430.000000	6.52716e-05	430.000000	6.71823e-05	430.000000	6.55229e-05	430.000000	1.30254e-08	
440.000000	5.48912e-05	440.000000	6.48293e-05	440.000000	6.6506e-05	440.000000	6.45847e-05	440.000000	6.64969e-05	440.000000	6.48166e-05	440.000000	1.27532e-08	
450.000000	5.43246e-05	450.000000	6.41549e-05	450.000000	6.58507e-05	450.000000	6.39295e-05	450.000000	6.58423e-05	450.000000	6.41424e-05	450.000000	1.24925e-08	
460.000000	5.37825e-05	460.000000	6.35105e-05	460.000000	6.5225e-05	460.000000	6.33041e-05	460.000000	6.52179e-05	460.000000	6.34983e-05	460.000000	1.22428e-08	
470.000000	5.32632e-05	470.000000	6.28943e-05	470.000000	6.46275e-05	470.000000	6.27066e-05	470.000000	6.46218e-05	470.000000	6.28823e-05	470.000000	1.20031e-08	
480.000000	5.27656e-05	480.000000	6.23047e-05	480.000000	6.40562e-05	480.000000	6.21352e-05	480.000000	6.40499e-05	480.000000	6.22929e-05	480.000000	1.17731e-08	
490.000000	5.22883e-05	490.000000	6.17399e-05	490.000000	6.35093e-05	490.000000	6.15884e-05	490.000000	6.35026e-05	490.000000	6.17284e-05	490.000000	1.1552e-08	
500.000000	5.18302e-05	500.000000	6.11987e-05	500.000000	6.29852e-05	500.000000	6.10647e-05	500.000000	6.29789e-05	500.000000	6.11873e-05	500.000000	1.13394e-08	
520.000000	5.09675e-05	520.000000	6.01814e-05	520.000000	6.2001e-05	520.000000	6.00816e-05	520.000000	6.19949e-05	520.000000	6.01704e-05	520.000000	1.09377e-08	
540.000000	5.01698e-05	540.000000	5.92432e-05	540.000000	6.10952e-05	540.000000	5.91761e-05	540.000000	6.10875e-05	540.000000	5.92326e-05	540.000000	1.05644e-08	
560.000000	4.94305e-05	560.000000	5.83759e-05	560.000000	6.0257e-05	560.000000	5.83402e-05	560.000000	6.02499e-05	560.000000	5.83657e-05	560.000000	1.02168e-08	
580.000000	4.8744e-05	580.000000	5.75724e-05	580.000000	5.94778e-05	580.000000	5.75667e-05	580.000000	5.94732e-05	580.000000	5.75625e-05	580.000000	9.89205e-09	
600.000000	4.81052e-05	600.000000	5.68265e-05	600.000000	5.87576e-05	600.000000	5.68494e-05	600.000000	5.8754e-05	600.000000	5.68169e-05	600.000000	9.58809e-09	
620.000000	4.75099e-05	620.000000	5.61327e-05	620.000000	5.80898e-05	620.000000	5.6183e-05	620.000000	5.80836e-05	620.000000	5.61234e-05	620.000000	9.30292e-09	
640.000000	4.69541e-05	640.000000	5.54864e-05	640.000000	5.74654e-05	640.000000	5.55626e-05	640.000000	5.74602e-05	640.000000	5.54773e-05	640.000000	9.03483e-09	
660.000000	4.64345e-05	660.000000	5.48832e-05	660.000000	5.68814e-05	660.000000	5.49842e-05	660.000000	5.68785e-05	660.000000	5.48744e-05	660.000000	8.78231e-09	
680.000000	4.59481e-05	680.000000	5.43196e-05	680.000000	5.63361e-05	680.000000	5.44439e-05	680.000000	5.63343e-05	680.000000	5.4311e-05	680.000000	8.54403e-09	
700.000000	4.54921e-05	700.000000	5.37922e-05	700.000000	5.58275e-05	700.000000	5.39386e-05	700.000000	5.5826e-05	700.000000	5.37838e-05	700.000000	8.3188e-09	
720.000000	4.50642e-05	720.000000	5.3298e-05	720.000000	5.53527e-05	720.000000	5.34653e-05	720.000000	5.53489e-05	720.000000	5.32899e-05	720.000000	8.10557e-09	
740.000000	4.46623e-05	740.000000	5.28345e-05	740.000000	5.4907e-05	740.000000	5.30215e-05	740.000000	5.49013e-05	740.000000	5.28266e-05	740.000000	7.90339e-09	
760.000000	4.42845e-05	760.000000	5.23993e-05	760.000000	5.44867e-05	760.000000	5.26047e-05	760.000000	5.44815e-05	760.000000	5.23915e-05	760.000000	7.71141e-09	
780.000000	4.39288e-05	780.000000	5.19902e-05	780.000000	5.40906e-05	780.000000	5.22129e-05	780.000000	5.40859e-05	780.000000	5.19827e-05	780.000000	7.52887e-09	
800.000000	4.35939e-05	800.000000	5.16054e-05	800.000000	5.37179e-05	800.000000	5.18442e-05	800.000000	5.37134e-05	800.000000	5.1598e-05	800.000000	7.35508e-09	
820.000000	4.32783e-05	820.000000	5.12431e-05	820.000000	5.33669e-05	820.000000	5.14969e-05	820.000000	5.3363e-05	820.000000	5.12359e-05	820.000000	7.18943e-09	
840.000000	4.29807e-05	840.000000	5.09017e-05	840.000000	5.30363e-05	840.000000	5.11694e-05	840.000000	5.30322e-05	840.000000	5.08947e-05	840.000000	7.03133e-09	
860.000000	4.26999e-05	860.000000	5.05799e-05	860.000000	5.27242e-05	860.000000	5.08603e-05	860.000000	5.27193e-05	860.000000	5.0573e-05	860.000000	6.8803e-09	
880.000000	4.24348e-05	880.000000	5.02763e-05	880.000000	5.24291e-05	880.000000	5.05683e-05	880.000000	5.24242e-05	880.000000	5.02696e-05	880.000000	6.73584e-09	
900.000000	4.21844e-05	900.000000	4.99898e-05	900.000000	5.21492e-05	900.000000	5.02923e-05	900.000000	5.21456e-05	900.000000	4.99832e-05	900.000000	6.59754e-09	
920.000000	4.19479e-05	920.000000	4.97192e-05	920.000000	5.18835e-05	920.000000	5.00313e-05	920.000000	5.18808e-05	920.000000	4.97127e-05	920.000000	6.46502e-09	
940.000000	4.17244e-05	940.000000	4.94635e-05	940.000000	5.16318e-05	940.000000	4.97841e-05	940.000000	5.16304e-05	940.000000	4.94572e-05	940.000000	6.3379e-09	
960.000000	4.15131e-05	960.000000	4.92219e-05	960.000000	5.13937e-05	960.000000	4.955e-05 	960.000000	5.13935e-05	960.000000	4.92157e-05	960.000000	6.21586e-09	
980.000000	4.13134e-05	980.000000	4.89935e-05	980.000000	5.11686e-05	980.000000	4.93282e-05	980.000000	5.1169e-05	980.000000	4.89874e-05	980.000000	6.0986e-09	
1000.000000	4.11246e-05	1000.000000	4.87775e-05	1000.000000	5.09556e-05	1000.000000	4.91177e-05	1000.000000	5.09552e-05	1000.000000	4.87715e-05	1000.000000	5.98585e-09	
1020.000000	4.09461e-05	1020.000000	4.85732e-05	1020.000000	5.07538e-05	1020.000000	4.89181e-05	1020.000000	5.07526e-05	1020.000000	4.85674e-05	1020.000000	5.87733e-09	
1040.000000	4.07773e-05	1040.000000	4.838e-05 	1040.000000	5.05622e-05	1040.000000	4.87285e-05	1040.000000	5.05605e-05	1040.000000	4.83743e-05	1040.000000	5.77282e-09	
1060.000000	4.06177e-05	1060.000000	4.81972e-05	1060.000000	5.03801e-05	1060.000000	4.85485e-05	1060.000000	5.03782e-05	1060.000000	4.81916e-05	1060.000000	5.6721e-09	
1080.000000	4.04669e-05	1080.000000	4.80243e-05	1080.000000	5.02068e-05	1080.000000	4.83774e-05	1080.000000	5.0204e-05	1080.000000	4.80188e-05	1080.000000	5.57495e-09	
1100.000000	4.03244e-05	1100.000000	4.78608e-05	1100.000000	5.00417e-05	1100.000000	4.82147e-05	1100.000000	5.00387e-05	1100.000000	4.78553e-05	1100.000000	5.4812e-09	
1120.000000	4.01897e-05	1120.000000	4.77061e-05	1120.000000	4.98842e-05	1120.000000	4.80601e-05	1120.000000	4.98816e-05	1120.000000	4.77007e-05	1120.000000	5.39066e-09	
1140.000000	4.00625e-05	1140.000000	4.75597e-05	1140.000000	4.97339e-05	1140.000000	4.7913e-05	1140.000000	4.97323e-05	1140.000000	4.75544e-05	1140.000000	5.30316e-09	
1160.000000	3.99425e-05	1160.000000	4.74214e-05	1160.000000	4.95908e-05	1160.000000	4.7773e-05	1160.000000	4.95899e-05	1160.000000	4.74162e-05	1160.000000	5.21857e-09	
1180.000000	3.98293e-05	1180.000000	4.72906e-05	1180.000000	4.94546e-05	1180.000000	4.76398e-05	1180.000000	4.94541e-05	1180.000000	4.72855e-05	1180.000000	5.13673e-09	
1200.000000	3.97225e-05	1200.000000	4.71671e-05	1200.000000	4.93251e-05	1200.000000	4.75129e-05	1200.000000	4.93249e-05	1200.000000	4.7162e-05	1200.000000	5.0575e-09	
1220.000000	3.96219e-05	1220.000000	4.70503e-05	1220.000000	4.92021e-05	1220.000000	4.73921e-05	1220.000000	4.9202e-05	1220.000000	4.70454e-05	1220.000000	4.98077e-09	
1240.000000	3.95273e-05	1240.000000	4.69401e-05	1240.000000	4.90853e-05	1240.000000	4.72771e-05	1240.000000	4.90851e-05	1240.000000	4.69352e-05	1240.000000	4.90642e-09	
1260.000000	3.94382e-05	1260.000000	4.68362e-05	1260.000000	4.89741e-05	1260.000000	4.71675e-05	1260.000000	4.89733e-05	1260.000000	4.68313e-05	1260.000000	4.83433e-09	
1280.000000	3.93546e-05	1280.000000	4.67381e-05	1280.000000	4.88681e-05	1280.000000	4.7063e-05	1280.000000	4.88666e-05	1280.000000	4.67334e-05	1280.000000	4.76441e-09	
1300.000000	3.92761e-05	1300.000000	4.66458e-05	1300.000000	4.8767e-05	1300.000000	4.69635e-05	1300.000000	4.8765e-05	1300.000000	4.66411e-05	1300.000000	4.69655e-09	
1320.000000	3.92025e-05	1320.000000	4.65588e-05	1320.000000	4.86704e-05	1320.000000	4.68687e-05	1320.000000	4.86683e-05	1320.000000	4.65542e-05	1320.000000	4.63066e-09	
1340.000000	3.91337e-05	1340.000000	4.6477e-05	1340.000000	4.85781e-05	1340.000000	4.67783e-05	1340.000000	4.85762e-05	1340.000000	4.64725e-05	1340.000000	4.56667e-09	
1360.000000	3.90695e-05	1360.000000	4.64002e-05	1360.000000	4.84898e-05	1360.000000	4.66921e-05	1360.000000	4.84882e-05	1360.000000	4.63957e-05	1360.000000	4.50448e-09	
1380.000000	3.90096e-05	1380.000000	4.63281e-05	1380.000000	4.84056e-05	1380.000000	4.661e-05 	1380.000000	4.84041e-05	1380.000000	4.63237e-05	1380.000000	4.44402e-09	
1400.000000	3.89539e-05	1400.000000	4.62606e-05	1400.000000	4.83251e-05	1400.000000	4.65318e-05	1400.000000	4.83239e-05	1400.000000	4.62562e-05	1400.000000	4.38522e-09	
1420.000000	3.89022e-05	1420.000000	4.61974e-05	1420.000000	4.82484e-05	1420.000000	4.64572e-05	1420.000000	4.82476e-05	1420.000000	4.6193e-05	1420.000000	4.32802e-09	
1440.000000	3.88544e-05	1440.000000	4.61383e-05	1440.000000	4.81752e-05	1440.000000	4.63861e-05	1440.000000	4.8175e-05	1440.000000	4.61341e-05	1440.000000	4.27233e-09	
1460.000000	3.88103e-05	1460.000000	4.60833e-05	1460.000000	4.81055e-05	1460.000000	4.63184e-05	1460.000000	4.81058e-05	1460.000000	4.60791e-05	1460.000000	4.21812e-09	
1480.000000	3.87698e-05	1480.000000	4.60321e-05	1480.000000	4.80391e-05	1480.000000	4.62538e-05	1480.000000	4.80395e-05	1480.000000	4.60279e-05	1480.000000	4.16531e-09	
1500.000000	3.87327e-05	1500.000000	4.59846e-05	1500.000000	4.79758e-05	1500.000000	4.61923e-05	1500.000000	4.79763e-05	1500.000000	4.59805e-05	1500.000000	4.11385e-09	
1520.000000	3.8699e-05	1520.000000	4.59407e-05	1520.000000	4.79155e-05	1520.000000	4.61338e-05	1520.000000	4.79161e-05	1520.000000	4.59366e-05	1520.000000	4.0637e-09	
1540.000000	3.86684e-05	1540.000000	4.59001e-05	1540.000000	4.78581e-05	1540.000000	4.6078e-05	1540.000000	4.78588e-05	1540.000000	4.58961e-05	1540.000000	4.01479e-09	
1560.000000	3.8641e-05	1560.000000	4.58629e-05	1560.000000	4.78034e-05	1560.000000	4.60249e-05	1560.000000	4.78043e-05	1560.000000	4.58589e-05	1560.000000	3.9671e-09	
1580.000000	3.86166e-05	1580.000000	4.58288e-05	1580.000000	4.77513e-05	1580.000000	4.59744e-05	1580.000000	4.77525e-05	1580.000000	4.58248e-05	1580.000000	3.92056e-09	
1600.000000	3.8595e-05	1600.000000	4.57977e-05	1600.000000	4.77017e-05	1600.000000	4.59263e-05	1600.000000	4.7703e-05	1600.000000	4.57938e-05	1600.000000	3.87514e-09	
1620.000000	3.85762e-05	1620.000000	4.57696e-05	1620.000000	4.76545e-05	1620.000000	4.58806e-05	1620.000000	4.76557e-05	1620.000000	4.57657e-05	1620.000000	3.83079e-09	
1640.000000	3.85601e-05	1640.000000	4.57443e-05	1640.000000	4.76097e-05	1640.000000	4.58371e-05	1640.000000	4.76108e-05	1640.000000	4.57405e-05	1640.000000	3.78749e-09	
1660.000000	3.85467e-05	1660.000000	4.57217e-05	1660.000000	4.7567e-05	1660.000000	4.57958e-05	1660.000000	4.75681e-05	1660.000000	4.57179e-05	1660.000000	3.74519e-09	
1680.000000	3.85357e-05	1680.000000	4.57017e-05	1680.000000	4.75264e-05	1680.000000	4.57566e-05	1680.000000	4.75276e-05	1680.000000	4.5698e-05	1680.000000	3.70385e-09	
1700.000000	3.85272e-05	1700.000000	4.56843e-05	1700.000000	4.74879e-05	1700.000000	4.57194e-05	1700.000000	4.74892e-05	1700.000000	4.56806e-05	1700.000000	3.66345e-09	
1750.000000	3.8516e-05	1750.000000	4.56512e-05	1750.000000	4.73998e-05	1750.000000	4.56344e-05	1750.000000	4.74012e-05	1750.000000	4.56477e-05	1750.000000	3.56634e-09	
1800.000000	3.85185e-05	1800.000000	4.56322e-05	1800.000000	4.73227e-05	1800.000000	4.55604e-05	1800.000000	4.7324e-05	1800.000000	4.56288e-05	1800.000000	3.47441e-09	
1850.000000	3.85337e-05	1850.000000	4.56261e-05	1850.000000	4.72556e-05	1850.000000	4.54961e-05	1850.000000	4.72571e-05	1850.000000	4.56227e-05	1850.000000	3.38726e-09	
1900.000000	3.85606e-05	1900.000000	4.56319e-05	1900.000000	4.71975e-05	1900.000000	4.54407e-05	1900.000000	4.7199e-05	1900.000000	4.56286e-05	1900.000000	3.30453e-09	
1950.000000	3.85984e-05	1950.000000	4.56487e-05	1950.000000	4.71476e-05	1950.000000	4.53933e-05	1950.000000	4.7149e-05	1950.000000	4.56455e-05	1950.000000	3.22587e-09	
2000.000000	3.86464e-05	2000.000000	4.56757e-05	2000.000000	4.71052e-05	2000.000000	4.53534e-05	2000.000000	4.71068e-05	2000.000000	4.56725e-05	2000.000000	3.151e-09 	
2100.000000	3.87704e-05	2100.000000	4.57572e-05	2100.000000	4.70403e-05	2100.000000	4.52931e-05	2100.000000	4.70419e-05	2100.000000	4.57542e-05	2100.000000	3.01155e-09	
2200.000000	3.89279e-05	2200.000000	4.58713e-05	2200.000000	4.69985e-05	2200.000000	4.52554e-05	2200.000000	4.70003e-05	2200.000000	4.58684e-05	2200.000000	2.8843e-09	
2300.000000	3.9115e-05	2300.000000	4.60138e-05	2300.000000	4.69761e-05	2300.000000	4.52365e-05	2300.000000	4.69774e-05	2300.000000	4.6011e-05	2300.000000	2.76771e-09	
2400.000000	3.93286e-05	2400.000000	4.61811e-05	2400.000000	4.69699e-05	2400.000000	4.52336e-05	2400.000000	4.69712e-05	2400.000000	4.61784e-05	2400.000000	2.66048e-09	
2500.000000	3.95659e-05	2500.000000	4.63701e-05	2500.000000	4.69775e-05	2500.000000	4.52443e-05	2500.000000	4.69785e-05	2500.000000	4.63676e-05	2500.000000	2.56151e-09	
2600.000000	3.98246e-05	2600.000000	4.65785e-05	2600.000000	4.69969e-05	2600.000000	4.52663e-05	2600.000000	4.69978e-05	2600.000000	4.65761e-05	2600.000000	2.46987e-09	
2700.000000	4.01026e-05	2700.000000	4.6804e-05	2700.000000	4.70261e-05	2700.000000	4.52982e-05	2700.000000	4.70266e-05	2700.000000	4.68016e-05	2700.000000	2.38477e-09	
2800.000000	4.03982e-05	2800.000000	4.70447e-05	2800.000000	4.70638e-05	2800.000000	4.53383e-05	2800.000000	4.70644e-05	2800.000000	4.70424e-05	2800.000000	2.30552e-09	
2900.000000	4.07099e-05	2900.000000	4.72991e-05	2900.000000	4.71086e-05	2900.000000	4.53855e-05	2900.000000	4.7109e-05	2900.000000	4.72969e-05	2900.000000	2.23154e-09	
3000.000000	4.10365e-05	3000.000000	4.75657e-05	3000.000000	4.71596e-05	3000.000000	4.54388e-05	3000.000000	4.71601e-05	3000.000000	4.75636e-05	3000.000000	2.16231e-09	
3200.000000	4.17297e-05	3200.000000	4.8131e-05	3200.000000	4.72766e-05	3200.000000	4.55601e-05	3200.000000	4.72772e-05	3200.000000	4.8129e-05	3200.000000	2.03636e-09	
3400.000000	4.24702e-05	3400.000000	4.87326e-05	3400.000000	4.74092e-05	3400.000000	4.56966e-05	3400.000000	4.741e-05 	3400.000000	4.87307e-05	3400.000000	1.92471e-09	
3600.000000	4.3252e-05	3600.000000	4.93642e-05	3600.000000	4.75532e-05	3600.000000	4.58441e-05	3600.000000	4.75542e-05	3600.000000	4.93624e-05	3600.000000	1.82502e-09	
3800.000000	4.40704e-05	3800.000000	5.00209e-05	3800.000000	4.77054e-05	3800.000000	4.59994e-05	3800.000000	4.77064e-05	3800.000000	5.00192e-05	3800.000000	1.73546e-09	
4000.000000	4.49214e-05	4000.000000	5.06988e-05	4000.000000	4.78633e-05	4000.000000	4.61602e-05	4000.000000	4.78642e-05	4000.000000	5.06971e-05	4000.000000	1.65454e-09	
4200.000000	4.58021e-05	4200.000000	5.13946e-05	4200.000000	4.80251e-05	4200.000000	4.63245e-05	4200.000000	4.80261e-05	4200.000000	5.1393e-05	4200.000000	1.58105e-09	
4400.000000	4.67098e-05	4400.000000	5.21057e-05	4400.000000	4.81892e-05	4400.000000	4.64912e-05	4400.000000	4.81901e-05	4400.000000	5.21042e-05	4400.000000	1.514e-09 	
4600.000000	4.76423e-05	4600.000000	5.283e-05 	4600.000000	4.83545e-05	4600.000000	4.66589e-05	4600.000000	4.83556e-05	4600.000000	5.28286e-05	4600.000000	1.45258e-09	
4800.000000	4.85979e-05	4800.000000	5.35657e-05	4800.000000	4.85203e-05	4800.000000	4.6827e-05	4800.000000	4.85214e-05	4800.000000	5.35643e-05	4800.000000	1.3961e-09	
5000.000000	4.9575e-05	5000.000000	5.43113e-05	5000.000000	4.86858e-05	5000.000000	4.69948e-05	5000.000000	4.8687e-05	5000.000000	5.431e-05 	5000.000000	1.34398e-09	
5250.000000	5.08248e-05	5250.000000	5.52553e-05	5250.000000	4.88915e-05	5250.000000	4.72033e-05	5250.000000	4.88929e-05	5250.000000	5.5254e-05	5250.000000	1.28422e-09	
5500.000000	5.21041e-05	5500.000000	5.62107e-05	5500.000000	4.90954e-05	5500.000000	4.74098e-05	5500.000000	4.90969e-05	5500.000000	5.62095e-05	5500.000000	1.22971e-09	
6000.000000	5.47444e-05	6000.000000	5.81492e-05	6000.000000	4.94956e-05	6000.000000	4.78148e-05	6000.000000	4.94971e-05	6000.000000	5.81481e-05	6000.000000	1.13385e-09	
6500.000000	5.74851e-05	6500.000000	6.01165e-05	6500.000000	4.98841e-05	6500.000000	4.82073e-05	6500.000000	4.9885e-05	6500.000000	6.01154e-05	6500.000000	1.05224e-09	
7000.000000	6.03181e-05	7000.000000	6.21051e-05	7000.000000	5.02595e-05	7000.000000	4.85862e-05	7000.000000	5.02593e-05	7000.000000	6.21041e-05	7000.000000	9.81912e-10	
7500.000000	6.32375e-05	7500.000000	6.41097e-05	7500.000000	5.06188e-05	7500.000000	4.89511e-05	7500.000000	5.06197e-05	7500.000000	6.41087e-05	7500.000000	9.20647e-10	
8000.000000	6.6239e-05	8000.000000	6.61263e-05	8000.000000	5.09653e-05	8000.000000	4.93023e-05	8000.000000	5.09664e-05	8000.000000	6.61254e-05	8000.000000	8.66786e-10	
8500.000000	6.93191e-05	8500.000000	6.8152e-05	8500.000000	5.12991e-05	8500.000000	4.96402e-05	8500.000000	5.12995e-05	8500.000000	6.81512e-05	8500.000000	8.19052e-10	
9000.000000	7.24752e-05	9000.000000	7.01846e-05	9000.000000	5.16198e-05	9000.000000	4.99652e-05	9000.000000	5.16199e-05	9000.000000	7.01838e-05	9000.000000	7.76446e-10	
9500.000000	7.57051e-05	9500.000000	7.22222e-05	9500.000000	5.19278e-05	9500.000000	5.02782e-05	9500.000000	5.19281e-05	9500.000000	7.22215e-05	9500.000000	7.38176e-10	
10000.000000	7.90072e-05	10000.000000	7.42636e-05	10000.000000	5.22239e-05	10000.000000	5.05797e-05	10000.000000	5.22246e-05	10000.000000	7.42629e-05	10000.000000	7.03607e-10	
11000.000000	8.5823e-05	11000.000000	7.83535e-05	11000.000000	5.27838e-05	11000.000000	5.11507e-05	11000.000000	5.27855e-05	11000.000000	7.83528e-05	11000.000000	6.43595e-10	
12000.000000	9.29145e-05	12000.000000	8.2448e-05	12000.000000	5.33058e-05	12000.000000	5.16832e-05	12000.000000	5.33074e-05	12000.000000	8.24474e-05	12000.000000	5.93269e-10	
13000.000000	0.000100276	13000.000000	8.65431e-05	13000.000000	5.37938e-05	13000.000000	5.21814e-05	13000.000000	5.37944e-05	13000.000000	8.65425e-05	13000.000000	5.50441e-10	
14000.000000	0.000107905	14000.000000	9.06362e-05	14000.000000	5.42513e-05	14000.000000	5.26492e-05	14000.000000	5.42503e-05	14000.000000	9.06357e-05	14000.000000	5.13538e-10	
15000.000000	0.000115798	15000.000000	9.47255e-05	15000.000000	5.4681e-05	15000.000000	5.30898e-05	15000.000000	5.46784e-05	15000.000000	9.4725e-05	15000.000000	4.814e-10 	
16000.000000	0.000123955	16000.000000	9.88098e-05	16000.000000	5.50848e-05	16000.000000	5.3506e-05	16000.000000	5.50816e-05	16000.000000	9.88093e-05	16000.000000	4.53153e-10	
17000.000000	0.000132373	17000.000000	0.000102888	17000.000000	5.54649e-05	17000.000000	5.39002e-05	17000.000000	5.54623e-05	17000.000000	0.000102888	17000.000000	4.28123e-10	
18000.000000	0.000141053	18000.000000	0.000106961	18000.000000	5.58241e-05	18000.000000	5.42746e-05	18000.000000	5.58226e-05	18000.000000	0.00010696	18000.000000	4.05787e-10	
19000.000000	0.000149994	19000.000000	0.000111027	19000.000000	5.61647e-05	19000.000000	5.4631e-05	19000.000000	5.61641e-05	19000.000000	0.000111026	19000.000000	3.85727e-10	
20000.000000	0.000159197	20000.000000	0.000115086	20000.000000	5.64887e-05	20000.000000	5.49709e-05	20000.000000	5.64889e-05	20000.000000	0.000115085	20000.000000	3.67611e-10	
21000.000000	0.000168662	21000.000000	0.000119138	21000.000000	5.67978e-05	21000.000000	5.52958e-05	21000.000000	5.67981e-05	21000.000000	0.000119138	21000.000000	3.51165e-10	
22000.000000	0.00017839	22000.000000	0.000123183	22000.000000	5.70932e-05	22000.000000	5.5607e-05	22000.000000	5.70928e-05	22000.000000	0.000123183	22000.000000	3.36168e-10	
23000.000000	0.000188381	23000.000000	0.000127222	23000.000000	5.73744e-05	23000.000000	5.59054e-05	23000.000000	5.73746e-05	23000.000000	0.000127222	23000.000000	3.22433e-10	
24000.000000	0.000198636	24000.000000	0.000131254	24000.000000	5.76433e-05	24000.000000	5.61922e-05	24000.000000	5.76438e-05	24000.000000	0.000131254	24000.000000	3.09807e-10	
25000.000000	0.000209156	25000.000000	0.000135279	25000.000000	5.79016e-05	25000.000000	5.64681e-05	25000.000000	5.79021e-05	25000.000000	0.000135279	25000.000000	2.9816e-10	
26000.000000	0.000219942	26000.000000	0.000139298	26000.000000	5.81493e-05	26000.000000	5.67339e-05	26000.000000	5.81494e-05	26000.000000	0.000139298	26000.000000	2.8738e-10	
27000.000000	0.000230995	27000.000000	0.00014331	27000.000000	5.83866e-05	27000.000000	5.69904e-05	27000.000000	5.83873e-05	27000.000000	0.00014331	27000.000000	2.77374e-10	
28000.000000	0.000242316	28000.000000	0.000147317	28000.000000	5.86147e-05	28000.000000	5.72381e-05	28000.000000	5.86156e-05	28000.000000	0.000147316	28000.000000	2.6806e-10	
29000.000000	0.000253906	29000.000000	0.000151317	29000.000000	5.88345e-05	29000.000000	5.74777e-05	29000.000000	5.88356e-05	29000.000000	0.000151316	29000.000000	2.59369e-10	
30000.000000	0.000265766	30000.000000	0.00015531	30000.000000	5.90464e-05	30000.000000	5.77096e-05	30000.000000	5.90473e-05	30000.000000	0.00015531	30000.000000	2.51238e-10	
32000.000000	0.000290303	32000.000000	0.000163281	32000.000000	5.9448e-05	32000.000000	5.81522e-05	32000.000000	5.94486e-05	32000.000000	0.000163281	32000.000000	2.36456e-10	
34000.000000	0.000315938	34000.000000	0.000171229	34000.000000	5.98221e-05	34000.000000	5.85694e-05	34000.000000	5.98226e-05	34000.000000	0.000171229	34000.000000	2.2336e-10	
36000.000000	0.000342679	36000.000000	0.000179155	36000.000000	6.01714e-05	36000.000000	5.89638e-05	36000.000000	6.01723e-05	36000.000000	0.000179155	36000.000000	2.11675e-10	
38000.000000	0.00037054	38000.000000	0.000187061	38000.000000	6.04988e-05	38000.000000	5.93377e-05	38000.000000	6.05005e-05	38000.000000	0.000187061	38000.000000	2.01183e-10	
40000.000000	0.00039953	40000.000000	0.000194947	40000.000000	6.08066e-05	40000.000000	5.96932e-05	40000.000000	6.08089e-05	40000.000000	0.000194947	40000.000000	1.91709e-10	
42000.000000	0.000429663	42000.000000	0.000202815	42000.000000	6.1097e-05	42000.000000	6.00321e-05	42000.000000	6.10991e-05	42000.000000	0.000202814	42000.000000	1.8311e-10	
44000.000000	0.000460948	44000.000000	0.000210664	44000.000000	6.1372e-05	44000.000000	6.03557e-05	44000.000000	6.13736e-05	44000.000000	0.000210664	44000.000000	1.75269e-10	
46000.000000	0.0004934 	46000.000000	0.000218496	46000.000000	6.16335e-05	46000.000000	6.06653e-05	46000.000000	6.16324e-05	46000.000000	0.000218496	46000.000000	1.68089e-10	
48000.000000	0.000527029	48000.000000	0.000226312	48000.000000	6.18823e-05	48000.000000	6.09622e-05	48000.000000	6.18781e-05	48000.000000	0.000226312	48000.000000	1.6149e-10	
50000.000000	0.000561848	50000.000000	0.000234111	50000.000000	6.21176e-05	50000.000000	6.12474e-05	50000.000000	6.21107e-05	50000.000000	0.000234111	50000.000000	1.55403e-10	
