! 88Rb energy loss (dE/dX) in He
! apply ZOOM for details
Energy (MeV/u)1	0 - [He-base] F.Hubert et al, AD&ND Tables 46(1990)1	Energy (MeV/u)2	1 - [H -base] J.F.Ziegler et al,Pergamon Press,NY(low energy)	Energy (MeV/u)3	2 - ATIMA 1.2 LS-theory (recommended for high energy)	Energy (MeV/u)4	3 - ATIMA 1.2 without LS-correction	Energy (MeV/u)5	4 - ATIMA 1.4 H.Weick, improved mean charge formula for HI	Energy (MeV/u)6	5 - electrical component of [1] - J.F.Ziegler et al	Energy (MeV/u)7	6 - nuclear component of [1] - J.F.Ziegler et al	
0.001000	0.000183789	0.001000	0.000218388	0.001000	0.000188504	0.001000	0.000188504	0.001000	0.000188514	0.001000	5.59305e-05	0.001000	0.000162457	
0.002000	0.000188273	0.002000	0.000220434	0.002000	0.000184734	0.002000	0.000184734	0.002000	0.000184743	0.002000	7.25329e-05	0.002000	0.000147901	
0.005000	0.000189233	0.005000	0.000215039	0.005000	0.000171001	0.005000	0.000171001	0.005000	0.000171006	0.005000	0.000102273	0.005000	0.000112765	
0.008000	0.0001921 	0.008000	0.000214188	0.008000	0.000165864	0.008000	0.000165864	0.008000	0.000165868	0.008000	0.000121985	0.008000	9.22025e-05	
0.010000	0.000194935	0.010000	0.000215333	0.010000	0.000165057	0.010000	0.000165057	0.010000	0.00016506	0.010000	0.000132632	0.010000	8.27009e-05	
0.015000	0.000203373	0.015000	0.000220981	0.015000	0.000167433	0.015000	0.000167433	0.015000	0.000167435	0.015000	0.000154413	0.015000	6.65684e-05	
0.020000	0.000212385	0.020000	0.000228301	0.020000	0.000172766	0.020000	0.000172766	0.020000	0.000172768	0.020000	0.000172003	0.020000	5.62982e-05	
0.025000	0.000221319	0.025000	0.000236111	0.025000	0.00017931	0.025000	0.00017931	0.025000	0.000179312	0.025000	0.000187015	0.025000	4.90957e-05	
0.030000	0.00022997	0.030000	0.00024397	0.030000	0.000186364	0.030000	0.000186364	0.030000	0.000186365	0.030000	0.000200248	0.030000	4.37214e-05	
0.035000	0.000238277	0.035000	0.000251699	0.035000	0.000193605	0.035000	0.000193605	0.035000	0.000193607	0.035000	0.000212165	0.035000	3.95339e-05	
0.040000	0.000246521	0.040000	0.000259225	0.040000	0.000200875	0.040000	0.000200875	0.040000	0.000200876	0.040000	0.00022306	0.040000	3.61655e-05	
0.045000	0.000257099	0.045000	0.000266521	0.045000	0.000208089	0.045000	0.000208089	0.045000	0.00020809	0.045000	0.000233133	0.045000	3.33884e-05	
0.050000	0.00026562	0.050000	0.000273582	0.050000	0.000215204	0.050000	0.000215204	0.050000	0.000215205	0.050000	0.000242528	0.050000	3.10539e-05	
0.055000	0.000279926	0.055000	0.00028769	0.055000	0.000229731	0.055000	0.000229731	0.055000	0.000229732	0.055000	0.00025863	0.055000	2.906e-05 	
0.060000	0.000293089	0.060000	0.00030558	0.060000	0.000248948	0.060000	0.000248948	0.060000	0.000248949	0.060000	0.000278246	0.060000	2.73346e-05	
0.070000	0.000315777	0.070000	0.000339942	0.070000	0.000287793	0.070000	0.000287793	0.070000	0.000287794	0.070000	0.000315676	0.070000	2.42669e-05	
0.080000	0.000340827	0.080000	0.000373279	0.080000	0.000327068	0.080000	0.000327068	0.080000	0.000327069	0.080000	0.000351241	0.080000	2.20377e-05	
0.090000	0.000362899	0.090000	0.000405359	0.090000	0.000365909	0.090000	0.000365909	0.090000	0.00036591	0.090000	0.000385139	0.090000	2.02196e-05	
0.100000	0.000382581	0.100000	0.000436087	0.100000	0.00040387	0.100000	0.00040387	0.100000	0.000403871	0.100000	0.000417381	0.100000	1.87053e-05	
0.120000	0.000407434	0.120000	0.000493206	0.120000	0.000475935	0.120000	0.000475935	0.120000	0.000475935	0.120000	0.000476887	0.120000	1.63197e-05	
0.140000	0.000429951	0.140000	0.000544538	0.140000	0.000541668	0.140000	0.000541668	0.140000	0.000541669	0.140000	0.000530019	0.140000	1.45188e-05	
0.160000	0.000461023	0.160000	0.000600854	0.160000	0.000600476	0.160000	0.000600476	0.160000	0.000600477	0.160000	0.000587748	0.160000	1.31061e-05	
0.180000	0.000490327	0.180000	0.000659221	0.180000	0.000652395	0.180000	0.000652395	0.180000	0.000652396	0.180000	0.000647256	0.180000	1.19651e-05	
0.200000	0.000518743	0.200000	0.000711338	0.200000	0.000697837	0.200000	0.000697837	0.200000	0.000697838	0.200000	0.000700316	0.200000	1.10224e-05	
0.250000	0.000569435	0.250000	0.000818721	0.250000	0.000787247	0.250000	0.000787247	0.250000	0.000787247	0.250000	0.000809473	0.250000	9.24797e-06	
0.300000	0.000615212	0.300000	0.000900863	0.300000	0.000850393	0.300000	0.000850393	0.300000	0.000850394	0.300000	0.000892863	0.300000	7.99945e-06	
0.350000	0.000658322	0.350000	0.000967241	0.350000	0.000895978	0.350000	0.000895978	0.350000	0.000895979	0.350000	0.000960172	0.350000	7.06887e-06	
0.400000	0.000697154	0.400000	0.00102214	0.400000	0.000930102	0.400000	0.000930102	0.400000	0.000930103	0.400000	0.0010158 	0.400000	6.3461e-06	
0.450000	0.000731159	0.450000	0.00106616	0.450000	0.000956712	0.450000	0.000956712	0.450000	0.000956713	0.450000	0.00106039	0.450000	5.76708e-06	
0.500000	0.000760841	0.500000	0.00110182	0.500000	0.000978276	0.500000	0.000978276	0.500000	0.000978277	0.500000	0.00109652	0.500000	5.2919e-06	
0.600000	0.000782287	0.600000	0.00115483	0.600000	0.00103186	0.600000	0.00103186	0.600000	0.00103186	0.600000	0.00115027	0.600000	4.55632e-06	
0.700000	0.000797627	0.700000	0.00120274	0.700000	0.00107361	0.700000	0.00107361	0.700000	0.00107361	0.700000	0.00119873	0.700000	4.01151e-06	
0.800000	0.000833115	0.800000	0.00123894	0.800000	0.00110503	0.800000	0.00110503	0.800000	0.00110503	0.800000	0.00123535	0.800000	3.59049e-06	
0.900000	0.000860541	0.900000	0.0012639 	0.900000	0.00112903	0.900000	0.00112903	0.900000	0.00112903	0.900000	0.00126065	0.900000	3.2546e-06	
1.000000	0.000881704	1.000000	0.0012807 	1.000000	0.0011474 	1.000000	0.0011474 	1.000000	0.0011474 	1.000000	0.00127772	1.000000	2.97991e-06	
1.250000	0.000906934	1.250000	0.00129066	1.250000	0.00117573	1.250000	0.00117573	1.250000	0.00117573	1.250000	0.00128819	1.250000	2.46993e-06	
1.500000	0.000913724	1.500000	0.00127985	1.500000	0.00118722	1.500000	0.00118722	1.500000	0.00118723	1.500000	0.00127774	1.500000	2.11684e-06	
1.750000	0.000912286	1.750000	0.00126256	1.750000	0.00118818	1.750000	0.00118818	1.750000	0.00118818	1.750000	0.0012607 	1.750000	1.85687e-06	
2.000000	0.000904962	2.000000	0.00124079	2.000000	0.00118237	2.000000	0.00118237	2.000000	0.00118237	2.000000	0.00123914	2.000000	1.65693e-06	
2.250000	0.000895642	2.250000	0.00121682	2.250000	0.00117217	2.250000	0.00117217	2.250000	0.00117217	2.250000	0.00121532	2.250000	1.49805e-06	
2.500000	0.0012081 	2.500000	0.00119276	2.500000	0.0011591 	2.500000	0.0011591 	2.500000	0.0011591 	2.500000	0.0011914 	2.500000	1.36855e-06	
3.000000	0.001157  	3.000000	0.00114569	3.000000	0.00112816	3.000000	0.00112816	3.000000	0.00112817	3.000000	0.00114452	3.000000	1.16974e-06	
3.500000	0.00110584	3.500000	0.00110145	3.500000	0.00108994	3.500000	0.00108994	3.500000	0.00108994	3.500000	0.00110042	3.500000	1.02385e-06	
4.000000	0.00105705	4.000000	0.00105988	4.000000	0.00105152	4.000000	0.00105152	4.000000	0.00105152	4.000000	0.00105897	4.000000	9.11955e-07	
4.500000	0.00101148	4.500000	0.00102063	4.500000	0.00101561	4.500000	0.00101561	4.500000	0.00101561	4.500000	0.00101981	4.500000	8.23237e-07	
5.000000	0.000969284	5.000000	0.000983997	5.000000	0.000982038	5.000000	0.000982038	5.000000	0.000982039	5.000000	0.000983246	5.000000	7.51066e-07	
5.500000	0.000930339	5.500000	0.00094973	5.500000	0.000950617	5.500000	0.000950617	5.500000	0.000950618	5.500000	0.000949039	5.500000	6.91136e-07	
6.000000	0.000894415	6.000000	0.000917471	6.000000	0.000921173	6.000000	0.000921173	6.000000	0.000921174	6.000000	0.000916831	6.000000	6.40528e-07	
6.500000	0.000861247	6.500000	0.000887547	6.500000	0.000893539	6.500000	0.000893539	6.500000	0.00089354	6.500000	0.000886949	6.500000	5.9719e-07	
7.000000	0.000830574	7.000000	0.000859671	7.000000	0.000867561	7.000000	0.000867561	7.000000	0.000867562	7.000000	0.000859112	7.000000	5.59634e-07	
7.500000	0.000802148	7.500000	0.000833652	7.500000	0.000843098	7.500000	0.000843098	7.500000	0.000843098	7.500000	0.000833125	7.500000	5.26757e-07	
8.000000	0.000775747	8.000000	0.00080924	8.000000	0.000820023	8.000000	0.000820023	8.000000	0.000820023	8.000000	0.000808742	8.000000	4.97722e-07	
8.500000	0.000751171	8.500000	0.000786263	8.500000	0.00079822	8.500000	0.00079822	8.500000	0.000798221	8.500000	0.000785791	8.500000	4.7188e-07	
9.000000	0.000728241	9.000000	0.000764595	9.000000	0.000777588	9.000000	0.000777588	9.000000	0.000777589	9.000000	0.000764147	9.000000	4.48725e-07	
9.500000	0.000706799	9.500000	0.000744124	9.500000	0.000758034	9.500000	0.000758034	9.500000	0.000758034	9.500000	0.000743696	9.500000	4.2785e-07	
10.000000	0.000686707	10.000000	0.000694602	10.000000	0.000739473	10.000000	0.000739473	10.000000	0.000739473	10.000000	0.000694193	10.000000	4.08928e-07	
11.000000	0.000650091	11.000000	0.000669273	11.000000	0.000699916	11.000000	0.000706157	11.000000	0.000709397	11.000000	0.000668897	11.000000	3.75928e-07	
12.000000	0.000617563	12.000000	0.000645433	12.000000	0.000664699	12.000000	0.000676035	12.000000	0.00068146	12.000000	0.000645085	12.000000	3.48094e-07	
13.000000	0.000588467	13.000000	0.000623069	13.000000	0.000633175	13.000000	0.000648689	13.000000	0.000655531	13.000000	0.000622745	13.000000	3.24284e-07	
14.000000	0.00056228	14.000000	0.000602117	14.000000	0.000604817	14.000000	0.000623766	14.000000	0.000631462	14.000000	0.000601814	14.000000	3.03671e-07	
15.000000	0.000538577	15.000000	0.00058249	15.000000	0.000579181	15.000000	0.00060097	15.000000	0.000609107	15.000000	0.000582205	15.000000	2.85642e-07	
16.000000	0.000517015	16.000000	0.000564095	16.000000	0.000555919	16.000000	0.000580051	16.000000	0.000588327	16.000000	0.000563825	16.000000	2.69733e-07	
17.000000	0.00049731	17.000000	0.000546838	17.000000	0.000534735	17.000000	0.000560797	17.000000	0.000568993	17.000000	0.000546583	17.000000	2.55585e-07	
18.000000	0.000479227	18.000000	0.00053063	18.000000	0.000515378	18.000000	0.000543026	18.000000	0.000550955	18.000000	0.000530387	18.000000	2.42915e-07	
19.000000	0.000462568	19.000000	0.000515385	19.000000	0.000497636	19.000000	0.000526582	19.000000	0.000534137	19.000000	0.000515154	19.000000	2.31501e-07	
20.000000	0.000447168	20.000000	0.000501028	20.000000	0.000481329	20.000000	0.000511331	20.000000	0.000518445	20.000000	0.000500807	20.000000	2.21162e-07	
21.000000	0.000432886	21.000000	0.000487487	21.000000	0.000466302	21.000000	0.000497156	21.000000	0.000503737	21.000000	0.000487275	21.000000	2.1175e-07	
22.000000	0.000419601	22.000000	0.000474698	22.000000	0.000452418	22.000000	0.000483955	22.000000	0.000489994	22.000000	0.000474495	22.000000	2.03144e-07	
23.000000	0.00040721	23.000000	0.000462601	23.000000	0.000439569	23.000000	0.000471639	23.000000	0.000477099	23.000000	0.000462406	23.000000	1.95243e-07	
24.000000	0.000395624	24.000000	0.000451145	24.000000	0.000427663	24.000000	0.000460129	24.000000	0.000465011	24.000000	0.000450957	24.000000	1.87962e-07	
25.000000	0.000384764	25.000000	0.000440279	25.000000	0.000416611	25.000000	0.000449357	25.000000	0.000453656	25.000000	0.000440098	25.000000	1.8123e-07	
27.000000	0.000364961	27.000000	0.000420153	27.000000	0.000396724	27.000000	0.000429785	27.000000	0.000432945	27.000000	0.000419983	27.000000	1.69179e-07	
29.000000	0.000347349	29.000000	0.000401917	29.000000	0.000379431	29.000000	0.000412506	29.000000	0.00041459	29.000000	0.000401758	29.000000	1.58699e-07	
31.000000	0.000331575	31.000000	0.000385319	31.000000	0.000364553	31.000000	0.000395821	31.000000	0.00039662	31.000000	0.00038517	31.000000	1.49496e-07	
33.000000	0.00031736	33.000000	0.00037015	33.000000	0.000351222	33.000000	0.000379421	33.000000	0.000379001	33.000000	0.000370009	33.000000	1.41349e-07	
35.000000	0.000304477	35.000000	0.000356234	35.000000	0.000338919	35.000000	0.000364445	35.000000	0.000363142	35.000000	0.000356099	35.000000	1.34082e-07	
38.000000	0.000287261	38.000000	0.000337388	38.000000	0.000322148	38.000000	0.000344265	38.000000	0.000342085	38.000000	0.000337264	38.000000	1.24539e-07	
41.000000	0.00027215	41.000000	0.000320621	41.000000	0.000307107	41.000000	0.000326404	41.000000	0.000323716	41.000000	0.000320504	41.000000	1.16319e-07	
44.000000	0.000258771	44.000000	0.000305605	44.000000	0.00029357	44.000000	0.000310482	44.000000	0.000307532	44.000000	0.000305496	44.000000	1.09162e-07	
47.000000	0.000246837	47.000000	0.000292081	47.000000	0.000281336	47.000000	0.0002962 	47.000000	0.00029315	47.000000	0.000291978	47.000000	1.0287e-07	
50.000000	0.00023612	50.000000	0.000279836	50.000000	0.000270193	50.000000	0.000283315	50.000000	0.00028026	50.000000	0.000279739	50.000000	9.72942e-08	
55.000000	0.000220488	55.000000	0.000261814	55.000000	0.0002537 	55.000000	0.000264431	55.000000	0.000261497	55.000000	0.000261725	55.000000	8.92841e-08	
60.000000	0.000207106	60.000000	0.000246246	60.000000	0.000239346	60.000000	0.000248195	60.000000	0.000245479	60.000000	0.000246164	60.000000	8.25425e-08	
65.000000	0.000195511	65.000000	0.000232663	65.000000	0.000226779	65.000000	0.000234087	65.000000	0.000231629	65.000000	0.000232586	65.000000	7.67864e-08	
70.000000	0.000185361	70.000000	0.000220708	70.000000	0.00021567	70.000000	0.000221714	70.000000	0.000219523	70.000000	0.000220636	70.000000	7.18117e-08	
75.000000	0.000176395	75.000000	0.000210105	75.000000	0.000205765	75.000000	0.000210775	75.000000	0.00020895	75.000000	0.000210037	75.000000	6.74675e-08	
80.000000	0.000168413	80.000000	0.000200637	80.000000	0.000196905	80.000000	0.000201036	80.000000	0.000199544	80.000000	0.000200573	80.000000	6.36394e-08	
85.000000	0.000161259	85.000000	0.000192131	85.000000	0.00018892	85.000000	0.000192309	85.000000	0.000191113	85.000000	0.000192071	85.000000	6.02396e-08	
90.000000	0.000154806	90.000000	0.000184448	90.000000	0.000181683	90.000000	0.000184445	90.000000	0.000183514	90.000000	0.000184391	90.000000	5.71989e-08	
95.000000	0.000148954	95.000000	0.000177474	95.000000	0.000175092	95.000000	0.000177323	95.000000	0.000176642	95.000000	0.00017742	95.000000	5.44626e-08	
100.000000	0.000143622	100.000000	0.000171116	100.000000	0.000169064	100.000000	0.000170842	100.000000	0.000170388	100.000000	0.000171064	100.000000	5.19866e-08	
105.000000	0.000138741	105.000000	0.000165295	105.000000	0.000163547	105.000000	0.00016492	105.000000	0.000164665	105.000000	0.000165245	105.000000	4.9735e-08	
110.000000	0.000134254	110.000000	0.000159947	110.000000	0.000158462	110.000000	0.000159487	110.000000	0.000159425	110.000000	0.000159899	110.000000	4.7678e-08	
115.000000	0.000130116	115.000000	0.000155016	115.000000	0.000153772	115.000000	0.000154487	115.000000	0.000154587	115.000000	0.00015497	115.000000	4.57913e-08	
120.000000	0.000126285	120.000000	0.000150455	120.000000	0.00014943	120.000000	0.000149868	120.000000	0.000150126	120.000000	0.000150411	120.000000	4.40542e-08	
125.000000	0.000122729	125.000000	0.000146224	125.000000	0.000145388	125.000000	0.000145591	125.000000	0.000145985	125.000000	0.000146182	125.000000	4.24494e-08	
130.000000	0.000119417	130.000000	0.000142289	130.000000	0.000141621	130.000000	0.000141617	130.000000	0.000142145	130.000000	0.000142248	130.000000	4.09621e-08	
135.000000	0.000116325	135.000000	0.00013862	135.000000	0.00013811	135.000000	0.000137916	135.000000	0.00013856	135.000000	0.000138581	135.000000	3.95797e-08	
140.000000	0.000113431	140.000000	0.000135192	140.000000	0.000134822	140.000000	0.000134462	140.000000	0.00013522	140.000000	0.000135153	140.000000	3.82913e-08	
145.000000	0.000110716	145.000000	0.00013198	145.000000	0.000131736	145.000000	0.00013123	145.000000	0.000132083	145.000000	0.000131943	145.000000	3.70875e-08	
150.000000	0.000108163	150.000000	0.000128966	150.000000	0.000128842	150.000000	0.000128199	150.000000	0.000129147	150.000000	0.00012893	150.000000	3.59601e-08	
155.000000	0.000104524	155.000000	0.000126131	155.000000	0.000126122	155.000000	0.000125353	155.000000	0.000126383	155.000000	0.000126096	155.000000	3.4902e-08	
160.000000	0.000102414	160.000000	0.000123461	160.000000	0.000123557	160.000000	0.000122673	160.000000	0.00012378	160.000000	0.000123427	160.000000	3.39069e-08	
165.000000	0.00010042	165.000000	0.000120941	165.000000	0.000121131	165.000000	0.000120147	165.000000	0.000121328	165.000000	0.000120908	165.000000	3.29693e-08	
170.000000	9.85335e-05	170.000000	0.000118559	170.000000	0.00011883	170.000000	0.000117762	170.000000	0.000119004	170.000000	0.000118527	170.000000	3.20842e-08	
175.000000	9.67458e-05	175.000000	0.000116304	175.000000	0.000116652	175.000000	0.000115506	175.000000	0.000116809	175.000000	0.000116273	175.000000	3.12473e-08	
180.000000	9.50493e-05	180.000000	0.000114167	180.000000	0.000114594	180.000000	0.000113369	180.000000	0.000114729	180.000000	0.000114137	180.000000	3.04548e-08	
185.000000	9.34369e-05	185.000000	0.000112138	185.000000	0.000112641	185.000000	0.000111341	185.000000	0.000112751	185.000000	0.000112108	185.000000	2.9703e-08	
190.000000	9.19026e-05	190.000000	0.00011021	190.000000	0.000110779	190.000000	0.000109416	190.000000	0.000110875	190.000000	0.000110181	190.000000	2.8989e-08	
195.000000	9.04407e-05	195.000000	0.000108375	195.000000	0.000109003	195.000000	0.000107585	195.000000	0.000109091	195.000000	0.000108346	195.000000	2.83099e-08	
200.000000	8.90462e-05	200.000000	0.000106626	200.000000	0.000107308	200.000000	0.000105842	200.000000	0.000107387	200.000000	0.000106598	200.000000	2.76631e-08	
210.000000	8.64414e-05	210.000000	0.000103366	210.000000	0.000104149	210.000000	0.000102596	210.000000	0.000104217	210.000000	0.000103339	210.000000	2.64578e-08	
220.000000	8.40561e-05	220.000000	0.000100388	220.000000	0.000101265	220.000000	9.96338e-05	220.000000	0.000101315	220.000000	0.000100362	220.000000	2.5357e-08	
230.000000	8.18635e-05	230.000000	9.76567e-05	230.000000	9.86229e-05	230.000000	9.69213e-05	230.000000	9.86581e-05	230.000000	9.76324e-05	230.000000	2.43476e-08	
240.000000	7.98409e-05	240.000000	9.51438e-05	240.000000	9.61848e-05	240.000000	9.44284e-05	240.000000	9.62104e-05	240.000000	9.51203e-05	240.000000	2.34186e-08	
250.000000	7.79694e-05	250.000000	9.2824e-05	250.000000	9.39321e-05	250.000000	9.21299e-05	250.000000	9.39532e-05	250.000000	9.28015e-05	250.000000	2.25605e-08	
260.000000	7.62326e-05	260.000000	9.06763e-05	260.000000	9.18483e-05	260.000000	9.00044e-05	260.000000	9.18616e-05	260.000000	9.06546e-05	260.000000	2.17655e-08	
270.000000	7.46164e-05	270.000000	8.86825e-05	270.000000	8.99151e-05	270.000000	8.80334e-05	270.000000	8.99223e-05	270.000000	8.86614e-05	270.000000	2.10267e-08	
280.000000	7.31087e-05	280.000000	8.68268e-05	280.000000	8.81165e-05	280.000000	8.6201e-05	280.000000	8.81152e-05	280.000000	8.68065e-05	280.000000	2.03383e-08	
290.000000	7.1699e-05	290.000000	8.50956e-05	290.000000	8.64335e-05	290.000000	8.44935e-05	290.000000	8.64334e-05	290.000000	8.50759e-05	290.000000	1.96953e-08	
300.000000	7.0378e-05	300.000000	8.34771e-05	300.000000	8.48591e-05	300.000000	8.28988e-05	300.000000	8.48566e-05	300.000000	8.3458e-05	300.000000	1.90932e-08	
310.000000	6.91378e-05	310.000000	8.19608e-05	310.000000	8.33866e-05	310.000000	8.14063e-05	310.000000	8.33827e-05	310.000000	8.19423e-05	310.000000	1.85283e-08	
320.000000	6.79711e-05	320.000000	8.05375e-05	320.000000	8.20052e-05	320.000000	8.00069e-05	320.000000	8.19984e-05	320.000000	8.05195e-05	320.000000	1.79971e-08	
330.000000	6.68718e-05	330.000000	7.91992e-05	330.000000	8.0702e-05	330.000000	7.86923e-05	330.000000	8.06965e-05	330.000000	7.91817e-05	330.000000	1.74966e-08	
340.000000	6.58342e-05	340.000000	7.79385e-05	340.000000	7.94747e-05	340.000000	7.74554e-05	340.000000	7.94729e-05	340.000000	7.79215e-05	340.000000	1.70243e-08	
350.000000	6.48533e-05	350.000000	7.67493e-05	350.000000	7.83225e-05	350.000000	7.62896e-05	350.000000	7.83157e-05	350.000000	7.67327e-05	350.000000	1.65778e-08	
360.000000	6.39247e-05	360.000000	7.56256e-05	360.000000	7.72329e-05	360.000000	7.51892e-05	360.000000	7.72241e-05	360.000000	7.56095e-05	360.000000	1.6155e-08	
370.000000	6.30445e-05	370.000000	7.45625e-05	370.000000	7.61988e-05	370.000000	7.41491e-05	370.000000	7.61931e-05	370.000000	7.45468e-05	370.000000	1.57541e-08	
380.000000	6.2209e-05	380.000000	7.35553e-05	380.000000	7.52198e-05	380.000000	7.31647e-05	380.000000	7.52136e-05	380.000000	7.35399e-05	380.000000	1.53733e-08	
390.000000	6.14149e-05	390.000000	7.25999e-05	390.000000	7.42924e-05	390.000000	7.22317e-05	390.000000	7.42861e-05	390.000000	7.25849e-05	390.000000	1.50112e-08	
400.000000	6.06595e-05	400.000000	7.16925e-05	400.000000	7.34122e-05	400.000000	7.13465e-05	400.000000	7.34069e-05	400.000000	7.16778e-05	400.000000	1.46664e-08	
410.000000	5.99399e-05	410.000000	7.08297e-05	410.000000	7.25755e-05	410.000000	7.05055e-05	410.000000	7.25687e-05	410.000000	7.08154e-05	410.000000	1.43377e-08	
420.000000	5.92538e-05	420.000000	7.00085e-05	420.000000	7.17795e-05	420.000000	6.97058e-05	420.000000	7.1772e-05	420.000000	6.99945e-05	420.000000	1.4024e-08	
430.000000	5.85991e-05	430.000000	6.92261e-05	430.000000	7.10219e-05	430.000000	6.89446e-05	430.000000	7.10142e-05	430.000000	6.92124e-05	430.000000	1.37242e-08	
440.000000	5.79736e-05	440.000000	6.84799e-05	440.000000	7.03004e-05	440.000000	6.82192e-05	440.000000	7.0291e-05	440.000000	6.84664e-05	440.000000	1.34375e-08	
450.000000	5.73755e-05	450.000000	6.77676e-05	450.000000	6.96113e-05	450.000000	6.75273e-05	450.000000	6.96001e-05	450.000000	6.77544e-05	450.000000	1.31629e-08	
460.000000	5.68032e-05	460.000000	6.7087e-05	460.000000	6.8951e-05	460.000000	6.68669e-05	460.000000	6.89412e-05	460.000000	6.70741e-05	460.000000	1.28998e-08	
470.000000	5.62552e-05	470.000000	6.64362e-05	470.000000	6.83188e-05	470.000000	6.62358e-05	470.000000	6.83122e-05	470.000000	6.64235e-05	470.000000	1.26474e-08	
480.000000	5.57299e-05	480.000000	6.58134e-05	480.000000	6.77157e-05	480.000000	6.56324e-05	480.000000	6.77086e-05	480.000000	6.5801e-05	480.000000	1.2405e-08	
490.000000	5.52261e-05	490.000000	6.52169e-05	490.000000	6.71403e-05	490.000000	6.50549e-05	490.000000	6.7131e-05	490.000000	6.52047e-05	490.000000	1.21722e-08	
500.000000	5.47425e-05	500.000000	6.46452e-05	500.000000	6.65892e-05	500.000000	6.45019e-05	500.000000	6.65783e-05	500.000000	6.46333e-05	500.000000	1.19482e-08	
520.000000	5.38318e-05	520.000000	6.35707e-05	520.000000	6.55496e-05	520.000000	6.34636e-05	520.000000	6.55396e-05	520.000000	6.35592e-05	520.000000	1.1525e-08	
540.000000	5.29897e-05	540.000000	6.25798e-05	540.000000	6.45905e-05	540.000000	6.25074e-05	540.000000	6.45818e-05	540.000000	6.25687e-05	540.000000	1.11318e-08	
560.000000	5.22093e-05	560.000000	6.16637e-05	560.000000	6.37054e-05	560.000000	6.16245e-05	560.000000	6.36976e-05	560.000000	6.1653e-05	560.000000	1.07655e-08	
580.000000	5.14845e-05	580.000000	6.0815e-05	580.000000	6.28859e-05	580.000000	6.08076e-05	580.000000	6.28777e-05	580.000000	6.08046e-05	580.000000	1.04234e-08	
600.000000	5.08102e-05	600.000000	6.00271e-05	600.000000	6.21264e-05	600.000000	6.00501e-05	600.000000	6.21186e-05	600.000000	6.0017e-05	600.000000	1.01032e-08	
620.000000	5.01816e-05	620.000000	5.92943e-05	620.000000	6.14195e-05	620.000000	5.93462e-05	620.000000	6.14107e-05	620.000000	5.92845e-05	620.000000	9.80279e-09	
640.000000	4.95949e-05	640.000000	5.86116e-05	640.000000	6.07582e-05	640.000000	5.8691e-05	640.000000	6.07525e-05	640.000000	5.86021e-05	640.000000	9.52035e-09	
660.000000	4.90463e-05	660.000000	5.79745e-05	660.000000	6.0142e-05	660.000000	5.808e-05 	660.000000	6.01384e-05	660.000000	5.79652e-05	660.000000	9.25432e-09	
680.000000	4.85327e-05	680.000000	5.73791e-05	680.000000	5.95692e-05	680.000000	5.75094e-05	680.000000	5.95638e-05	680.000000	5.73701e-05	680.000000	9.00328e-09	
700.000000	4.80513e-05	700.000000	5.6822e-05	700.000000	5.90324e-05	700.000000	5.69757e-05	700.000000	5.90272e-05	700.000000	5.68133e-05	700.000000	8.766e-09 	
720.000000	4.75995e-05	720.000000	5.63e-05  	720.000000	5.85271e-05	720.000000	5.64759e-05	720.000000	5.85234e-05	720.000000	5.62915e-05	720.000000	8.54135e-09	
740.000000	4.71752e-05	740.000000	5.58104e-05	740.000000	5.80535e-05	740.000000	5.6007e-05	740.000000	5.80507e-05	740.000000	5.58021e-05	740.000000	8.32834e-09	
760.000000	4.67762e-05	760.000000	5.53507e-05	760.000000	5.76108e-05	760.000000	5.55668e-05	760.000000	5.76074e-05	760.000000	5.53426e-05	760.000000	8.12608e-09	
780.000000	4.64007e-05	780.000000	5.49186e-05	780.000000	5.7195e-05	780.000000	5.5153e-05	780.000000	5.71897e-05	780.000000	5.49107e-05	780.000000	7.93376e-09	
800.000000	4.60471e-05	800.000000	5.45121e-05	800.000000	5.68021e-05	800.000000	5.47636e-05	800.000000	5.67964e-05	800.000000	5.45044e-05	800.000000	7.75067e-09	
820.000000	4.57138e-05	820.000000	5.41294e-05	820.000000	5.64307e-05	820.000000	5.43967e-05	820.000000	5.64263e-05	820.000000	5.41218e-05	820.000000	7.57613e-09	
840.000000	4.53996e-05	840.000000	5.37689e-05	840.000000	5.60802e-05	840.000000	5.40508e-05	840.000000	5.6077e-05	840.000000	5.37614e-05	840.000000	7.40957e-09	
860.000000	4.5103e-05	860.000000	5.34289e-05	860.000000	5.57496e-05	860.000000	5.37244e-05	860.000000	5.57466e-05	860.000000	5.34217e-05	860.000000	7.25044e-09	
880.000000	4.48231e-05	880.000000	5.31082e-05	880.000000	5.54375e-05	880.000000	5.3416e-05	880.000000	5.54349e-05	880.000000	5.31011e-05	880.000000	7.09824e-09	
900.000000	4.45588e-05	900.000000	5.28055e-05	900.000000	5.51424e-05	900.000000	5.31245e-05	900.000000	5.51407e-05	900.000000	5.27986e-05	900.000000	6.95253e-09	
920.000000	4.4309e-05	920.000000	5.25197e-05	920.000000	5.4863e-05	920.000000	5.28488e-05	920.000000	5.48611e-05	920.000000	5.25129e-05	920.000000	6.8129e-09	
940.000000	4.4073e-05	940.000000	5.22496e-05	940.000000	5.45985e-05	940.000000	5.25877e-05	940.000000	5.45966e-05	940.000000	5.22429e-05	940.000000	6.67897e-09	
960.000000	4.38499e-05	960.000000	5.19944e-05	960.000000	5.43479e-05	960.000000	5.23405e-05	960.000000	5.43464e-05	960.000000	5.19878e-05	960.000000	6.55039e-09	
980.000000	4.36391e-05	980.000000	5.17531e-05	980.000000	5.41103e-05	980.000000	5.21061e-05	980.000000	5.41094e-05	980.000000	5.17467e-05	980.000000	6.42685e-09	
1000.000000	4.34397e-05	1000.000000	5.1525e-05	1000.000000	5.38849e-05	1000.000000	5.18838e-05	1000.000000	5.38835e-05	1000.000000	5.15187e-05	1000.000000	6.30804e-09	
1020.000000	4.32511e-05	1020.000000	5.13092e-05	1020.000000	5.3671e-05	1020.000000	5.16729e-05	1020.000000	5.36695e-05	1020.000000	5.1303e-05	1020.000000	6.19371e-09	
1040.000000	4.30729e-05	1040.000000	5.11051e-05	1040.000000	5.34678e-05	1040.000000	5.14727e-05	1040.000000	5.34666e-05	1040.000000	5.1099e-05	1040.000000	6.0836e-09	
1060.000000	4.29044e-05	1060.000000	5.0912e-05	1060.000000	5.32747e-05	1060.000000	5.12825e-05	1060.000000	5.3274e-05	1060.000000	5.09061e-05	1060.000000	5.97747e-09	
1080.000000	4.27451e-05	1080.000000	5.07294e-05	1080.000000	5.30913e-05	1080.000000	5.11018e-05	1080.000000	5.30901e-05	1080.000000	5.07235e-05	1080.000000	5.87511e-09	
1100.000000	4.25946e-05	1100.000000	5.05566e-05	1100.000000	5.29169e-05	1100.000000	5.09301e-05	1100.000000	5.29154e-05	1100.000000	5.05508e-05	1100.000000	5.77633e-09	
1120.000000	4.24525e-05	1120.000000	5.03932e-05	1120.000000	5.27511e-05	1120.000000	5.07667e-05	1120.000000	5.27495e-05	1120.000000	5.03875e-05	1120.000000	5.68093e-09	
1140.000000	4.23182e-05	1140.000000	5.02386e-05	1140.000000	5.25934e-05	1140.000000	5.06113e-05	1140.000000	5.25918e-05	1140.000000	5.0233e-05	1140.000000	5.58875e-09	
1160.000000	4.21914e-05	1160.000000	5.00925e-05	1160.000000	5.24433e-05	1160.000000	5.04635e-05	1160.000000	5.24414e-05	1160.000000	5.0087e-05	1160.000000	5.49961e-09	
1180.000000	4.20719e-05	1180.000000	4.99544e-05	1180.000000	5.23002e-05	1180.000000	5.03227e-05	1180.000000	5.22979e-05	1180.000000	4.99489e-05	1180.000000	5.41338e-09	
1200.000000	4.19591e-05	1200.000000	4.98238e-05	1200.000000	5.21637e-05	1200.000000	5.01888e-05	1200.000000	5.21615e-05	1200.000000	4.98185e-05	1200.000000	5.3299e-09	
1220.000000	4.18529e-05	1220.000000	4.97005e-05	1220.000000	5.20334e-05	1220.000000	5.00612e-05	1220.000000	5.20317e-05	1220.000000	4.96953e-05	1220.000000	5.24906e-09	
1240.000000	4.17529e-05	1240.000000	4.95841e-05	1240.000000	5.19091e-05	1240.000000	4.99396e-05	1240.000000	5.19082e-05	1240.000000	4.9579e-05	1240.000000	5.17071e-09	
1260.000000	4.16589e-05	1260.000000	4.94743e-05	1260.000000	5.17905e-05	1260.000000	4.98239e-05	1260.000000	5.179e-05 	1260.000000	4.94692e-05	1260.000000	5.09476e-09	
1280.000000	4.15706e-05	1280.000000	4.93708e-05	1280.000000	5.16774e-05	1280.000000	4.97136e-05	1280.000000	5.16773e-05	1280.000000	4.93657e-05	1280.000000	5.02108e-09	
1300.000000	4.14877e-05	1300.000000	4.92732e-05	1300.000000	5.15697e-05	1300.000000	4.96084e-05	1300.000000	5.157e-05 	1300.000000	4.92682e-05	1300.000000	4.94958e-09	
1320.000000	4.141e-05 	1320.000000	4.91813e-05	1320.000000	5.14671e-05	1320.000000	4.95083e-05	1320.000000	5.14678e-05	1320.000000	4.91765e-05	1320.000000	4.88016e-09	
1340.000000	4.13374e-05	1340.000000	4.90949e-05	1340.000000	5.13694e-05	1340.000000	4.94128e-05	1340.000000	5.13706e-05	1340.000000	4.90901e-05	1340.000000	4.81272e-09	
1360.000000	4.12695e-05	1360.000000	4.90138e-05	1360.000000	5.12763e-05	1360.000000	4.93218e-05	1360.000000	5.12776e-05	1360.000000	4.9009e-05	1360.000000	4.7472e-09	
1380.000000	4.12063e-05	1380.000000	4.89376e-05	1380.000000	5.11878e-05	1380.000000	4.92351e-05	1380.000000	5.11887e-05	1380.000000	4.8933e-05	1380.000000	4.68349e-09	
1400.000000	4.11474e-05	1400.000000	4.88663e-05	1400.000000	5.11034e-05	1400.000000	4.91524e-05	1400.000000	5.1104e-05	1400.000000	4.88617e-05	1400.000000	4.62154e-09	
1420.000000	4.10929e-05	1420.000000	4.87995e-05	1420.000000	5.1023e-05	1420.000000	4.90736e-05	1420.000000	5.10234e-05	1420.000000	4.8795e-05	1420.000000	4.56126e-09	
1440.000000	4.10424e-05	1440.000000	4.87372e-05	1440.000000	5.09463e-05	1440.000000	4.89986e-05	1440.000000	5.09467e-05	1440.000000	4.87327e-05	1440.000000	4.50259e-09	
1460.000000	4.09958e-05	1460.000000	4.8679e-05	1460.000000	5.08734e-05	1460.000000	4.8927e-05	1460.000000	5.08736e-05	1460.000000	4.86746e-05	1460.000000	4.44546e-09	
1480.000000	4.0953e-05	1480.000000	4.8625e-05	1480.000000	5.08038e-05	1480.000000	4.88588e-05	1480.000000	5.08036e-05	1480.000000	4.86206e-05	1480.000000	4.38982e-09	
1500.000000	4.09139e-05	1500.000000	4.85748e-05	1500.000000	5.07375e-05	1500.000000	4.87939e-05	1500.000000	5.07368e-05	1500.000000	4.85705e-05	1500.000000	4.3356e-09	
1520.000000	4.08783e-05	1520.000000	4.85284e-05	1520.000000	5.06743e-05	1520.000000	4.8732e-05	1520.000000	5.06732e-05	1520.000000	4.85241e-05	1520.000000	4.28275e-09	
1540.000000	4.08461e-05	1540.000000	4.84855e-05	1540.000000	5.0614e-05	1540.000000	4.86731e-05	1540.000000	5.06127e-05	1540.000000	4.84813e-05	1540.000000	4.23122e-09	
1560.000000	4.08171e-05	1560.000000	4.84462e-05	1560.000000	5.05565e-05	1560.000000	4.86171e-05	1560.000000	5.05551e-05	1560.000000	4.8442e-05	1560.000000	4.18096e-09	
1580.000000	4.07913e-05	1580.000000	4.84102e-05	1580.000000	5.05017e-05	1580.000000	4.85637e-05	1580.000000	5.05004e-05	1580.000000	4.8406e-05	1580.000000	4.13192e-09	
1600.000000	4.07685e-05	1600.000000	4.83773e-05	1600.000000	5.04495e-05	1600.000000	4.85129e-05	1600.000000	5.0448e-05	1600.000000	4.83733e-05	1600.000000	4.08406e-09	
1620.000000	4.07487e-05	1620.000000	4.83476e-05	1620.000000	5.03997e-05	1620.000000	4.84646e-05	1620.000000	5.03981e-05	1620.000000	4.83436e-05	1620.000000	4.03733e-09	
1640.000000	4.07317e-05	1640.000000	4.83209e-05	1640.000000	5.03522e-05	1640.000000	4.84187e-05	1640.000000	5.03506e-05	1640.000000	4.83169e-05	1640.000000	3.9917e-09	
1660.000000	4.07175e-05	1660.000000	4.8297e-05	1660.000000	5.0307e-05	1660.000000	4.83751e-05	1660.000000	5.03055e-05	1660.000000	4.82931e-05	1660.000000	3.94712e-09	
1680.000000	4.0706e-05	1680.000000	4.82759e-05	1680.000000	5.02639e-05	1680.000000	4.83336e-05	1680.000000	5.02627e-05	1680.000000	4.8272e-05	1680.000000	3.90357e-09	
1700.000000	4.0697e-05	1700.000000	4.82575e-05	1700.000000	5.0223e-05	1700.000000	4.82943e-05	1700.000000	5.02221e-05	1700.000000	4.82537e-05	1700.000000	3.861e-09 	
1750.000000	4.06852e-05	1750.000000	4.82226e-05	1750.000000	5.01293e-05	1750.000000	4.82046e-05	1750.000000	5.01291e-05	1750.000000	4.82189e-05	1750.000000	3.75867e-09	
1800.000000	4.06879e-05	1800.000000	4.82026e-05	1800.000000	5.00473e-05	1800.000000	4.81264e-05	1800.000000	5.00476e-05	1800.000000	4.81989e-05	1800.000000	3.6618e-09	
1850.000000	4.07039e-05	1850.000000	4.81961e-05	1850.000000	4.99759e-05	1850.000000	4.80584e-05	1850.000000	4.99769e-05	1850.000000	4.81925e-05	1850.000000	3.56997e-09	
1900.000000	4.07323e-05	1900.000000	4.82022e-05	1900.000000	4.99142e-05	1900.000000	4.79999e-05	1900.000000	4.99154e-05	1900.000000	4.81988e-05	1900.000000	3.48278e-09	
1950.000000	4.07723e-05	1950.000000	4.822e-05 	1950.000000	4.98613e-05	1950.000000	4.795e-05 	1950.000000	4.98626e-05	1950.000000	4.82166e-05	1950.000000	3.3999e-09	
2000.000000	4.0823e-05	2000.000000	4.82484e-05	2000.000000	4.98164e-05	2000.000000	4.79078e-05	2000.000000	4.9818e-05	2000.000000	4.82451e-05	2000.000000	3.321e-09 	
2100.000000	4.0954e-05	2100.000000	4.83345e-05	2100.000000	4.97478e-05	2100.000000	4.78441e-05	2100.000000	4.97494e-05	2100.000000	4.83314e-05	2100.000000	3.17405e-09	
2200.000000	4.11204e-05	2200.000000	4.84551e-05	2200.000000	4.97036e-05	2200.000000	4.78042e-05	2200.000000	4.97054e-05	2200.000000	4.8452e-05	2200.000000	3.03996e-09	
2300.000000	4.13181e-05	2300.000000	4.86056e-05	2300.000000	4.96798e-05	2300.000000	4.77843e-05	2300.000000	4.96811e-05	2300.000000	4.86027e-05	2300.000000	2.9171e-09	
2400.000000	4.15438e-05	2400.000000	4.87823e-05	2400.000000	4.9673e-05	2400.000000	4.77813e-05	2400.000000	4.96746e-05	2400.000000	4.87795e-05	2400.000000	2.8041e-09	
2500.000000	4.17944e-05	2500.000000	4.8982e-05	2500.000000	4.96806e-05	2500.000000	4.77925e-05	2500.000000	4.96822e-05	2500.000000	4.89793e-05	2500.000000	2.6998e-09	
2600.000000	4.20677e-05	2600.000000	4.92022e-05	2600.000000	4.97006e-05	2600.000000	4.78158e-05	2600.000000	4.97025e-05	2600.000000	4.91995e-05	2600.000000	2.60323e-09	
2700.000000	4.23613e-05	2700.000000	4.94403e-05	2700.000000	4.97311e-05	2700.000000	4.78495e-05	2700.000000	4.97329e-05	2700.000000	4.94378e-05	2700.000000	2.51355e-09	
2800.000000	4.26736e-05	2800.000000	4.96946e-05	2800.000000	4.97707e-05	2800.000000	4.78918e-05	2800.000000	4.97728e-05	2800.000000	4.96922e-05	2800.000000	2.43004e-09	
2900.000000	4.30029e-05	2900.000000	4.99633e-05	2900.000000	4.98181e-05	2900.000000	4.79417e-05	2900.000000	4.98198e-05	2900.000000	4.9961e-05	2900.000000	2.35208e-09	
3000.000000	4.33479e-05	3000.000000	5.0245e-05	3000.000000	4.98722e-05	3000.000000	4.7998e-05	3000.000000	4.98738e-05	3000.000000	5.02427e-05	3000.000000	2.27912e-09	
3200.000000	4.40802e-05	3200.000000	5.08421e-05	3200.000000	4.99966e-05	3200.000000	4.81262e-05	3200.000000	4.99974e-05	3200.000000	5.084e-05 	3200.000000	2.14639e-09	
3400.000000	4.48624e-05	3400.000000	5.14776e-05	3400.000000	5.01374e-05	3400.000000	4.82704e-05	3400.000000	5.01375e-05	3400.000000	5.14756e-05	3400.000000	2.02872e-09	
3600.000000	4.56882e-05	3600.000000	5.21448e-05	3600.000000	5.02902e-05	3600.000000	4.84262e-05	3600.000000	5.02898e-05	3600.000000	5.21428e-05	3600.000000	1.92367e-09	
3800.000000	4.65527e-05	3800.000000	5.28385e-05	3800.000000	5.04515e-05	3800.000000	4.85902e-05	3800.000000	5.04505e-05	3800.000000	5.28366e-05	3800.000000	1.82927e-09	
4000.000000	4.74517e-05	4000.000000	5.35545e-05	4000.000000	5.06186e-05	4000.000000	4.876e-05 	4000.000000	5.06171e-05	4000.000000	5.35528e-05	4000.000000	1.74399e-09	
4200.000000	4.8382e-05	4200.000000	5.42895e-05	4200.000000	5.07896e-05	4200.000000	4.89337e-05	4200.000000	5.07881e-05	4200.000000	5.42878e-05	4200.000000	1.66654e-09	
4400.000000	4.93408e-05	4400.000000	5.50407e-05	4400.000000	5.09629e-05	4400.000000	4.91097e-05	4400.000000	5.09612e-05	4400.000000	5.50391e-05	4400.000000	1.59588e-09	
4600.000000	5.03258e-05	4600.000000	5.58058e-05	4600.000000	5.11375e-05	4600.000000	4.92869e-05	4600.000000	5.11359e-05	4600.000000	5.58043e-05	4600.000000	1.53115e-09	
4800.000000	5.13352e-05	4800.000000	5.65829e-05	4800.000000	5.13124e-05	4800.000000	4.94645e-05	4800.000000	5.1311e-05	4800.000000	5.65815e-05	4800.000000	1.47162e-09	
5000.000000	5.23674e-05	5000.000000	5.73705e-05	5000.000000	5.1487e-05	5000.000000	4.96417e-05	5000.000000	5.14859e-05	5000.000000	5.73691e-05	5000.000000	1.41669e-09	
5250.000000	5.36876e-05	5250.000000	5.83677e-05	5250.000000	5.1704e-05	5250.000000	4.98619e-05	5250.000000	5.17033e-05	5250.000000	5.83663e-05	5250.000000	1.35371e-09	
5500.000000	5.50389e-05	5500.000000	5.93769e-05	5500.000000	5.1919e-05	5500.000000	5.00801e-05	5500.000000	5.19187e-05	5500.000000	5.93756e-05	5500.000000	1.29625e-09	
6000.000000	5.7828e-05	6000.000000	6.14246e-05	6000.000000	5.23413e-05	6000.000000	5.05079e-05	6000.000000	5.23413e-05	6000.000000	6.14234e-05	6000.000000	1.19522e-09	
6500.000000	6.07231e-05	6500.000000	6.35027e-05	6500.000000	5.27512e-05	6500.000000	5.09226e-05	6500.000000	5.27509e-05	6500.000000	6.35016e-05	6500.000000	1.10921e-09	
7000.000000	6.37156e-05	7000.000000	6.56033e-05	7000.000000	5.31443e-05	7000.000000	5.13228e-05	7000.000000	5.31461e-05	7000.000000	6.56022e-05	7000.000000	1.03508e-09	
7500.000000	6.67995e-05	7500.000000	6.77208e-05	7500.000000	5.35272e-05	7500.000000	5.17082e-05	7500.000000	5.35267e-05	7500.000000	6.77198e-05	7500.000000	9.70509e-10	
8000.000000	6.99701e-05	8000.000000	6.9851e-05	8000.000000	5.38923e-05	8000.000000	5.20792e-05	8000.000000	5.38927e-05	8000.000000	6.98501e-05	8000.000000	9.13739e-10	
8500.000000	7.32237e-05	8500.000000	7.19908e-05	8500.000000	5.42425e-05	8500.000000	5.24361e-05	8500.000000	5.42444e-05	8500.000000	7.199e-05 	8500.000000	8.63426e-10	
9000.000000	7.65575e-05	9000.000000	7.41379e-05	9000.000000	5.45808e-05	9000.000000	5.27795e-05	9000.000000	5.45826e-05	9000.000000	7.4137e-05	9000.000000	8.18518e-10	
9500.000000	7.99694e-05	9500.000000	7.62903e-05	9500.000000	5.49064e-05	9500.000000	5.311e-05 	9500.000000	5.4908e-05	9500.000000	7.62895e-05	9500.000000	7.7818e-10	
10000.000000	8.34575e-05	10000.000000	7.84467e-05	10000.000000	5.52196e-05	10000.000000	5.34285e-05	10000.000000	5.52211e-05	10000.000000	7.84459e-05	10000.000000	7.41742e-10	
11000.000000	9.06572e-05	11000.000000	8.27669e-05	11000.000000	5.58113e-05	11000.000000	5.40317e-05	11000.000000	5.58132e-05	11000.000000	8.27662e-05	11000.000000	6.78486e-10	
12000.000000	9.81481e-05	12000.000000	8.7092e-05	12000.000000	5.63618e-05	12000.000000	5.45942e-05	12000.000000	5.6364e-05	12000.000000	8.70914e-05	12000.000000	6.25439e-10	
13000.000000	0.000105925	13000.000000	9.14178e-05	13000.000000	5.68757e-05	13000.000000	5.51205e-05	13000.000000	5.68779e-05	13000.000000	9.14172e-05	13000.000000	5.80295e-10	
14000.000000	0.000113983	14000.000000	9.57414e-05	14000.000000	5.73574e-05	14000.000000	5.56146e-05	14000.000000	5.73591e-05	14000.000000	9.57409e-05	14000.000000	5.41395e-10	
15000.000000	0.000122321	15000.000000	0.000100061	15000.000000	5.78099e-05	15000.000000	5.608e-05 	15000.000000	5.78109e-05	15000.000000	0.000100061	15000.000000	5.07518e-10	
16000.000000	0.000130937	16000.000000	0.000104375	16000.000000	5.82355e-05	16000.000000	5.65196e-05	16000.000000	5.82363e-05	16000.000000	0.000104375	16000.000000	4.77742e-10	
17000.000000	0.000139829	17000.000000	0.000108684	17000.000000	5.86369e-05	17000.000000	5.69361e-05	17000.000000	5.86379e-05	17000.000000	0.000108683	17000.000000	4.51358e-10	
18000.000000	0.000148998	18000.000000	0.000112986	18000.000000	5.90168e-05	18000.000000	5.73315e-05	18000.000000	5.9018e-05	18000.000000	0.000112985	18000.000000	4.27812e-10	
19000.000000	0.000158443	19000.000000	0.00011728	19000.000000	5.93774e-05	19000.000000	5.7708e-05	19000.000000	5.93783e-05	19000.000000	0.00011728	19000.000000	4.06667e-10	
20000.000000	0.000168164	20000.000000	0.000121568	20000.000000	5.97209e-05	20000.000000	5.80671e-05	20000.000000	5.97207e-05	20000.000000	0.000121568	20000.000000	3.87569e-10	
21000.000000	0.000178163	21000.000000	0.000125849	21000.000000	6.00476e-05	21000.000000	5.84103e-05	21000.000000	6.00468e-05	21000.000000	0.000125848	21000.000000	3.70233e-10	
22000.000000	0.000188438	22000.000000	0.000130122	22000.000000	6.03568e-05	22000.000000	5.8739e-05	22000.000000	6.03575e-05	22000.000000	0.000130122	22000.000000	3.54423e-10	
23000.000000	0.000198992	23000.000000	0.000134388	23000.000000	6.06527e-05	23000.000000	5.90542e-05	23000.000000	6.06547e-05	23000.000000	0.000134388	23000.000000	3.39944e-10	
24000.000000	0.000209825	24000.000000	0.000138647	24000.000000	6.09374e-05	24000.000000	5.93571e-05	24000.000000	6.09384e-05	24000.000000	0.000138647	24000.000000	3.26634e-10	
25000.000000	0.000220937	25000.000000	0.000142899	25000.000000	6.12107e-05	25000.000000	5.96486e-05	25000.000000	6.12107e-05	25000.000000	0.000142899	25000.000000	3.14356e-10	
26000.000000	0.000232331	26000.000000	0.000147144	26000.000000	6.1472e-05	26000.000000	5.99294e-05	26000.000000	6.14713e-05	26000.000000	0.000147144	26000.000000	3.02992e-10	
27000.000000	0.000244006	27000.000000	0.000151383	27000.000000	6.17216e-05	27000.000000	6.02003e-05	27000.000000	6.17221e-05	27000.000000	0.000151382	27000.000000	2.92443e-10	
28000.000000	0.000255965	28000.000000	0.000155614	28000.000000	6.19613e-05	28000.000000	6.0462e-05	28000.000000	6.19625e-05	28000.000000	0.000155614	28000.000000	2.82625e-10	
29000.000000	0.000268207	29000.000000	0.00015984	29000.000000	6.21927e-05	29000.000000	6.07151e-05	29000.000000	6.21943e-05	29000.000000	0.000159839	29000.000000	2.73462e-10	
30000.000000	0.000280736	30000.000000	0.000164059	30000.000000	6.24163e-05	30000.000000	6.096e-05 	30000.000000	6.24173e-05	30000.000000	0.000164058	30000.000000	2.64891e-10	
32000.000000	0.000306655	32000.000000	0.000172478	32000.000000	6.28403e-05	32000.000000	6.14276e-05	32000.000000	6.284e-05 	32000.000000	0.000172478	32000.000000	2.49307e-10	
34000.000000	0.000333734	34000.000000	0.000180874	34000.000000	6.3235e-05	34000.000000	6.18682e-05	34000.000000	6.32338e-05	34000.000000	0.000180873	34000.000000	2.35501e-10	
36000.000000	0.000361982	36000.000000	0.000189246	36000.000000	6.36029e-05	36000.000000	6.22848e-05	36000.000000	6.36019e-05	36000.000000	0.000189246	36000.000000	2.23183e-10	
38000.000000	0.000391411	38000.000000	0.000197598	38000.000000	6.39471e-05	38000.000000	6.26798e-05	38000.000000	6.39472e-05	38000.000000	0.000197597	38000.000000	2.12122e-10	
40000.000000	0.000422035	40000.000000	0.000205928	40000.000000	6.42704e-05	40000.000000	6.30554e-05	40000.000000	6.42717e-05	40000.000000	0.000205928	40000.000000	2.02133e-10	
42000.000000	0.000453864	42000.000000	0.000214239	42000.000000	6.45755e-05	42000.000000	6.34133e-05	42000.000000	6.4577e-05	42000.000000	0.000214238	42000.000000	1.93068e-10	
44000.000000	0.000486912	44000.000000	0.00022253	44000.000000	6.48646e-05	44000.000000	6.37551e-05	44000.000000	6.48656e-05	44000.000000	0.00022253	44000.000000	1.84801e-10	
46000.000000	0.000521192	46000.000000	0.000230803	46000.000000	6.514e-05 	46000.000000	6.40822e-05	46000.000000	6.51377e-05	46000.000000	0.000230803	46000.000000	1.77232e-10	
48000.000000	0.000556715	48000.000000	0.000239059	48000.000000	6.54022e-05	48000.000000	6.43959e-05	48000.000000	6.5396e-05	48000.000000	0.000239059	48000.000000	1.70275e-10	
50000.000000	0.000593495	50000.000000	0.000247298	50000.000000	6.56502e-05	50000.000000	6.46971e-05	50000.000000	6.56404e-05	50000.000000	0.000247298	50000.000000	1.63857e-10	
