! 93Y energy loss (dE/dX) in He
! apply ZOOM for details
Energy (MeV/u)1	0 - [He-base] F.Hubert et al, AD&ND Tables 46(1990)1	Energy (MeV/u)2	1 - [H -base] J.F.Ziegler et al,Pergamon Press,NY(low energy)	Energy (MeV/u)3	2 - ATIMA 1.2 LS-theory (recommended for high energy)	Energy (MeV/u)4	3 - ATIMA 1.2 without LS-correction	Energy (MeV/u)5	4 - ATIMA 1.4 H.Weick, improved mean charge formula for HI	Energy (MeV/u)6	5 - electrical component of [1] - J.F.Ziegler et al	Energy (MeV/u)7	6 - nuclear component of [1] - J.F.Ziegler et al	
0.001000	10.6417   	0.001000	12.7397   	0.001000	10.9702   	0.001000	10.9702   	0.001000	10.9708   	0.001000	3.24508   	0.001000	9.49459   	
0.002000	10.9167   	0.002000	12.9202   	0.002000	10.7986   	0.002000	10.7986   	0.002000	10.799    	0.002000	4.20835   	0.002000	8.71186   	
0.005000	10.9439   	0.005000	12.6471   	0.005000	10.0125   	0.005000	10.0125   	0.005000	10.0128   	0.005000	5.93389   	0.005000	6.71324   	
0.008000	11.0687   	0.008000	12.5936   	0.008000	9.6892    	0.008000	9.6892    	0.008000	9.68942   	0.008000	7.07757   	0.008000	5.51604   	
0.010000	11.2077   	0.010000	12.6534   	0.010000	9.62378   	0.010000	9.62378   	0.010000	9.62397   	0.010000	7.6953    	0.010000	4.95807   	
0.015000	11.6429   	0.015000	12.9637   	0.015000	9.71899   	0.015000	9.71899   	0.015000	9.71913   	0.015000	8.959     	0.015000	4.00473   	
0.020000	12.1219   	0.020000	13.3738   	0.020000	9.99242   	0.020000	9.99242   	0.020000	9.99254   	0.020000	9.97957   	0.020000	3.3942    	
0.025000	12.6036   	0.025000	13.815    	0.025000	10.3415   	0.025000	10.3415   	0.025000	10.3416   	0.025000	10.8506   	0.025000	2.96445   	
0.030000	13.0738   	0.030000	14.2613   	0.030000	10.7241   	0.030000	10.7241   	0.030000	10.7241   	0.030000	11.6184   	0.030000	2.64295   	
0.035000	13.528    	0.035000	14.7018   	0.035000	11.1206   	0.035000	11.1206   	0.035000	11.1206   	0.035000	12.3098   	0.035000	2.39197   	
0.040000	13.9648   	0.040000	15.1317   	0.040000	11.521    	0.040000	11.521    	0.040000	11.5211   	0.040000	12.9419   	0.040000	2.18977   	
0.045000	14.4308   	0.045000	15.5492   	0.045000	11.9201   	0.045000	11.9201   	0.045000	11.9202   	0.045000	13.5263   	0.045000	2.02287   	
0.050000	14.9236   	0.050000	15.9539   	0.050000	12.3151   	0.050000	12.3151   	0.050000	12.3151   	0.050000	14.0715   	0.050000	1.88242   	
0.055000	15.7402   	0.055000	16.3458   	0.055000	12.7042   	0.055000	12.7042   	0.055000	12.7042   	0.055000	14.5835   	0.055000	1.76236   	
0.060000	16.4944   	0.060000	17.2867   	0.060000	13.6932   	0.060000	13.6932   	0.060000	13.6933   	0.060000	15.6284   	0.060000	1.65838   	
0.070000	17.8011   	0.070000	19.2573   	0.070000	15.8779   	0.070000	15.8779   	0.070000	15.878    	0.070000	17.7842   	0.070000	1.47307   	
0.080000	19.2437   	0.080000	21.175    	0.080000	18.1007   	0.080000	18.1007   	0.080000	18.1007   	0.080000	19.8364   	0.080000	1.33857   	
0.090000	20.5201   	0.090000	23.0237   	0.090000	20.3088   	0.090000	20.3088   	0.090000	20.3089   	0.090000	21.795    	0.090000	1.22876   	
0.100000	21.6622   	0.100000	24.797    	0.100000	22.4753   	0.100000	22.4753   	0.100000	22.4753   	0.100000	23.6597   	0.100000	1.13722   	
0.120000	23.1246   	0.120000	28.0981   	0.120000	26.608    	0.120000	26.608    	0.120000	26.608    	0.120000	27.1053   	0.120000	0.992863  	
0.140000	24.3552   	0.140000	31.0693   	0.140000	30.3988   	0.140000	30.3988   	0.140000	30.3988   	0.140000	30.1855   	0.140000	0.883769  	
0.160000	25.9332   	0.160000	33.7427   	0.160000	33.807    	0.160000	33.807    	0.160000	33.807    	0.160000	32.9446   	0.160000	0.798117  	
0.180000	27.7253   	0.180000	37.2429   	0.180000	36.8299   	0.180000	36.8299   	0.180000	36.8299   	0.180000	36.514    	0.180000	0.728897  	
0.200000	29.458    	0.200000	40.3836   	0.200000	39.4872   	0.200000	39.4872   	0.200000	39.4873   	0.200000	39.7119   	0.200000	0.671673  	
0.250000	32.5971   	0.250000	46.8951   	0.250000	44.7536   	0.250000	44.7536   	0.250000	44.7537   	0.250000	46.3312   	0.250000	0.563882  	
0.300000	35.4128   	0.300000	51.9079   	0.300000	48.5124   	0.300000	48.5124   	0.300000	48.5124   	0.300000	51.4199   	0.300000	0.487975  	
0.350000	37.9655   	0.350000	55.831    	0.350000	51.2539   	0.350000	51.2539   	0.350000	51.254    	0.350000	55.3996   	0.350000	0.431362  	
0.400000	40.3423   	0.400000	59.2098   	0.400000	53.3262   	0.400000	53.3262   	0.400000	53.3262   	0.400000	58.8225   	0.400000	0.387369  	
0.450000	42.4244   	0.450000	61.9307   	0.450000	54.9562   	0.450000	54.9562   	0.450000	54.9563   	0.450000	61.5786   	0.450000	0.352112  	
0.500000	44.2434   	0.500000	64.1436   	0.500000	56.2871   	0.500000	56.2871   	0.500000	56.2871   	0.500000	63.8204   	0.500000	0.323167  	
0.600000	45.6433   	0.600000	67.4531   	0.600000	59.0224   	0.600000	59.0224   	0.600000	59.0224   	0.600000	67.1748   	0.600000	0.278343  	
0.700000	46.3779   	0.700000	69.9764   	0.700000	61.6357   	0.700000	61.6357   	0.700000	61.6358   	0.700000	69.7313   	0.700000	0.245128  	
0.800000	48.5288   	0.800000	72.21     	0.800000	63.6295   	0.800000	63.6295   	0.800000	63.6295   	0.800000	71.9906   	0.800000	0.219451  	
0.900000	50.2049   	0.900000	73.7774   	0.900000	65.1751   	0.900000	65.1751   	0.900000	65.1751   	0.900000	73.5785   	0.900000	0.198959  	
1.000000	51.5106   	1.000000	74.859    	1.000000	66.3785   	1.000000	66.3785   	1.000000	66.3785   	1.000000	74.6768   	1.000000	0.182197  	
1.250000	53.2887   	1.250000	75.8941   	1.250000	68.3143   	1.250000	68.3143   	1.250000	68.3144   	1.250000	75.743    	1.250000	0.151066  	
1.500000	53.7029   	1.500000	75.2576   	1.500000	69.2147   	1.500000	69.2147   	1.500000	69.2148   	1.500000	75.1281   	1.500000	0.129503  	
1.750000	53.6518   	1.750000	74.2741   	1.750000	69.4607   	1.750000	69.4607   	1.750000	69.4607   	1.750000	74.1605   	1.750000	0.113622  	
2.000000	53.3117   	2.000000	73.1078   	2.000000	69.2808   	2.000000	69.2808   	2.000000	69.2809   	2.000000	73.0064   	2.000000	0.101405  	
2.250000	52.7993   	2.250000	71.7446   	2.250000	68.8198   	2.250000	68.8198   	2.250000	68.8199   	2.250000	71.6529   	2.250000	0.0916945 	
2.500000	72.3259   	2.500000	70.3741   	2.500000	68.1722   	2.500000	68.1722   	2.500000	68.1722   	2.500000	70.2903   	2.500000	0.0837783 	
3.000000	69.417    	3.000000	67.6999   	3.000000	66.5506   	3.000000	66.5506   	3.000000	66.5506   	3.000000	67.6283   	3.000000	0.0716226 	
3.500000	66.4635   	3.500000	65.1654   	3.500000	64.6348   	3.500000	64.6348   	3.500000	64.6348   	3.500000	65.1027   	3.500000	0.0627006 	
4.000000	63.6244   	4.000000	62.7942   	4.000000	62.4526   	4.000000	62.4526   	4.000000	62.4527   	4.000000	62.7384   	4.000000	0.0558557 	
4.500000	60.9576   	4.500000	60.5659   	4.500000	60.404    	4.500000	60.404    	4.500000	60.4041   	4.500000	60.5155   	4.500000	0.0504279 	
5.000000	58.4783   	5.000000	58.4698   	5.000000	58.4819   	5.000000	58.4819   	5.000000	58.4819   	5.000000	58.4237   	5.000000	0.0460118 	
5.500000	56.1828   	5.500000	56.5149   	5.500000	56.6776   	5.500000	56.6776   	5.500000	56.6777   	5.500000	56.4726   	5.500000	0.0423442 	
6.000000	54.0599   	6.000000	54.6798   	6.000000	54.9824   	6.000000	54.9824   	6.000000	54.9824   	6.000000	54.6406   	6.000000	0.0392468 	
6.500000	52.0957   	6.500000	52.9584   	6.500000	53.3876   	6.500000	53.3876   	6.500000	53.3876   	6.500000	52.9218   	6.500000	0.036594  	
7.000000	50.2758   	7.000000	51.3512   	7.000000	51.8851   	7.000000	51.8851   	7.000000	51.8852   	7.000000	51.3169   	7.000000	0.034295  	
7.500000	48.5866   	7.500000	49.8455   	7.500000	50.4675   	7.500000	50.4675   	7.500000	50.4675   	7.500000	49.8132   	7.500000	0.0322822 	
8.000000	47.0155   	8.000000	48.4336   	8.000000	49.1279   	8.000000	49.1279   	8.000000	49.1279   	8.000000	48.4031   	8.000000	0.0305045 	
8.500000	45.5511   	8.500000	47.1025   	8.500000	47.8601   	8.500000	47.8601   	8.500000	47.8601   	8.500000	47.0736   	8.500000	0.0289222 	
9.000000	44.1832   	9.000000	45.8438   	9.000000	46.6585   	9.000000	46.6585   	9.000000	46.6585   	9.000000	45.8163   	9.000000	0.0275043 	
9.500000	42.9028   	9.500000	44.6518   	9.500000	45.5179   	9.500000	45.5179   	9.500000	45.5179   	9.500000	44.6256   	9.500000	0.026226  	
10.000000	41.7019   	10.000000	41.7111   	10.000000	44.4339   	10.000000	44.4339   	10.000000	44.4339   	10.000000	41.6861   	10.000000	0.0250672 	
11.000000	39.5105   	11.000000	40.246    	11.000000	42.0959   	11.000000	42.4878   	11.000000	42.7068   	11.000000	40.223    	11.000000	0.023046  	
12.000000	37.5608   	12.000000	38.8614   	12.000000	40.0113   	12.000000	40.7244   	12.000000	41.094    	12.000000	38.84     	12.000000	0.0213412 	
13.000000	35.8146   	13.000000	37.5578   	13.000000	38.1421   	13.000000	39.1204   	13.000000	39.5905   	13.000000	37.538    	13.000000	0.0198826 	
14.000000	34.241    	14.000000	36.3329   	14.000000	36.4577   	14.000000	37.6561   	14.000000	38.1896   	14.000000	36.3143   	14.000000	0.0186199 	
15.000000	32.8153   	15.000000	35.1825   	15.000000	34.9338   	15.000000	36.3146   	15.000000	36.884    	15.000000	35.165    	15.000000	0.0175153 	
16.000000	31.5172   	16.000000	34.1019   	16.000000	33.5497   	16.000000	35.0819   	16.000000	35.6667   	16.000000	34.0854   	16.000000	0.0165406 	
17.000000	30.3297   	17.000000	33.086    	17.000000	32.2879   	17.000000	33.9458   	17.000000	34.5312   	17.000000	33.0704   	17.000000	0.0156736 	
18.000000	29.2392   	18.000000	32.1301   	18.000000	31.1338   	18.000000	32.896    	18.000000	33.4691   	18.000000	32.1152   	18.000000	0.0148973 	
19.000000	28.2339   	19.000000	31.2296   	19.000000	30.0753   	19.000000	31.9235   	19.000000	32.4768   	19.000000	31.2154   	19.000000	0.0141979 	
20.000000	27.3038   	20.000000	30.3802   	20.000000	29.1017   	20.000000	31.0206   	20.000000	31.549    	20.000000	30.3666   	20.000000	0.0135643 	
21.000000	26.4408   	21.000000	29.5779   	21.000000	28.2039   	21.000000	30.1807   	21.000000	30.6777   	21.000000	29.5649   	21.000000	0.0129874 	
22.000000	25.6376   	22.000000	28.8192   	22.000000	27.374    	22.000000	29.3978   	22.000000	29.8622   	22.000000	28.8067   	22.000000	0.01246   	
23.000000	24.888    	23.000000	28.1007   	23.000000	26.6054   	23.000000	28.6667   	23.000000	29.0958   	23.000000	28.0887   	23.000000	0.0119757 	
24.000000	24.1867   	24.000000	27.4194   	24.000000	25.8928   	24.000000	27.9831   	24.000000	28.3762   	24.000000	27.4079   	24.000000	0.0115295 	
25.000000	23.5291   	25.000000	26.7726   	25.000000	25.231    	25.000000	27.3427   	25.000000	27.6994   	25.000000	26.7615   	25.000000	0.0111168 	
27.000000	22.329    	27.000000	25.5727   	27.000000	24.0417   	27.000000	26.1781   	27.000000	26.4625   	27.000000	25.5623   	27.000000	0.0103781 	
29.000000	21.2609   	29.000000	24.4835   	29.000000	23.0075   	29.000000	25.1488   	29.000000	25.3638   	29.000000	24.4737   	29.000000	0.00973568	
31.000000	20.3036   	31.000000	23.4905   	31.000000	22.1196   	31.000000	24.151    	31.000000	24.2759   	31.000000	23.4814   	31.000000	0.00917155	
33.000000	19.4403   	33.000000	22.5817   	33.000000	21.3269   	33.000000	23.1666   	33.000000	23.2005   	33.000000	22.573    	33.000000	0.00867204	
35.000000	18.6575   	35.000000	21.7468   	35.000000	20.5985   	35.000000	22.2663   	35.000000	22.2327   	35.000000	21.7386   	35.000000	0.00822649	
38.000000	17.6105   	38.000000	20.6144   	38.000000	19.6014   	38.000000	21.0515   	38.000000	20.9483   	38.000000	20.6068   	38.000000	0.00764139	
41.000000	16.6909   	41.000000	19.6052   	41.000000	18.7064   	41.000000	19.9745   	41.000000	19.8279   	41.000000	19.598    	41.000000	0.00713738	
44.000000	15.8761   	44.000000	18.7001   	44.000000	17.8983   	44.000000	19.0131   	44.000000	18.8405   	44.000000	18.6934   	44.000000	0.00669847	
47.000000	15.1489   	47.000000	17.8837   	47.000000	17.1652   	47.000000	18.1494   	47.000000	17.9632   	47.000000	17.8774   	47.000000	0.00631264	
50.000000	14.4955   	50.000000	17.1437   	50.000000	16.4985   	50.000000	17.3693   	50.000000	17.178    	50.000000	17.1377   	50.000000	0.00597068	
55.000000	13.5417   	55.000000	16.0529   	55.000000	15.5084   	55.000000	16.2243   	55.000000	16.035    	55.000000	16.0474   	55.000000	0.00547943	
60.000000	12.7247   	60.000000	15.1091   	60.000000	14.646    	60.000000	15.2382   	60.000000	15.0574   	60.000000	15.104    	60.000000	0.00506593	
65.000000	12.0163   	65.000000	14.2844   	65.000000	13.8886   	65.000000	14.3802   	65.000000	14.2119   	65.000000	14.2797   	65.000000	0.00471287	
70.000000	11.3958   	70.000000	13.5576   	70.000000	13.2181   	70.000000	13.6267   	70.000000	13.4729   	70.000000	13.5532   	70.000000	0.00440772	
75.000000	10.8474   	75.000000	12.9123   	75.000000	12.6184   	75.000000	12.9599   	75.000000	12.8301   	75.000000	12.9082   	75.000000	0.00414123	
80.000000	10.359    	80.000000	12.3355   	80.000000	12.0815   	80.000000	12.3656   	80.000000	12.2577   	80.000000	12.3316   	80.000000	0.00390639	
85.000000	9.92096   	85.000000	11.8168   	85.000000	11.5985   	85.000000	11.8326   	85.000000	11.7442   	85.000000	11.8131   	85.000000	0.00369781	
90.000000	9.52578   	90.000000	11.3479   	90.000000	11.1589   	90.000000	11.3519   	90.000000	11.2811   	90.000000	11.3444   	90.000000	0.00351127	
95.000000	9.1673    	95.000000	10.922    	95.000000	10.7582   	95.000000	10.9163   	95.000000	10.8619   	95.000000	10.9186   	95.000000	0.00334339	
100.000000	8.8405    	100.000000	10.5334   	100.000000	10.3926   	100.000000	10.5196   	100.000000	10.4801   	100.000000	10.5302   	100.000000	0.00319147	
105.000000	8.54127   	105.000000	10.1774   	105.000000	10.0566   	105.000000	10.1569   	105.000000	10.1308   	105.000000	10.1743   	105.000000	0.00305332	
110.000000	8.26618   	110.000000	9.85009   	110.000000	9.7478    	110.000000	9.82409   	110.000000	9.81084   	110.000000	9.84716   	110.000000	0.00292711	
115.000000	8.01234   	115.000000	9.54817   	115.000000	9.46146   	115.000000	9.51755   	115.000000	9.5153    	115.000000	9.54536   	115.000000	0.00281133	
120.000000	7.77734   	120.000000	9.26879   	120.000000	9.1957    	120.000000	9.23433   	120.000000	9.24274   	120.000000	9.26609   	120.000000	0.00270474	
125.000000	7.55908   	125.000000	9.00953   	125.000000	8.9494    	125.000000	8.97188   	125.000000	8.98955   	125.000000	9.00693   	125.000000	0.00260627	
130.000000	7.35581   	130.000000	8.76829   	130.000000	8.72011   	130.000000	8.72801   	130.000000	8.75462   	130.000000	8.76578   	130.000000	0.002515  	
135.000000	7.16599   	135.000000	8.54327   	135.000000	8.5057    	135.000000	8.50082   	135.000000	8.53514   	135.000000	8.54084   	135.000000	0.00243016	
140.000000	6.98829   	140.000000	8.33289   	140.000000	8.3046    	140.000000	8.28868   	140.000000	8.33065   	140.000000	8.33054   	140.000000	0.0023511 	
145.000000	6.82156   	145.000000	8.13577   	145.000000	8.11623   	145.000000	8.09013   	145.000000	8.13848   	145.000000	8.1335    	145.000000	0.00227722	
150.000000	6.66479   	150.000000	7.95071   	150.000000	7.93976   	150.000000	7.90393   	150.000000	7.95875   	150.000000	7.9485    	150.000000	0.00220803	
155.000000	6.441     	155.000000	7.77663   	155.000000	7.77301   	155.000000	7.72897   	155.000000	7.78948   	155.000000	7.77449   	155.000000	0.0021431 	
160.000000	6.31135   	160.000000	7.61259   	160.000000	7.61537   	160.000000	7.56427   	160.000000	7.63007   	160.000000	7.61051   	160.000000	0.00208203	
165.000000	6.18886   	165.000000	7.45776   	165.000000	7.46675   	165.000000	7.40895   	165.000000	7.47989   	165.000000	7.45573   	165.000000	0.00202448	
170.000000	6.07295   	170.000000	7.31137   	170.000000	7.32637   	170.000000	7.26225   	170.000000	7.33746   	170.000000	7.3094    	170.000000	0.00197016	
175.000000	5.96309   	175.000000	7.17278   	175.000000	7.19334   	175.000000	7.12348   	175.000000	7.20293   	175.000000	7.17086   	175.000000	0.0019188 	
180.000000	5.85882   	180.000000	7.04136   	180.000000	7.06687   	180.000000	6.99201   	180.000000	7.0754    	180.000000	7.03949   	180.000000	0.00187015	
185.000000	5.75972   	185.000000	6.91659   	185.000000	6.94668   	185.000000	6.86729   	185.000000	6.95408   	185.000000	6.91477   	185.000000	0.00182401	
190.000000	5.6654    	190.000000	6.79798   	190.000000	6.83249   	190.000000	6.74881   	190.000000	6.83898   	190.000000	6.7962    	190.000000	0.00178018	
195.000000	5.57552   	195.000000	6.68508   	195.000000	6.7239    	195.000000	6.63614   	195.000000	6.72944   	195.000000	6.68334   	195.000000	0.0017385 	
200.000000	5.48978   	200.000000	6.57749   	200.000000	6.6204    	200.000000	6.52885   	200.000000	6.62482   	200.000000	6.57579   	200.000000	0.0016988 	
210.000000	5.3296    	210.000000	6.37685   	210.000000	6.42677   	210.000000	6.32897   	210.000000	6.43022   	210.000000	6.37523   	210.000000	0.00162482	
220.000000	5.18289   	220.000000	6.19351   	220.000000	6.24983   	220.000000	6.14659   	220.000000	6.25209   	220.000000	6.19195   	220.000000	0.00155725	
230.000000	5.04801   	230.000000	6.02535   	230.000000	6.08709   	230.000000	5.97953   	230.000000	6.08901   	230.000000	6.02385   	230.000000	0.00149529	
240.000000	4.92358   	240.000000	5.87058   	240.000000	5.93723   	240.000000	5.82597   	240.000000	5.93872   	240.000000	5.86914   	240.000000	0.00143826	
250.000000	4.80842   	250.000000	5.72768   	250.000000	5.79895   	250.000000	5.68437   	250.000000	5.80007   	250.000000	5.72629   	250.000000	0.00138559	
260.000000	4.70154   	260.000000	5.59536   	260.000000	5.67103   	260.000000	5.5534    	260.000000	5.67156   	260.000000	5.59402   	260.000000	0.00133678	
270.000000	4.60206   	270.000000	5.47249   	270.000000	5.55213   	270.000000	5.43194   	270.000000	5.55238   	270.000000	5.4712    	270.000000	0.00129143	
280.000000	4.50926   	280.000000	5.35813   	280.000000	5.44116   	280.000000	5.31901   	280.000000	5.44127   	280.000000	5.35688   	280.000000	0.00124917	
290.000000	4.42248   	290.000000	5.25142   	290.000000	5.33817   	290.000000	5.21377   	290.000000	5.33785   	290.000000	5.25021   	290.000000	0.00120969	
300.000000	4.34115   	300.000000	5.15165   	300.000000	5.24144   	300.000000	5.11547   	300.000000	5.24086   	300.000000	5.15047   	300.000000	0.00117273	
310.000000	4.26479   	310.000000	5.05816   	310.000000	5.15047   	310.000000	5.02347   	310.000000	5.1502    	310.000000	5.05702   	310.000000	0.00113804	
320.000000	4.19295   	320.000000	4.97041   	320.000000	5.06553   	320.000000	4.93719   	320.000000	5.06504   	320.000000	4.9693    	320.000000	0.00110543	
330.000000	4.12525   	330.000000	4.88788   	330.000000	4.98579   	330.000000	4.85614   	330.000000	4.98495   	330.000000	4.8868    	330.000000	0.0010747 	
340.000000	4.06135   	340.000000	4.81014   	340.000000	4.91056   	340.000000	4.77987   	340.000000	4.90968   	340.000000	4.80909   	340.000000	0.00104571	
350.000000	4.00094   	350.000000	4.7368    	350.000000	4.8394    	350.000000	4.70799   	350.000000	4.83846   	350.000000	4.73578   	350.000000	0.00101829	
360.000000	3.94374   	360.000000	4.66749   	360.000000	4.77215   	360.000000	4.64014   	360.000000	4.77128   	360.000000	4.6665    	360.000000	0.000992334	
370.000000	3.88952   	370.000000	4.60192   	370.000000	4.7086    	370.000000	4.576     	370.000000	4.70784   	370.000000	4.60095   	370.000000	0.000967716	
380.000000	3.83805   	380.000000	4.53979   	380.000000	4.64848   	380.000000	4.51528   	380.000000	4.64753   	380.000000	4.53885   	380.000000	0.000944337	
390.000000	3.78914   	390.000000	4.48085   	390.000000	4.5914    	390.000000	4.45775   	390.000000	4.59043   	390.000000	4.47993   	390.000000	0.000922104	
400.000000	3.74259   	400.000000	4.42488   	400.000000	4.53701   	400.000000	4.40315   	400.000000	4.53631   	400.000000	4.42398   	400.000000	0.000900934	
410.000000	3.69826   	410.000000	4.37165   	410.000000	4.48533   	410.000000	4.35128   	410.000000	4.4847    	410.000000	4.37077   	410.000000	0.000880751	
420.000000	3.65599   	420.000000	4.32099   	420.000000	4.43636   	420.000000	4.30196   	420.000000	4.43564   	420.000000	4.32013   	420.000000	0.000861487	
430.000000	3.61564   	430.000000	4.27272   	430.000000	4.38977   	430.000000	4.255     	430.000000	4.38899   	430.000000	4.27187   	430.000000	0.000843079	
440.000000	3.5771    	440.000000	4.22668   	440.000000	4.34521   	440.000000	4.21026   	440.000000	4.34445   	440.000000	4.22585   	440.000000	0.000825472	
450.000000	3.54025   	450.000000	4.18273   	450.000000	4.30259   	450.000000	4.16758   	450.000000	4.3019    	450.000000	4.18192   	450.000000	0.000808614	
460.000000	3.50498   	460.000000	4.14073   	460.000000	4.2619    	460.000000	4.12684   	460.000000	4.26131   	460.000000	4.13994   	460.000000	0.000792456	
470.000000	3.4712    	470.000000	4.10058   	470.000000	4.22304   	470.000000	4.08791   	470.000000	4.22257   	470.000000	4.0998    	470.000000	0.000776956	
480.000000	3.43883   	480.000000	4.06215   	480.000000	4.1859    	480.000000	4.05069   	480.000000	4.18539   	480.000000	4.06139   	480.000000	0.000762074	
490.000000	3.40778   	490.000000	4.02534   	490.000000	4.15037   	490.000000	4.01507   	490.000000	4.1498    	490.000000	4.02459   	490.000000	0.000747773	
500.000000	3.37798   	500.000000	3.99007   	500.000000	4.11631   	500.000000	3.98095   	500.000000	4.11575   	500.000000	3.98933   	500.000000	0.000734019	
520.000000	3.32185   	520.000000	3.92376   	520.000000	4.05226   	520.000000	3.91689   	520.000000	4.05176   	520.000000	3.92305   	520.000000	0.00070803	
540.000000	3.26994   	540.000000	3.86261   	540.000000	3.99324   	540.000000	3.8579    	540.000000	3.99273   	540.000000	3.86192   	540.000000	0.000683885	
560.000000	3.22183   	560.000000	3.80608   	560.000000	3.93879   	560.000000	3.80343   	560.000000	3.93825   	560.000000	3.80541   	560.000000	0.000661392	
580.000000	3.17715   	580.000000	3.7537    	580.000000	3.88839   	580.000000	3.75303   	580.000000	3.88772   	580.000000	3.75306   	580.000000	0.000640385	
600.000000	3.13558   	600.000000	3.70507   	600.000000	3.84148   	600.000000	3.70629   	600.000000	3.84093   	600.000000	3.70445   	600.000000	0.000620719	
620.000000	3.09683   	620.000000	3.65985   	620.000000	3.79775   	620.000000	3.66286   	620.000000	3.79729   	620.000000	3.65924   	620.000000	0.000602268	
640.000000	3.06065   	640.000000	3.61771   	640.000000	3.75702   	640.000000	3.62243   	640.000000	3.75672   	640.000000	3.61713   	640.000000	0.000584923	
660.000000	3.02683   	660.000000	3.57839   	660.000000	3.71913   	660.000000	3.58473   	660.000000	3.71886   	660.000000	3.57782   	660.000000	0.000568584	
680.000000	2.99516   	680.000000	3.54165   	680.000000	3.68388   	680.000000	3.54953   	680.000000	3.68344   	680.000000	3.54109   	680.000000	0.000553167	
700.000000	2.96548   	700.000000	3.50726   	700.000000	3.65084   	700.000000	3.51659   	700.000000	3.65035   	700.000000	3.50672   	700.000000	0.000538594	
720.000000	2.93762   	720.000000	3.47504   	720.000000	3.61977   	720.000000	3.48575   	720.000000	3.61929   	720.000000	3.47452   	720.000000	0.000524796	
740.000000	2.91145   	740.000000	3.44483   	740.000000	3.59058   	740.000000	3.45682   	740.000000	3.59014   	740.000000	3.44431   	740.000000	0.000511714	
760.000000	2.88685   	760.000000	3.41645   	760.000000	3.56321   	760.000000	3.42966   	760.000000	3.56281   	760.000000	3.41595   	760.000000	0.000499291	
780.000000	2.8637    	780.000000	3.38978   	780.000000	3.53745   	780.000000	3.40412   	780.000000	3.53704   	780.000000	3.38929   	780.000000	0.000487479	
800.000000	2.84189   	800.000000	3.36469   	800.000000	3.51313   	800.000000	3.38009   	800.000000	3.51278   	800.000000	3.36422   	800.000000	0.000476233	
820.000000	2.82134   	820.000000	3.34107   	820.000000	3.49018   	820.000000	3.35745   	820.000000	3.48996   	820.000000	3.34061   	820.000000	0.000465513	
840.000000	2.80196   	840.000000	3.31882   	840.000000	3.46853   	840.000000	3.33611   	840.000000	3.46842   	840.000000	3.31836   	840.000000	0.000455283	
860.000000	2.78367   	860.000000	3.29783   	860.000000	3.44815   	860.000000	3.31596   	860.000000	3.44803   	860.000000	3.29739   	860.000000	0.000445508	
880.000000	2.7664    	880.000000	3.27804   	880.000000	3.42892   	880.000000	3.29693   	880.000000	3.42881   	880.000000	3.2776    	880.000000	0.00043616	
900.000000	2.7501    	900.000000	3.25936   	900.000000	3.41077   	900.000000	3.27895   	900.000000	3.41066   	900.000000	3.25893   	900.000000	0.00042721	
920.000000	2.7347    	920.000000	3.24171   	920.000000	3.3936    	920.000000	3.26193   	920.000000	3.39341   	920.000000	3.2413    	920.000000	0.000418633	
940.000000	2.72014   	940.000000	3.22505   	940.000000	3.37733   	940.000000	3.24582   	940.000000	3.37709   	940.000000	3.22464   	940.000000	0.000410407	
960.000000	2.70638   	960.000000	3.20929   	960.000000	3.36186   	960.000000	3.23056   	960.000000	3.36166   	960.000000	3.20889   	960.000000	0.000402509	
980.000000	2.69338   	980.000000	3.1944    	980.000000	3.34715   	980.000000	3.2161    	980.000000	3.34704   	980.000000	3.19401   	980.000000	0.00039492	
1000.000000	2.68108   	1000.000000	3.18032   	1000.000000	3.33318   	1000.000000	3.20238   	1000.000000	3.3331    	1000.000000	3.17993   	1000.000000	0.000387622	
1020.000000	2.66945   	1020.000000	3.167     	1020.000000	3.31993   	1020.000000	3.18937   	1020.000000	3.31989   	1020.000000	3.16662   	1020.000000	0.000380599	
1040.000000	2.65846   	1040.000000	3.1544    	1040.000000	3.30739   	1040.000000	3.17701   	1040.000000	3.30737   	1040.000000	3.15403   	1040.000000	0.000373835	
1060.000000	2.64807   	1060.000000	3.14249   	1060.000000	3.29552   	1060.000000	3.16528   	1060.000000	3.29549   	1060.000000	3.14212   	1060.000000	0.000367316	
1080.000000	2.63824   	1080.000000	3.13121   	1080.000000	3.28424   	1080.000000	3.15413   	1080.000000	3.28414   	1080.000000	3.13085   	1080.000000	0.000361029	
1100.000000	2.62896   	1100.000000	3.12055   	1100.000000	3.27351   	1100.000000	3.14353   	1100.000000	3.27336   	1100.000000	3.12019   	1100.000000	0.000354961	
1120.000000	2.62019   	1120.000000	3.11046   	1120.000000	3.26329   	1120.000000	3.13345   	1120.000000	3.26312   	1120.000000	3.11011   	1120.000000	0.000349101	
1140.000000	2.61191   	1140.000000	3.10092   	1140.000000	3.25353   	1140.000000	3.12386   	1140.000000	3.25339   	1140.000000	3.10058   	1140.000000	0.000343438	
1160.000000	2.60409   	1160.000000	3.0919    	1160.000000	3.24422   	1160.000000	3.11473   	1160.000000	3.24411   	1160.000000	3.09156   	1160.000000	0.000337962	
1180.000000	2.59672   	1180.000000	3.08338   	1180.000000	3.23535   	1180.000000	3.10605   	1180.000000	3.23525   	1180.000000	3.08304   	1180.000000	0.000332665	
1200.000000	2.58976   	1200.000000	3.07532   	1200.000000	3.22689   	1200.000000	3.09778   	1200.000000	3.22683   	1200.000000	3.07499   	1200.000000	0.000327537	
1220.000000	2.58321   	1220.000000	3.06771   	1220.000000	3.21883   	1220.000000	3.0899    	1220.000000	3.21882   	1220.000000	3.06739   	1220.000000	0.00032257	
1240.000000	2.57705   	1240.000000	3.06052   	1240.000000	3.21115   	1240.000000	3.0824    	1240.000000	3.2112    	1240.000000	3.06021   	1240.000000	0.000317758	
1260.000000	2.57125   	1260.000000	3.05375   	1260.000000	3.20384   	1260.000000	3.07526   	1260.000000	3.2039    	1260.000000	3.05343   	1260.000000	0.000313092	
1280.000000	2.5658    	1280.000000	3.04735   	1280.000000	3.19688   	1280.000000	3.06845   	1280.000000	3.19694   	1280.000000	3.04704   	1280.000000	0.000308565	
1300.000000	2.56069   	1300.000000	3.04133   	1300.000000	3.19026   	1300.000000	3.06197   	1300.000000	3.19032   	1300.000000	3.04103   	1300.000000	0.000304173	
1320.000000	2.5559    	1320.000000	3.03566   	1320.000000	3.18397   	1320.000000	3.05578   	1320.000000	3.18401   	1320.000000	3.03536   	1320.000000	0.000299908	
1340.000000	2.55141   	1340.000000	3.03033   	1340.000000	3.17797   	1340.000000	3.04989   	1340.000000	3.17801   	1340.000000	3.03003   	1340.000000	0.000295766	
1360.000000	2.54723   	1360.000000	3.02532   	1360.000000	3.17227   	1360.000000	3.04428   	1360.000000	3.17228   	1360.000000	3.02503   	1360.000000	0.00029174	
1380.000000	2.54333   	1380.000000	3.02062   	1380.000000	3.16684   	1380.000000	3.03892   	1380.000000	3.16679   	1380.000000	3.02033   	1380.000000	0.000287827	
1400.000000	2.5397    	1400.000000	3.01622   	1400.000000	3.16165   	1400.000000	3.03382   	1400.000000	3.16156   	1400.000000	3.01593   	1400.000000	0.00028402	
1420.000000	2.53634   	1420.000000	3.01209   	1420.000000	3.15671   	1420.000000	3.02896   	1420.000000	3.15658   	1420.000000	3.01181   	1420.000000	0.000280317	
1440.000000	2.53322   	1440.000000	3.00825   	1440.000000	3.15199   	1440.000000	3.02433   	1440.000000	3.15185   	1440.000000	3.00797   	1440.000000	0.000276713	
1460.000000	2.53035   	1460.000000	3.00466   	1460.000000	3.14749   	1460.000000	3.01991   	1460.000000	3.14734   	1460.000000	3.00438   	1460.000000	0.000273203	
1480.000000	2.52771   	1480.000000	3.00132   	1480.000000	3.14318   	1480.000000	3.01571   	1480.000000	3.14301   	1480.000000	3.00105   	1480.000000	0.000269785	
1500.000000	2.5253    	1500.000000	2.99822   	1500.000000	3.13907   	1500.000000	3.0117    	1500.000000	3.13889   	1500.000000	2.99796   	1500.000000	0.000266454	
1520.000000	2.5231    	1520.000000	2.99536   	1520.000000	3.13515   	1520.000000	3.00788   	1520.000000	3.13496   	1520.000000	2.99509   	1520.000000	0.000263207	
1540.000000	2.52112   	1540.000000	2.99271   	1540.000000	3.1314    	1540.000000	3.00425   	1540.000000	3.13123   	1540.000000	2.99245   	1540.000000	0.000260041	
1560.000000	2.51933   	1560.000000	2.99029   	1560.000000	3.12783   	1560.000000	3.00078   	1560.000000	3.12767   	1560.000000	2.99003   	1560.000000	0.000256953	
1580.000000	2.51774   	1580.000000	2.98806   	1580.000000	3.12442   	1580.000000	2.99749   	1580.000000	3.12429   	1580.000000	2.98781   	1580.000000	0.00025394	
1600.000000	2.51634   	1600.000000	2.98604   	1600.000000	3.12118   	1600.000000	2.99436   	1600.000000	3.12106   	1600.000000	2.98579   	1600.000000	0.000251  	
1620.000000	2.51512   	1620.000000	2.9842    	1620.000000	3.11808   	1620.000000	2.99138   	1620.000000	3.11798   	1620.000000	2.98395   	1620.000000	0.000248129	
1640.000000	2.51407   	1640.000000	2.98255   	1640.000000	3.11513   	1640.000000	2.98854   	1640.000000	3.11504   	1640.000000	2.98231   	1640.000000	0.000245326	
1660.000000	2.51319   	1660.000000	2.98108   	1660.000000	3.11232   	1660.000000	2.98585   	1660.000000	3.11226   	1660.000000	2.98084   	1660.000000	0.000242587	
1680.000000	2.51248   	1680.000000	2.97978   	1680.000000	3.10965   	1680.000000	2.98329   	1680.000000	3.10962   	1680.000000	2.97954   	1680.000000	0.000239911	
1700.000000	2.51193   	1700.000000	2.97864   	1700.000000	3.10712   	1700.000000	2.98087   	1700.000000	3.10711   	1700.000000	2.9784    	1700.000000	0.000237296	
1750.000000	2.51121   	1750.000000	2.97649   	1750.000000	3.10132   	1750.000000	2.97533   	1750.000000	3.10137   	1750.000000	2.97626   	1750.000000	0.000231008	
1800.000000	2.51137   	1800.000000	2.97525   	1800.000000	3.09625   	1800.000000	2.9705    	1800.000000	3.09633   	1800.000000	2.97502   	1800.000000	0.000225057	
1850.000000	2.51237   	1850.000000	2.97485   	1850.000000	3.09185   	1850.000000	2.96631   	1850.000000	3.09197   	1850.000000	2.97463   	1850.000000	0.000219415	
1900.000000	2.51412   	1900.000000	2.97523   	1900.000000	3.08805   	1900.000000	2.9627    	1900.000000	3.08817   	1900.000000	2.97501   	1900.000000	0.000214058	
1950.000000	2.51659   	1950.000000	2.97632   	1950.000000	3.0848    	1950.000000	2.95962   	1950.000000	3.08491   	1950.000000	2.97611   	1950.000000	0.000208965	
2000.000000	2.51972   	2000.000000	2.97808   	2000.000000	3.08204   	2000.000000	2.95701   	2000.000000	3.08215   	2000.000000	2.97788   	2000.000000	0.000204118	
2100.000000	2.52781   	2100.000000	2.98339   	2100.000000	3.07784   	2100.000000	2.95309   	2100.000000	3.07791   	2100.000000	2.9832    	2100.000000	0.000195089	
2200.000000	2.53809   	2200.000000	2.99083   	2200.000000	3.07514   	2200.000000	2.95063   	2200.000000	3.07518   	2200.000000	2.99065   	2200.000000	0.00018685	
2300.000000	2.55029   	2300.000000	3.00012   	2300.000000	3.07369   	2300.000000	2.9494    	2300.000000	3.07368   	2300.000000	2.99995   	2300.000000	0.000179301	
2400.000000	2.56422   	2400.000000	3.01103   	2400.000000	3.07327   	2400.000000	2.94921   	2400.000000	3.07327   	2400.000000	3.01086   	2400.000000	0.000172357	
2500.000000	2.5797    	2500.000000	3.02336   	2500.000000	3.07373   	2500.000000	2.94991   	2500.000000	3.07373   	2500.000000	3.0232    	2500.000000	0.000165949	
2600.000000	2.59656   	2600.000000	3.03695   	2600.000000	3.07494   	2600.000000	2.95135   	2600.000000	3.07498   	2600.000000	3.03679   	2600.000000	0.000160015	
2700.000000	2.61469   	2700.000000	3.05165   	2700.000000	3.0768    	2700.000000	2.95342   	2700.000000	3.07685   	2700.000000	3.05149   	2700.000000	0.000154504	
2800.000000	2.63397   	2800.000000	3.06734   	2800.000000	3.07922   	2800.000000	2.95604   	2800.000000	3.07931   	2800.000000	3.06719   	2800.000000	0.000149372	
2900.000000	2.6543    	2900.000000	3.08393   	2900.000000	3.08213   	2900.000000	2.95912   	2900.000000	3.0822    	2900.000000	3.08379   	2900.000000	0.000144581	
3000.000000	2.67559   	3000.000000	3.10131   	3000.000000	3.08545   	3000.000000	2.96259   	3000.000000	3.08553   	3000.000000	3.10117   	3000.000000	0.000140098	
3200.000000	2.72079   	3200.000000	3.13817   	3200.000000	3.09309   	3200.000000	2.9705    	3200.000000	3.09314   	3200.000000	3.13804   	3200.000000	0.000131941	
3400.000000	2.76907   	3400.000000	3.1774    	3400.000000	3.10175   	3400.000000	2.9794    	3400.000000	3.10178   	3400.000000	3.17727   	3400.000000	0.00012471	
3600.000000	2.82005   	3600.000000	3.21858   	3600.000000	3.11115   	3600.000000	2.98902   	3600.000000	3.11117   	3600.000000	3.21846   	3600.000000	0.000118254	
3800.000000	2.87341   	3800.000000	3.2614    	3800.000000	3.12107   	3800.000000	2.99915   	3800.000000	3.12108   	3800.000000	3.26128   	3800.000000	0.000112453	
4000.000000	2.9289    	4000.000000	3.30559   	4000.000000	3.13135   	4000.000000	3.00963   	4000.000000	3.13136   	4000.000000	3.30548   	4000.000000	0.000107212	
4200.000000	2.98632   	4200.000000	3.35096   	4200.000000	3.14187   	4200.000000	3.02035   	4200.000000	3.1419    	4200.000000	3.35086   	4200.000000	0.000102452	
4400.000000	3.0455    	4400.000000	3.39732   	4400.000000	3.15254   	4400.000000	3.03121   	4400.000000	3.15257   	4400.000000	3.39723   	4400.000000	9.81098e-05	
4600.000000	3.1063    	4600.000000	3.44455   	4600.000000	3.1633    	4600.000000	3.04215   	4600.000000	3.16335   	4600.000000	3.44446   	4600.000000	9.41315e-05	
4800.000000	3.16861   	4800.000000	3.49252   	4800.000000	3.17408   	4800.000000	3.05311   	4800.000000	3.17414   	4800.000000	3.49243   	4800.000000	9.0473e-05	
5000.000000	3.23232   	5000.000000	3.54113   	5000.000000	3.18485   	5000.000000	3.06405   	5000.000000	3.18493   	5000.000000	3.54104   	5000.000000	8.70969e-05	
5250.000000	3.3138    	5250.000000	3.60268   	5250.000000	3.19824   	5250.000000	3.07764   	5250.000000	3.19834   	5250.000000	3.6026    	5250.000000	8.32258e-05	
5500.000000	3.39721   	5500.000000	3.66497   	5500.000000	3.21151   	5500.000000	3.09111   	5500.000000	3.21162   	5500.000000	3.66489   	5500.000000	7.96944e-05	
6000.000000	3.56937   	6000.000000	3.79137   	6000.000000	3.23757   	6000.000000	3.11752   	6000.000000	3.23768   	6000.000000	3.79129   	6000.000000	7.34844e-05	
6500.000000	3.74806   	6500.000000	3.91963   	6500.000000	3.26288   	6500.000000	3.14311   	6500.000000	3.26293   	6500.000000	3.91956   	6500.000000	6.8198e-05	
7000.000000	3.93278   	7000.000000	4.04929   	7000.000000	3.28734   	7000.000000	3.16781   	7000.000000	3.2873    	7000.000000	4.04923   	7000.000000	6.36415e-05	
7500.000000	4.12313   	7500.000000	4.17999   	7500.000000	3.31076   	7500.000000	3.19161   	7500.000000	3.31076   	7500.000000	4.17993   	7500.000000	5.96723e-05	
8000.000000	4.31882   	8000.000000	4.31147   	8000.000000	3.33322   	8000.000000	3.2145    	8000.000000	3.33332   	8000.000000	4.31142   	8000.000000	5.61827e-05	
8500.000000	4.51965   	8500.000000	4.44355   	8500.000000	3.35487   	8500.000000	3.23653   	8500.000000	3.35501   	8500.000000	4.4435    	8500.000000	5.309e-05 	
9000.000000	4.72543   	9000.000000	4.57608   	9000.000000	3.37574   	9000.000000	3.25773   	9000.000000	3.37585   	9000.000000	4.57603   	9000.000000	5.03294e-05	
9500.000000	4.93602   	9500.000000	4.70893   	9500.000000	3.39583   	9500.000000	3.27813   	9500.000000	3.39591   	9500.000000	4.70889   	9500.000000	4.78497e-05	
10000.000000	5.15132   	10000.000000	4.84203   	10000.000000	3.41514   	10000.000000	3.29779   	10000.000000	3.4152    	10000.000000	4.84199   	10000.000000	4.56098e-05	
11000.000000	5.59571   	11000.000000	5.10869   	11000.000000	3.45163   	11000.000000	3.33502   	11000.000000	3.45168   	11000.000000	5.10865   	11000.000000	4.17211e-05	
12000.000000	6.05808   	12000.000000	5.37566   	12000.000000	3.48554   	12000.000000	3.36974   	12000.000000	3.48561   	12000.000000	5.37562   	12000.000000	3.846e-05 	
13000.000000	6.53808   	13000.000000	5.64266   	13000.000000	3.51717   	13000.000000	3.40222   	13000.000000	3.51726   	13000.000000	5.64263   	13000.000000	3.56846e-05	
14000.000000	7.03548   	14000.000000	5.90953   	14000.000000	3.54678   	14000.000000	3.43272   	14000.000000	3.54688   	14000.000000	5.9095    	14000.000000	3.32931e-05	
15000.000000	7.55013   	15000.000000	6.17616   	15000.000000	3.57459   	15000.000000	3.46145   	15000.000000	3.57469   	15000.000000	6.17613   	15000.000000	3.12104e-05	
16000.000000	8.08192   	16000.000000	6.44246   	16000.000000	3.60074   	16000.000000	3.48858   	16000.000000	3.60087   	16000.000000	6.44243   	16000.000000	2.93797e-05	
17000.000000	8.6308    	17000.000000	6.70838   	17000.000000	3.62541   	17000.000000	3.51429   	17000.000000	3.62557   	17000.000000	6.70836   	17000.000000	2.77575e-05	
18000.000000	9.19673   	18000.000000	6.9739    	18000.000000	3.64876   	18000.000000	3.5387    	18000.000000	3.64895   	18000.000000	6.97388   	18000.000000	2.63099e-05	
19000.000000	9.77972   	19000.000000	7.239     	19000.000000	3.67093   	19000.000000	3.56193   	19000.000000	3.6711    	19000.000000	7.23897   	19000.000000	2.50098e-05	
20000.000000	10.3798   	20000.000000	7.50365   	20000.000000	3.69206   	20000.000000	3.5841    	20000.000000	3.69214   	20000.000000	7.50363   	20000.000000	2.38355e-05	
21000.000000	10.9969   	21000.000000	7.76786   	21000.000000	3.71218   	21000.000000	3.60528   	21000.000000	3.71218   	21000.000000	7.76784   	21000.000000	2.27696e-05	
22000.000000	11.6311   	22000.000000	8.03163   	22000.000000	3.73128   	22000.000000	3.62557   	22000.000000	3.73126   	22000.000000	8.03161   	22000.000000	2.17975e-05	
23000.000000	12.2826   	23000.000000	8.29495   	23000.000000	3.74946   	23000.000000	3.64503   	23000.000000	3.74951   	23000.000000	8.29493   	23000.000000	2.09073e-05	
24000.000000	12.9512   	24000.000000	8.55784   	24000.000000	3.76686   	24000.000000	3.66372   	24000.000000	3.76692   	24000.000000	8.55782   	24000.000000	2.00889e-05	
25000.000000	13.6371   	25000.000000	8.82029   	25000.000000	3.7836    	25000.000000	3.68171   	25000.000000	3.78363   	25000.000000	8.82027   	25000.000000	1.93339e-05	
26000.000000	14.3403   	26000.000000	9.08232   	26000.000000	3.79963   	26000.000000	3.69905   	26000.000000	3.79961   	26000.000000	9.0823    	26000.000000	1.86351e-05	
27000.000000	15.061    	27000.000000	9.34393   	27000.000000	3.81495   	27000.000000	3.71577   	27000.000000	3.81499   	27000.000000	9.34391   	27000.000000	1.79865e-05	
28000.000000	15.7991   	28000.000000	9.60513   	28000.000000	3.82966   	28000.000000	3.73192   	28000.000000	3.82973   	28000.000000	9.60511   	28000.000000	1.73827e-05	
29000.000000	16.5548   	29000.000000	9.86593   	29000.000000	3.84382   	29000.000000	3.74754   	29000.000000	3.84393   	29000.000000	9.86591   	29000.000000	1.68193e-05	
30000.000000	17.3281   	30000.000000	10.1263   	30000.000000	3.85749   	30000.000000	3.76266   	30000.000000	3.85759   	30000.000000	10.1263   	30000.000000	1.62923e-05	
32000.000000	18.928    	32000.000000	10.646    	32000.000000	3.88343   	32000.000000	3.79152   	32000.000000	3.88346   	32000.000000	10.646    	32000.000000	1.5334e-05	
34000.000000	20.5993   	34000.000000	11.1642   	34000.000000	3.90763   	34000.000000	3.81872   	34000.000000	3.90755   	34000.000000	11.1642   	34000.000000	1.4485e-05	
36000.000000	22.3429   	36000.000000	11.681    	36000.000000	3.93014   	36000.000000	3.84443   	36000.000000	3.93005   	36000.000000	11.681    	36000.000000	1.37275e-05	
38000.000000	24.1594   	38000.000000	12.1965   	38000.000000	3.95109   	38000.000000	3.86881   	38000.000000	3.95115   	38000.000000	12.1965   	38000.000000	1.30473e-05	
40000.000000	26.0496   	40000.000000	12.7107   	40000.000000	3.97072   	40000.000000	3.89199   	40000.000000	3.97096   	40000.000000	12.7107   	40000.000000	1.24331e-05	
42000.000000	28.0143   	42000.000000	13.2236   	42000.000000	3.98926   	42000.000000	3.91408   	42000.000000	3.98958   	42000.000000	13.2236   	42000.000000	1.18756e-05	
44000.000000	30.0541   	44000.000000	13.7354   	44000.000000	4.00688   	44000.000000	3.93518   	44000.000000	4.00718   	44000.000000	13.7354   	44000.000000	1.13672e-05	
46000.000000	32.17     	46000.000000	14.2461   	46000.000000	4.02372   	46000.000000	3.95537   	46000.000000	4.02376   	46000.000000	14.2461   	46000.000000	1.09017e-05	
48000.000000	34.3626   	48000.000000	14.7557   	48000.000000	4.0398    	48000.000000	3.97473   	48000.000000	4.03949   	48000.000000	14.7557   	48000.000000	1.04739e-05	
50000.000000	36.6328   	50000.000000	15.2642   	50000.000000	4.05502   	50000.000000	3.99332   	50000.000000	4.05436   	50000.000000	15.2642   	50000.000000	1.00792e-05	
