! 97Zr energy loss (dE/dX) in He
! apply ZOOM for details
Energy (MeV/u)1	0 - [He-base] F.Hubert et al, AD&ND Tables 46(1990)1	Energy (MeV/u)2	1 - [H -base] J.F.Ziegler et al,Pergamon Press,NY(low energy)	Energy (MeV/u)3	2 - ATIMA 1.2 LS-theory (recommended for high energy)	Energy (MeV/u)4	3 - ATIMA 1.2 without LS-correction	Energy (MeV/u)5	4 - ATIMA 1.4 H.Weick, improved mean charge formula for HI	Energy (MeV/u)6	5 - electrical component of [1] - J.F.Ziegler et al	Energy (MeV/u)7	6 - nuclear component of [1] - J.F.Ziegler et al	
0.001000	10.8576   	0.001000	13.042    	0.001000	11.221    	0.001000	11.221    	0.001000	11.2215   	0.001000	3.31009   	0.001000	9.73193   	
0.002000	11.1426   	0.002000	13.2551   	0.002000	11.0682   	0.002000	11.0682   	0.002000	11.0686   	0.002000	4.29266   	0.002000	8.96245   	
0.005000	11.1517   	0.005000	12.9939   	0.005000	10.2704   	0.005000	10.2704   	0.005000	10.2707   	0.005000	6.05277   	0.005000	6.94112   	
0.008000	11.256    	0.008000	12.936    	0.008000	9.92781   	0.008000	9.92781   	0.008000	9.92802   	0.008000	7.21937   	0.008000	5.7166    	
0.010000	11.384    	0.010000	12.993    	0.010000	9.85177   	0.010000	9.85177   	0.010000	9.85196   	0.010000	7.84947   	0.010000	5.14353   	
0.015000	11.799    	0.015000	13.2999   	0.015000	9.92776   	0.015000	9.92776   	0.015000	9.9279    	0.015000	9.13849   	0.015000	4.16141   	
0.020000	12.2644   	0.020000	13.7101   	0.020000	10.189    	0.020000	10.189    	0.020000	10.1891   	0.020000	10.1795   	0.020000	3.53064   	
0.025000	12.7364   	0.025000	14.1538   	0.025000	10.5301   	0.025000	10.5301   	0.025000	10.5302   	0.025000	11.068    	0.025000	3.08586   	
0.030000	13.1995   	0.030000	14.6039   	0.030000	10.9075   	0.030000	10.9075   	0.030000	10.9076   	0.030000	11.8512   	0.030000	2.7527    	
0.035000	13.6481   	0.035000	15.0488   	0.035000	11.3005   	0.035000	11.3005   	0.035000	11.3006   	0.035000	12.5564   	0.035000	2.49237   	
0.040000	14.0807   	0.040000	15.4837   	0.040000	11.6988   	0.040000	11.6988   	0.040000	11.6989   	0.040000	13.2012   	0.040000	2.28249   	
0.045000	14.4972   	0.045000	15.9065   	0.045000	12.0966   	0.045000	12.0966   	0.045000	12.0967   	0.045000	13.7973   	0.045000	2.10914   	
0.050000	14.986    	0.050000	16.3166   	0.050000	12.4909   	0.050000	12.4909   	0.050000	12.491    	0.050000	14.3534   	0.050000	1.96319   	
0.055000	15.8123   	0.055000	16.714    	0.055000	12.8799   	0.055000	12.8799   	0.055000	12.88     	0.055000	14.8757   	0.055000	1.83838   	
0.060000	16.5771   	0.060000	17.4164   	0.060000	13.6062   	0.060000	13.6062   	0.060000	13.6063   	0.060000	15.6862   	0.060000	1.73025   	
0.070000	17.9054   	0.070000	19.4151   	0.070000	15.8003   	0.070000	15.8003   	0.070000	15.8004   	0.070000	17.8778   	0.070000	1.53729   	
0.080000	19.3719   	0.080000	21.3636   	0.080000	18.04     	0.080000	18.04     	0.080000	18.0401   	0.080000	19.9662   	0.080000	1.39735   	
0.090000	20.6724   	0.090000	23.2439   	0.090000	20.2702   	0.090000	20.2702   	0.090000	20.2702   	0.090000	21.9609   	0.090000	1.28303   	
0.100000	21.8381   	0.100000	25.0488   	0.100000	22.4625   	0.100000	22.4625   	0.100000	22.4625   	0.100000	23.8611   	0.100000	1.18768   	
0.120000	23.3412   	0.120000	28.412    	0.120000	26.655    	0.120000	26.655    	0.120000	26.655    	0.120000	27.3747   	0.120000	1.03727   	
0.140000	24.6082   	0.140000	31.4417   	0.140000	30.5115   	0.140000	30.5115   	0.140000	30.5115   	0.140000	30.5182   	0.140000	0.923531  	
0.160000	26.0193   	0.160000	34.16     	0.160000	33.9875   	0.160000	33.9875   	0.160000	33.9875   	0.160000	33.3258   	0.160000	0.834197  	
0.180000	27.8601   	0.180000	37.4184   	0.180000	37.0775   	0.180000	37.0775   	0.180000	37.0776   	0.180000	36.6564   	0.180000	0.761979  	
0.200000	29.6403   	0.200000	40.6295   	0.200000	39.7998   	0.200000	39.7998   	0.200000	39.7999   	0.200000	39.9273   	0.200000	0.702261  	
0.250000	32.8852   	0.250000	47.3085   	0.250000	45.214    	0.250000	45.214    	0.250000	45.2141   	0.250000	46.7188   	0.250000	0.589731  	
0.300000	35.7964   	0.300000	52.4714   	0.300000	49.098    	0.300000	49.098    	0.300000	49.098    	0.300000	51.9609   	0.300000	0.510454  	
0.350000	38.3972   	0.350000	56.5265   	0.350000	51.9447   	0.350000	51.9447   	0.350000	51.9448   	0.350000	56.0752   	0.350000	0.45131   	
0.400000	41.0124   	0.400000	60.1601   	0.400000	54.1063   	0.400000	54.1063   	0.400000	54.1063   	0.400000	59.7548   	0.400000	0.40534   	
0.450000	43.3038   	0.450000	63.2118   	0.450000	55.8134   	0.450000	55.8134   	0.450000	55.8134   	0.450000	62.8433   	0.450000	0.36849   	
0.500000	45.304    	0.500000	65.7014   	0.500000	57.2119   	0.500000	57.2119   	0.500000	57.2119   	0.500000	65.3632   	0.500000	0.338233  	
0.600000	46.9526   	0.600000	69.4383   	0.600000	59.8165   	0.600000	59.8165   	0.600000	59.8166   	0.600000	69.1469   	0.600000	0.291367  	
0.700000	47.7128   	0.700000	72.0614   	0.700000	62.5782   	0.700000	62.5782   	0.700000	62.5782   	0.700000	71.8047   	0.700000	0.256632  	
0.800000	49.9386   	0.800000	74.3742   	0.800000	64.6976   	0.800000	64.6976   	0.800000	64.6976   	0.800000	74.1444   	0.800000	0.229775  	
0.900000	51.6768   	0.900000	76.003    	0.900000	66.351    	0.900000	66.351    	0.900000	66.351    	0.900000	75.7947   	0.900000	0.208338  	
1.000000	53.0346   	1.000000	77.1326   	1.000000	67.6478   	1.000000	67.6478   	1.000000	67.6478   	1.000000	76.9418   	1.000000	0.1908    	
1.250000	55.0071   	1.250000	78.4075   	1.250000	69.769    	1.250000	69.769    	1.250000	69.7691   	1.250000	78.2493   	1.250000	0.158225  	
1.500000	55.4256   	1.500000	77.7203   	1.500000	70.8049   	1.500000	70.8049   	1.500000	70.8049   	1.500000	77.5847   	1.500000	0.135656  	
1.750000	55.3724   	1.750000	76.6924   	1.750000	71.1514   	1.750000	71.1514   	1.750000	71.1514   	1.750000	76.5734   	1.750000	0.119032  	
2.000000	55.0258   	2.000000	75.4862   	2.000000	71.0469   	2.000000	71.0469   	2.000000	71.0469   	2.000000	75.3799   	2.000000	0.106242  	
2.250000	54.5038   	2.250000	74.0837   	2.250000	70.6425   	2.250000	70.6425   	2.250000	70.6425   	2.250000	73.9877   	2.250000	0.0960749 	
2.500000	74.9545   	2.500000	72.6372   	2.500000	70.0372   	2.500000	70.0372   	2.500000	70.0373   	2.500000	72.5494   	2.500000	0.0877858 	
3.000000	72.0154   	3.000000	69.8556   	3.000000	68.47     	3.000000	68.47     	3.000000	68.4701   	3.000000	69.7805   	3.000000	0.075056  	
3.500000	69.0098   	3.500000	67.2427   	3.500000	66.6668   	3.500000	66.6668   	3.500000	66.6669   	3.500000	67.177    	3.500000	0.0657116 	
4.000000	66.1087   	4.000000	64.8017   	4.000000	64.4698   	4.000000	64.4698   	4.000000	64.4698   	4.000000	64.7432   	4.000000	0.0585419 	
4.500000	63.3762   	4.500000	62.5249   	4.500000	62.3968   	4.500000	62.3968   	4.500000	62.3968   	4.500000	62.472    	4.500000	0.0528561 	
5.000000	60.8306   	5.000000	60.4008   	5.000000	60.4483   	5.000000	60.4483   	5.000000	60.4483   	5.000000	60.3525   	5.000000	0.0482297 	
5.500000	58.47     	5.500000	58.4169   	5.500000	58.6165   	5.500000	58.6165   	5.500000	58.6165   	5.500000	58.3725   	5.500000	0.0443873 	
6.000000	56.2842   	6.000000	56.56     	6.000000	56.8932   	6.000000	56.8932   	6.000000	56.8932   	6.000000	56.5188   	6.000000	0.041142  	
6.500000	54.2596   	6.500000	54.7996   	6.500000	55.2701   	6.500000	55.2701   	6.500000	55.2701   	6.500000	54.7613   	6.500000	0.0383624 	
7.000000	52.382    	7.000000	53.1582   	7.000000	53.7393   	7.000000	53.7393   	7.000000	53.7393   	7.000000	53.1222   	7.000000	0.0359535 	
7.500000	50.6379   	7.500000	51.6215   	7.500000	52.2936   	7.500000	52.2936   	7.500000	52.2936   	7.500000	51.5876   	7.500000	0.0338443 	
8.000000	49.0146   	8.000000	50.1789   	8.000000	50.9263   	8.000000	50.9263   	8.000000	50.9263   	8.000000	50.1469   	8.000000	0.0319814 	
8.500000	47.5006   	8.500000	48.8225   	8.500000	49.6312   	8.500000	49.6312   	8.500000	49.6312   	8.500000	48.7922   	8.500000	0.0303233 	
9.000000	46.0857   	9.000000	47.5381   	9.000000	48.4027   	9.000000	48.4027   	9.000000	48.4028   	9.000000	47.5092   	9.000000	0.0288373 	
9.500000	44.7605   	9.500000	46.3202   	9.500000	47.2359   	9.500000	47.2359   	9.500000	47.236    	9.500000	46.2927   	9.500000	0.0274976 	
10.000000	43.517    	10.000000	43.2855   	10.000000	46.1262   	10.000000	46.1262   	10.000000	46.1262   	10.000000	43.2592   	10.000000	0.0262832 	
11.000000	41.2465   	11.000000	41.7931   	11.000000	43.7187   	11.000000	44.1339   	11.000000	44.3739   	11.000000	41.7689   	11.000000	0.0241649 	
12.000000	39.2251   	12.000000	40.3798   	12.000000	41.5702   	12.000000	42.3267   	12.000000	42.7332   	12.000000	40.3575   	12.000000	0.022378  	
13.000000	37.4133   	13.000000	39.047    	13.000000	39.6427   	13.000000	40.6813   	13.000000	41.2002   	13.000000	39.0262   	13.000000	0.0208492 	
14.000000	35.7798   	14.000000	37.7928   	14.000000	37.9047   	14.000000	39.1779   	14.000000	39.7691   	14.000000	37.7732   	14.000000	0.0195256 	
15.000000	34.2991   	15.000000	36.6133   	15.000000	36.3309   	15.000000	37.7997   	15.000000	38.4331   	15.000000	36.5949   	15.000000	0.0183677 	
16.000000	32.9501   	16.000000	35.5041   	16.000000	34.9003   	16.000000	36.5323   	16.000000	37.1858   	16.000000	35.4867   	16.000000	0.0173459 	
17.000000	31.7158   	17.000000	34.4603   	17.000000	33.5956   	17.000000	35.3635   	17.000000	36.0205   	17.000000	34.4439   	17.000000	0.0164372 	
18.000000	30.5817   	18.000000	33.4772   	18.000000	32.4015   	18.000000	34.2829   	18.000000	34.9294   	18.000000	33.4616   	18.000000	0.0156233 	
19.000000	29.5358   	19.000000	32.5504   	19.000000	31.3058   	19.000000	33.2813   	19.000000	33.9087   	19.000000	32.5355   	19.000000	0.0148901 	
20.000000	28.568    	20.000000	31.6755   	20.000000	30.2987   	20.000000	32.351    	20.000000	32.9535   	20.000000	31.6612   	20.000000	0.0142258 	
21.000000	27.6696   	21.000000	30.8485   	21.000000	29.37     	21.000000	31.4851   	21.000000	32.0557   	21.000000	30.8349   	21.000000	0.0136211 	
22.000000	26.8332   	22.000000	30.066    	22.000000	28.5103   	22.000000	30.6777   	22.000000	31.2146   	22.000000	30.0529   	22.000000	0.0130681 	
23.000000	26.0525   	23.000000	29.3245   	23.000000	27.7134   	23.000000	29.9235   	23.000000	30.4235   	23.000000	29.3119   	23.000000	0.0125603 	
24.000000	25.3219   	24.000000	28.621    	24.000000	26.9753   	24.000000	29.2179   	24.000000	29.6802   	24.000000	28.6089   	24.000000	0.0120925 	
25.000000	24.6366   	25.000000	27.9527   	25.000000	26.2904   	25.000000	28.5568   	25.000000	28.9806   	25.000000	27.9411   	25.000000	0.0116599 	
27.000000	23.3858   	27.000000	26.7122   	27.000000	25.0573   	27.000000	27.3539   	27.000000	27.7008   	27.000000	26.7013   	27.000000	0.0108853 	
29.000000	22.2719   	29.000000	25.5851   	29.000000	23.9845   	29.000000	26.2901   	29.000000	26.5628   	29.000000	25.5749   	29.000000	0.0102117 	
31.000000	21.2733   	31.000000	24.5568   	31.000000	23.0688   	31.000000	25.2569   	31.000000	25.4293   	31.000000	24.5471   	31.000000	0.00962018	
33.000000	20.3724   	33.000000	23.6149   	33.000000	22.2529   	33.000000	24.2357   	33.000000	24.3041   	33.000000	23.6058   	33.000000	0.00909641	
35.000000	19.5553   	35.000000	22.749    	35.000000	21.5001   	35.000000	23.3013   	35.000000	23.2916   	35.000000	22.7403   	35.000000	0.00862921	
38.000000	18.4621   	38.000000	21.5737   	38.000000	20.4713   	38.000000	22.0394   	38.000000	21.9479   	38.000000	21.5657   	38.000000	0.00801565	
41.000000	17.5014   	41.000000	20.5254   	41.000000	19.5452   	41.000000	20.9197   	41.000000	20.7761   	41.000000	20.5179   	41.000000	0.00748712	
44.000000	16.6501   	44.000000	19.5846   	44.000000	18.7093   	44.000000	19.9195   	44.000000	19.7433   	44.000000	19.5775   	44.000000	0.00702684	
47.000000	15.89     	47.000000	18.7354   	47.000000	17.9517   	47.000000	19.0203   	47.000000	18.8255   	47.000000	18.7288   	47.000000	0.00662222	
50.000000	15.2068   	50.000000	17.9652   	50.000000	17.2601   	50.000000	18.2077   	50.000000	18.0041   	50.000000	17.9589   	50.000000	0.0062636 	
55.000000	14.2094   	55.000000	16.829    	55.000000	16.2331   	55.000000	17.0141   	55.000000	16.809    	55.000000	16.8233   	55.000000	0.00574839	
60.000000	13.3545   	60.000000	15.8452   	60.000000	15.3382   	60.000000	15.9854   	60.000000	15.7875   	60.000000	15.8399   	60.000000	0.00531473	
65.000000	12.6131   	65.000000	14.9849   	65.000000	14.5505   	65.000000	15.0896   	65.000000	14.9028   	65.000000	14.98     	65.000000	0.00494443	
70.000000	11.9635   	70.000000	14.2263   	70.000000	13.8523   	70.000000	14.3025   	70.000000	14.1295   	70.000000	14.2217   	70.000000	0.00462437	
75.000000	11.3893   	75.000000	13.5524   	75.000000	13.23     	75.000000	13.6055   	75.000000	13.4586   	75.000000	13.548    	75.000000	0.00434486	
80.000000	10.8777   	80.000000	12.9496   	80.000000	12.6716   	80.000000	12.984    	80.000000	12.861    	80.000000	12.9455   	80.000000	0.00409854	
85.000000	10.4189   	85.000000	12.4074   	85.000000	12.1656   	85.000000	12.4264   	85.000000	12.3246   	85.000000	12.4035   	85.000000	0.00387976	
90.000000	10.0048   	90.000000	11.917    	90.000000	11.7078   	90.000000	11.9233   	90.000000	11.8407   	90.000000	11.9133   	90.000000	0.00368409	
95.000000	9.62915   	95.000000	11.4714   	95.000000	11.2903   	95.000000	11.4672   	95.000000	11.4025   	95.000000	11.4679   	95.000000	0.00350799	
100.000000	9.28662   	100.000000	11.0647   	100.000000	10.9092   	100.000000	11.0518   	100.000000	11.0034   	100.000000	11.0613   	100.000000	0.00334864	
105.000000	8.97293   	105.000000	10.692    	105.000000	10.5577   	105.000000	10.6718   	105.000000	10.638    	105.000000	10.6888   	105.000000	0.00320372	
110.000000	8.68451   	110.000000	10.3492   	110.000000	10.2342   	110.000000	10.323    	110.000000	10.3032   	110.000000	10.3461   	110.000000	0.00307132	
115.000000	8.41834   	115.000000	10.033    	115.000000	9.93589   	115.000000	10.0017   	115.000000	9.99404   	115.000000	10.03     	115.000000	0.00294988	
120.000000	8.17189   	120.000000	9.74023   	120.000000	9.65925   	120.000000	9.70482   	120.000000	9.70888   	120.000000	9.7374    	120.000000	0.00283806	
125.000000	7.94298   	125.000000	9.46852   	125.000000	9.40169   	125.000000	9.42963   	125.000000	9.44392   	125.000000	9.46579   	125.000000	0.00273476	
130.000000	7.72975   	130.000000	9.21565   	130.000000	9.16135   	130.000000	9.17386   	130.000000	9.19803   	130.000000	9.21301   	130.000000	0.00263901	
135.000000	7.53062   	135.000000	8.97973   	135.000000	8.93648   	135.000000	8.93556   	135.000000	8.96826   	135.000000	8.97718   	135.000000	0.00255001	
140.000000	7.34419   	140.000000	8.75912   	140.000000	8.72607   	140.000000	8.71299   	140.000000	8.75415   	140.000000	8.75665   	140.000000	0.00246707	
145.000000	7.16926   	145.000000	8.55238   	145.000000	8.52905   	145.000000	8.50467   	145.000000	8.55289   	145.000000	8.54999   	145.000000	0.00238957	
150.000000	7.00476   	150.000000	8.35825   	150.000000	8.34405   	150.000000	8.30928   	150.000000	8.36452   	150.000000	8.35593   	150.000000	0.00231699	
155.000000	6.76978   	155.000000	8.17562   	155.000000	8.16951   	155.000000	8.12565   	155.000000	8.18708   	155.000000	8.17337   	155.000000	0.00224886	
160.000000	6.63373   	160.000000	8.0035    	160.000000	8.00484   	160.000000	7.95277   	160.000000	8.02008   	160.000000	8.00132   	160.000000	0.00218479	
165.000000	6.50519   	165.000000	7.84101   	165.000000	7.8495    	165.000000	7.78972   	165.000000	7.86276   	165.000000	7.83889   	165.000000	0.00212442	
170.000000	6.38354   	170.000000	7.68738   	170.000000	7.70227   	170.000000	7.63571   	170.000000	7.71353   	170.000000	7.68531   	170.000000	0.00206743	
175.000000	6.26824   	175.000000	7.5419    	175.000000	7.5626    	175.000000	7.49      	175.000000	7.57255   	175.000000	7.53989   	175.000000	0.00201354	
180.000000	6.15879   	180.000000	7.40394   	180.000000	7.43029   	180.000000	7.35195   	180.000000	7.43891   	180.000000	7.40198   	180.000000	0.00196251	
185.000000	6.05476   	185.000000	7.27295   	185.000000	7.30451   	185.000000	7.22098   	185.000000	7.31174   	185.000000	7.27104   	185.000000	0.0019141 	
190.000000	5.95575   	190.000000	7.14841   	190.000000	7.18462   	190.000000	7.09656   	190.000000	7.1911    	190.000000	7.14654   	190.000000	0.00186812	
195.000000	5.86139   	195.000000	7.02986   	195.000000	7.07043   	195.000000	6.97821   	195.000000	7.07626   	195.000000	7.02803   	195.000000	0.00182439	
200.000000	5.77138   	200.000000	6.91687   	200.000000	6.9617    	200.000000	6.86552   	200.000000	6.96657   	200.000000	6.91509   	200.000000	0.00178274	
210.000000	5.6032    	210.000000	6.70614   	210.000000	6.75903   	210.000000	6.65556   	210.000000	6.76252   	210.000000	6.70444   	210.000000	0.00170511	
220.000000	5.44915   	220.000000	6.51356   	220.000000	6.57322   	220.000000	6.46395   	220.000000	6.5756    	220.000000	6.51192   	220.000000	0.00163422	
230.000000	5.30751   	230.000000	6.33689   	230.000000	6.40269   	230.000000	6.28843   	230.000000	6.40447   	230.000000	6.33532   	230.000000	0.00156922	
240.000000	5.17683   	240.000000	6.17428   	240.000000	6.24591   	240.000000	6.12707   	240.000000	6.24682   	240.000000	6.17277   	240.000000	0.00150938	
250.000000	5.05589   	250.000000	6.02412   	250.000000	6.10078   	250.000000	5.97827   	250.000000	6.10139   	250.000000	6.02267   	250.000000	0.00145411	
260.000000	4.94363   	260.000000	5.88506   	260.000000	5.96618   	260.000000	5.84064   	260.000000	5.96654   	260.000000	5.88366   	260.000000	0.0014029 	
270.000000	4.83914   	270.000000	5.75594   	270.000000	5.84132   	270.000000	5.71299   	270.000000	5.84148   	270.000000	5.75458   	270.000000	0.00135532	
280.000000	4.74166   	280.000000	5.63573   	280.000000	5.72513   	280.000000	5.59429   	280.000000	5.72487   	280.000000	5.63442   	280.000000	0.00131098	
290.000000	4.65049   	290.000000	5.52357   	290.000000	5.61683   	290.000000	5.48367   	290.000000	5.61633   	290.000000	5.5223    	290.000000	0.00126956	
300.000000	4.56506   	300.000000	5.41869   	300.000000	5.51533   	300.000000	5.38034   	300.000000	5.51451   	300.000000	5.41746   	300.000000	0.00123077	
310.000000	4.48483   	310.000000	5.32041   	310.000000	5.42005   	310.000000	5.28363   	310.000000	5.41934   	310.000000	5.31922   	310.000000	0.00119438	
320.000000	4.40936   	320.000000	5.22815   	320.000000	5.33071   	320.000000	5.19293   	320.000000	5.32993   	320.000000	5.22699   	320.000000	0.00116016	
330.000000	4.33823   	330.000000	5.14139   	330.000000	5.24672   	330.000000	5.10773   	330.000000	5.24581   	330.000000	5.14026   	330.000000	0.00112792	
340.000000	4.27108   	340.000000	5.05965   	340.000000	5.16767   	340.000000	5.02755   	340.000000	5.16676   	340.000000	5.05856   	340.000000	0.00109749	
350.000000	4.20761   	350.000000	4.98254   	350.000000	5.09315   	350.000000	4.95197   	350.000000	5.09195   	350.000000	4.98147   	350.000000	0.00106873	
360.000000	4.14751   	360.000000	4.90967   	360.000000	5.02261   	360.000000	4.88063   	360.000000	5.0214    	360.000000	4.90863   	360.000000	0.00104149	
370.000000	4.09053   	370.000000	4.84072   	370.000000	4.95572   	370.000000	4.8132    	370.000000	4.95478   	370.000000	4.8397    	370.000000	0.00101566	
380.000000	4.03644   	380.000000	4.77538   	380.000000	4.89237   	380.000000	4.74936   	380.000000	4.89144   	380.000000	4.77439   	380.000000	0.000991123	
390.000000	3.98504   	390.000000	4.71341   	390.000000	4.83235   	390.000000	4.68886   	390.000000	4.83147   	390.000000	4.71244   	390.000000	0.000967793	
400.000000	3.93612   	400.000000	4.65454   	400.000000	4.77541   	400.000000	4.63146   	400.000000	4.77463   	400.000000	4.6536    	400.000000	0.000945578	
410.000000	3.88953   	410.000000	4.59857   	410.000000	4.72128   	410.000000	4.57692   	410.000000	4.7204    	410.000000	4.59765   	410.000000	0.000924399	
420.000000	3.84511   	420.000000	4.54529   	420.000000	4.66975   	420.000000	4.52506   	420.000000	4.66887   	420.000000	4.54439   	420.000000	0.000904185	
430.000000	3.8027    	430.000000	4.49452   	430.000000	4.62066   	430.000000	4.47568   	430.000000	4.61985   	430.000000	4.49364   	430.000000	0.000884869	
440.000000	3.7622    	440.000000	4.4461    	440.000000	4.57388   	440.000000	4.42863   	440.000000	4.57305   	440.000000	4.44524   	440.000000	0.000866393	
450.000000	3.72346   	450.000000	4.39988   	450.000000	4.52927   	450.000000	4.38376   	450.000000	4.52834   	450.000000	4.39903   	450.000000	0.000848702	
460.000000	3.68639   	460.000000	4.35572   	460.000000	4.4867    	460.000000	4.34091   	460.000000	4.4857    	460.000000	4.35489   	460.000000	0.000831747	
470.000000	3.65089   	470.000000	4.31348   	470.000000	4.446     	470.000000	4.29998   	470.000000	4.445     	470.000000	4.31267   	470.000000	0.000815481	
480.000000	3.61687   	480.000000	4.27307   	480.000000	4.40698   	480.000000	4.26083   	480.000000	4.40592   	480.000000	4.27227   	480.000000	0.000799864	
490.000000	3.58423   	490.000000	4.23435   	490.000000	4.36954   	490.000000	4.22337   	490.000000	4.36853   	490.000000	4.23357   	490.000000	0.000784857	
500.000000	3.5529    	500.000000	4.19725   	500.000000	4.33363   	500.000000	4.18749   	500.000000	4.33276   	500.000000	4.19648   	500.000000	0.000770424	
520.000000	3.4939    	520.000000	4.12751   	520.000000	4.26624   	520.000000	4.12013   	520.000000	4.26551   	520.000000	4.12677   	520.000000	0.000743152	
540.000000	3.43933   	540.000000	4.06319   	540.000000	4.20415   	540.000000	4.05809   	540.000000	4.20348   	540.000000	4.06247   	540.000000	0.000717814	
560.000000	3.38876   	560.000000	4.00373   	560.000000	4.1468    	560.000000	4.00081   	560.000000	4.14622   	560.000000	4.00304   	560.000000	0.000694209	
580.000000	3.34179   	580.000000	3.94864   	580.000000	4.09372   	580.000000	3.9478    	580.000000	4.0931    	580.000000	3.94796   	580.000000	0.000672164	
600.000000	3.29809   	600.000000	3.89749   	600.000000	4.04446   	600.000000	3.89864   	600.000000	4.04393   	600.000000	3.89684   	600.000000	0.000651526	
620.000000	3.25735   	620.000000	3.84992   	620.000000	3.99868   	620.000000	3.85297   	620.000000	3.99806   	620.000000	3.84929   	620.000000	0.000632163	
640.000000	3.21932   	640.000000	3.8056    	640.000000	3.95608   	640.000000	3.81045   	640.000000	3.95541   	640.000000	3.80498   	640.000000	0.00061396	
660.000000	3.18376   	660.000000	3.76424   	660.000000	3.91627   	660.000000	3.7708    	660.000000	3.91562   	660.000000	3.76364   	660.000000	0.000596814	
680.000000	3.15046   	680.000000	3.72559   	680.000000	3.87895   	680.000000	3.73377   	680.000000	3.87837   	680.000000	3.72501   	680.000000	0.000580634	
700.000000	3.11926   	700.000000	3.68942   	700.000000	3.84397   	700.000000	3.69914   	700.000000	3.8436    	700.000000	3.68885   	700.000000	0.00056534	
720.000000	3.08997   	720.000000	3.65553   	720.000000	3.8112    	720.000000	3.6667    	720.000000	3.81094   	720.000000	3.65498   	720.000000	0.00055086	
740.000000	3.06246   	740.000000	3.62374   	740.000000	3.78055   	740.000000	3.63627   	740.000000	3.78029   	740.000000	3.6232    	740.000000	0.00053713	
760.000000	3.03659   	760.000000	3.59389   	760.000000	3.75186   	760.000000	3.6077    	760.000000	3.75155   	760.000000	3.59337   	760.000000	0.000524093	
780.000000	3.01224   	780.000000	3.56584   	780.000000	3.72489   	780.000000	3.58085   	780.000000	3.72447   	780.000000	3.56533   	780.000000	0.000511696	
800.000000	2.98931   	800.000000	3.53945   	800.000000	3.69942   	800.000000	3.55557   	800.000000	3.69896   	800.000000	3.53895   	800.000000	0.000499894	
820.000000	2.96771   	820.000000	3.5146    	820.000000	3.67534   	820.000000	3.53176   	820.000000	3.67497   	820.000000	3.51411   	820.000000	0.000488643	
840.000000	2.94733   	840.000000	3.49119   	840.000000	3.65262   	840.000000	3.50931   	840.000000	3.65231   	840.000000	3.49071   	840.000000	0.000477906	
860.000000	2.9281    	860.000000	3.46912   	860.000000	3.63119   	860.000000	3.48812   	860.000000	3.63088   	860.000000	3.46865   	860.000000	0.000467648	
880.000000	2.90995   	880.000000	3.4483    	880.000000	3.61096   	880.000000	3.46811   	880.000000	3.61066   	880.000000	3.44784   	880.000000	0.000457837	
900.000000	2.8928    	900.000000	3.42864   	900.000000	3.59182   	900.000000	3.44919   	900.000000	3.59158   	900.000000	3.4282    	900.000000	0.000448444	
920.000000	2.87661   	920.000000	3.41008   	920.000000	3.5737    	920.000000	3.43129   	920.000000	3.57344   	920.000000	3.40965   	920.000000	0.000439443	
940.000000	2.8613    	940.000000	3.39255   	940.000000	3.55655   	940.000000	3.41435   	940.000000	3.55628   	940.000000	3.39212   	940.000000	0.000430808	
960.000000	2.84684   	960.000000	3.37598   	960.000000	3.54031   	960.000000	3.3983    	960.000000	3.54005   	960.000000	3.37556   	960.000000	0.000422519	
980.000000	2.83316   	980.000000	3.36032   	980.000000	3.52493   	980.000000	3.38309   	980.000000	3.52467   	980.000000	3.3599    	980.000000	0.000414555	
1000.000000	2.82023   	1000.000000	3.3455    	1000.000000	3.51032   	1000.000000	3.36866   	1000.000000	3.51002   	1000.000000	3.3451    	1000.000000	0.000406896	
1020.000000	2.808     	1020.000000	3.33149   	1020.000000	3.49644   	1020.000000	3.35497   	1020.000000	3.49613   	1020.000000	3.33109   	1020.000000	0.000399525	
1040.000000	2.79644   	1040.000000	3.31824   	1040.000000	3.48321   	1040.000000	3.34197   	1040.000000	3.48296   	1040.000000	3.31785   	1040.000000	0.000392426	
1060.000000	2.78551   	1060.000000	3.3057    	1060.000000	3.47061   	1060.000000	3.32963   	1060.000000	3.47046   	1060.000000	3.30532   	1060.000000	0.000385583	
1080.000000	2.77518   	1080.000000	3.29385   	1080.000000	3.45862   	1080.000000	3.3179    	1080.000000	3.45852   	1080.000000	3.29347   	1080.000000	0.000378984	
1100.000000	2.76542   	1100.000000	3.28263   	1100.000000	3.44724   	1100.000000	3.30675   	1100.000000	3.44718   	1100.000000	3.28226   	1100.000000	0.000372616	
1120.000000	2.7562    	1120.000000	3.27202   	1120.000000	3.43644   	1120.000000	3.29615   	1120.000000	3.43641   	1120.000000	3.27165   	1120.000000	0.000366465	
1140.000000	2.74749   	1140.000000	3.26198   	1140.000000	3.42621   	1140.000000	3.28606   	1140.000000	3.42618   	1140.000000	3.26162   	1140.000000	0.000360522	
1160.000000	2.73927   	1160.000000	3.25249   	1160.000000	3.41647   	1160.000000	3.27646   	1160.000000	3.41642   	1160.000000	3.25214   	1160.000000	0.000354775	
1180.000000	2.73152   	1180.000000	3.24352   	1180.000000	3.40721   	1180.000000	3.26733   	1180.000000	3.4071    	1180.000000	3.24317   	1180.000000	0.000349215	
1200.000000	2.72421   	1200.000000	3.23505   	1200.000000	3.39837   	1200.000000	3.25863   	1200.000000	3.39824   	1200.000000	3.2347    	1200.000000	0.000343833	
1220.000000	2.71732   	1220.000000	3.22704   	1220.000000	3.38993   	1220.000000	3.25035   	1220.000000	3.38981   	1220.000000	3.2267    	1220.000000	0.00033862	
1240.000000	2.71083   	1240.000000	3.21949   	1240.000000	3.38186   	1240.000000	3.24246   	1240.000000	3.3818    	1240.000000	3.21915   	1240.000000	0.000333568	
1260.000000	2.70473   	1260.000000	3.21235   	1260.000000	3.37416   	1260.000000	3.23495   	1260.000000	3.37413   	1260.000000	3.21203   	1260.000000	0.000328671	
1280.000000	2.69901   	1280.000000	3.20563   	1280.000000	3.36682   	1280.000000	3.22779   	1280.000000	3.36681   	1280.000000	3.20531   	1280.000000	0.00032392	
1300.000000	2.69363   	1300.000000	3.1993    	1300.000000	3.35983   	1300.000000	3.22096   	1300.000000	3.35984   	1300.000000	3.19898   	1300.000000	0.00031931	
1320.000000	2.68859   	1320.000000	3.19333   	1320.000000	3.35319   	1320.000000	3.21446   	1320.000000	3.35321   	1320.000000	3.19302   	1320.000000	0.000314834	
1340.000000	2.68388   	1340.000000	3.18772   	1340.000000	3.34686   	1340.000000	3.20826   	1340.000000	3.34689   	1340.000000	3.18741   	1340.000000	0.000310486	
1360.000000	2.67948   	1360.000000	3.18245   	1360.000000	3.34084   	1360.000000	3.20236   	1360.000000	3.34086   	1360.000000	3.18215   	1360.000000	0.000306261	
1380.000000	2.67538   	1380.000000	3.17751   	1380.000000	3.33511   	1380.000000	3.19673   	1380.000000	3.33508   	1380.000000	3.17721   	1380.000000	0.000302153	
1400.000000	2.67157   	1400.000000	3.17288   	1400.000000	3.32964   	1400.000000	3.19136   	1400.000000	3.32959   	1400.000000	3.17258   	1400.000000	0.000298158	
1420.000000	2.66803   	1420.000000	3.16854   	1420.000000	3.32443   	1420.000000	3.18625   	1420.000000	3.32435   	1420.000000	3.16825   	1420.000000	0.000294271	
1440.000000	2.66475   	1440.000000	3.16449   	1440.000000	3.31945   	1440.000000	3.18137   	1440.000000	3.31937   	1440.000000	3.1642    	1440.000000	0.000290488	
1460.000000	2.66173   	1460.000000	3.16072   	1460.000000	3.31469   	1460.000000	3.17673   	1460.000000	3.31463   	1460.000000	3.16043   	1460.000000	0.000286804	
1480.000000	2.65896   	1480.000000	3.15721   	1480.000000	3.31014   	1480.000000	3.17231   	1480.000000	3.31008   	1480.000000	3.15692   	1480.000000	0.000283216	
1500.000000	2.65642   	1500.000000	3.15395   	1500.000000	3.3058    	1500.000000	3.16809   	1500.000000	3.30574   	1500.000000	3.15367   	1500.000000	0.00027972	
1520.000000	2.65411   	1520.000000	3.15093   	1520.000000	3.30166   	1520.000000	3.16408   	1520.000000	3.30161   	1520.000000	3.15066   	1520.000000	0.000276312	
1540.000000	2.65203   	1540.000000	3.14815   	1540.000000	3.29771   	1540.000000	3.16025   	1540.000000	3.29768   	1540.000000	3.14788   	1540.000000	0.000272989	
1560.000000	2.65015   	1560.000000	3.1456    	1560.000000	3.29394   	1560.000000	3.15661   	1560.000000	3.29394   	1560.000000	3.14533   	1560.000000	0.000269748	
1580.000000	2.64848   	1580.000000	3.14326   	1580.000000	3.29036   	1580.000000	3.15315   	1580.000000	3.29039   	1580.000000	3.14299   	1580.000000	0.000266586	
1600.000000	2.647     	1600.000000	3.14113   	1600.000000	3.28694   	1600.000000	3.14985   	1600.000000	3.28699   	1600.000000	3.14087   	1600.000000	0.000263499	
1620.000000	2.64572   	1620.000000	3.1392    	1620.000000	3.2837    	1620.000000	3.14672   	1620.000000	3.28374   	1620.000000	3.13894   	1620.000000	0.000260486	
1640.000000	2.64462   	1640.000000	3.13746   	1640.000000	3.28061   	1640.000000	3.14374   	1640.000000	3.28065   	1640.000000	3.13721   	1640.000000	0.000257543	
1660.000000	2.6437    	1660.000000	3.13591   	1660.000000	3.27767   	1660.000000	3.1409    	1660.000000	3.27773   	1660.000000	3.13566   	1660.000000	0.000254669	
1680.000000	2.64295   	1680.000000	3.13455   	1680.000000	3.27488   	1680.000000	3.13822   	1680.000000	3.27495   	1680.000000	3.13429   	1680.000000	0.00025186	
1700.000000	2.64237   	1700.000000	3.13335   	1700.000000	3.27223   	1700.000000	3.13566   	1700.000000	3.27231   	1700.000000	3.1331    	1700.000000	0.000249115	
1750.000000	2.64161   	1750.000000	3.13108   	1750.000000	3.26617   	1750.000000	3.12984   	1750.000000	3.26627   	1750.000000	3.13084   	1750.000000	0.000242515	
1800.000000	2.64179   	1800.000000	3.12978   	1800.000000	3.26088   	1800.000000	3.12476   	1800.000000	3.26097   	1800.000000	3.12954   	1800.000000	0.000236269	
1850.000000	2.64283   	1850.000000	3.12936   	1850.000000	3.25626   	1850.000000	3.12035   	1850.000000	3.25637   	1850.000000	3.12913   	1850.000000	0.000230346	
1900.000000	2.64468   	1900.000000	3.12976   	1900.000000	3.25227   	1900.000000	3.11656   	1900.000000	3.25238   	1900.000000	3.12954   	1900.000000	0.000224724	
1950.000000	2.64728   	1950.000000	3.13091   	1950.000000	3.24884   	1950.000000	3.11331   	1950.000000	3.24894   	1950.000000	3.13069   	1950.000000	0.000219378	
2000.000000	2.65058   	2000.000000	3.13276   	2000.000000	3.24592   	2000.000000	3.11057   	2000.000000	3.24604   	2000.000000	3.13255   	2000.000000	0.00021429	
2100.000000	2.65909   	2100.000000	3.13835   	2100.000000	3.24146   	2100.000000	3.10644   	2100.000000	3.24157   	2100.000000	3.13814   	2100.000000	0.000204812	
2200.000000	2.6699    	2200.000000	3.14618   	2200.000000	3.23857   	2200.000000	3.10386   	2200.000000	3.23871   	2200.000000	3.14598   	2200.000000	0.000196164	
2300.000000	2.68274   	2300.000000	3.15595   	2300.000000	3.23702   	2300.000000	3.10257   	2300.000000	3.23712   	2300.000000	3.15576   	2300.000000	0.00018824	
2400.000000	2.6974    	2400.000000	3.16742   	2400.000000	3.2366    	2400.000000	3.10237   	2400.000000	3.23669   	2400.000000	3.16724   	2400.000000	0.000180951	
2500.000000	2.71368   	2500.000000	3.18039   	2500.000000	3.23713   	2500.000000	3.1031    	2500.000000	3.23717   	2500.000000	3.18022   	2500.000000	0.000174224	
2600.000000	2.73142   	2600.000000	3.19468   	2600.000000	3.23847   	2600.000000	3.10461   	2600.000000	3.23848   	2600.000000	3.19452   	2600.000000	0.000167995	
2700.000000	2.75049   	2700.000000	3.21015   	2700.000000	3.24048   	2700.000000	3.1068    	2700.000000	3.24045   	2700.000000	3.20999   	2700.000000	0.00016221	
2800.000000	2.77077   	2800.000000	3.22666   	2800.000000	3.24305   	2800.000000	3.10955   	2800.000000	3.24303   	2800.000000	3.2265    	2800.000000	0.000156823	
2900.000000	2.79215   	2900.000000	3.24411   	2900.000000	3.2461    	2900.000000	3.11279   	2900.000000	3.24607   	2900.000000	3.24396   	2900.000000	0.000151794	
3000.000000	2.81455   	3000.000000	3.26239   	3000.000000	3.24956   	3000.000000	3.11645   	3000.000000	3.24956   	3000.000000	3.26225   	3000.000000	0.000147088	
3200.000000	2.8621    	3200.000000	3.30117   	3200.000000	3.2575    	3200.000000	3.12477   	3200.000000	3.25757   	3200.000000	3.30103   	3200.000000	0.000138526	
3400.000000	2.91289   	3400.000000	3.34243   	3400.000000	3.26652   	3400.000000	3.13413   	3400.000000	3.26665   	3400.000000	3.3423    	3400.000000	0.000130935	
3600.000000	2.96652   	3600.000000	3.38575   	3600.000000	3.27635   	3600.000000	3.14425   	3600.000000	3.27652   	3600.000000	3.38562   	3600.000000	0.000124158	
3800.000000	3.02265   	3800.000000	3.43079   	3800.000000	3.28676   	3800.000000	3.1549    	3800.000000	3.28693   	3800.000000	3.43067   	3800.000000	0.000118068	
4000.000000	3.08102   	4000.000000	3.47728   	4000.000000	3.2976    	4000.000000	3.16593   	4000.000000	3.29774   	4000.000000	3.47717   	4000.000000	0.000112566	
4200.000000	3.14143   	4200.000000	3.525     	4200.000000	3.3087    	4200.000000	3.1772    	4200.000000	3.30882   	4200.000000	3.5249    	4200.000000	0.000107569	
4400.000000	3.20368   	4400.000000	3.57378   	4400.000000	3.31996   	4400.000000	3.18863   	4400.000000	3.32005   	4400.000000	3.57368   	4400.000000	0.00010301	
4600.000000	3.26764   	4600.000000	3.62346   	4600.000000	3.3313    	4600.000000	3.20014   	4600.000000	3.33138   	4600.000000	3.62336   	4600.000000	9.88337e-05	
4800.000000	3.33318   	4800.000000	3.67392   	4800.000000	3.34266   	4800.000000	3.21167   	4800.000000	3.34273   	4800.000000	3.67382   	4800.000000	9.4993e-05	
5000.000000	3.4002    	5000.000000	3.72506   	5000.000000	3.354     	5000.000000	3.22318   	5000.000000	3.35407   	5000.000000	3.72496   	5000.000000	9.14487e-05	
5250.000000	3.48592   	5250.000000	3.7898    	5250.000000	3.3681    	5250.000000	3.23748   	5250.000000	3.36816   	5250.000000	3.78971   	5250.000000	8.73848e-05	
5500.000000	3.57366   	5500.000000	3.85533   	5500.000000	3.38205   	5500.000000	3.25164   	5500.000000	3.38212   	5500.000000	3.85524   	5500.000000	8.36773e-05	
6000.000000	3.75476   	6000.000000	3.98829   	6000.000000	3.40944   	6000.000000	3.27942   	6000.000000	3.40952   	6000.000000	3.98821   	6000.000000	7.71579e-05	
6500.000000	3.94273   	6500.000000	4.12322   	6500.000000	3.43604   	6500.000000	3.30634   	6500.000000	3.43607   	6500.000000	4.12314   	6500.000000	7.16079e-05	
7000.000000	4.13704   	7000.000000	4.25961   	7000.000000	3.46152   	7000.000000	3.33233   	7000.000000	3.46169   	7000.000000	4.25954   	7000.000000	6.68242e-05	
7500.000000	4.33728   	7500.000000	4.3971    	7500.000000	3.48617   	7500.000000	3.35736   	7500.000000	3.48635   	7500.000000	4.39703   	7500.000000	6.2657e-05	
8000.000000	4.54314   	8000.000000	4.53541   	8000.000000	3.50992   	8000.000000	3.38144   	8000.000000	3.51007   	8000.000000	4.53535   	8000.000000	5.89933e-05	
8500.000000	4.7544    	8500.000000	4.67435   	8500.000000	3.53277   	8500.000000	3.40462   	8500.000000	3.53286   	8500.000000	4.67429   	8500.000000	5.57463e-05	
9000.000000	4.97086   	9000.000000	4.81376   	9000.000000	3.55474   	9000.000000	3.42691   	9000.000000	3.55477   	9000.000000	4.8137    	9000.000000	5.28479e-05	
9500.000000	5.19239   	9500.000000	4.95351   	9500.000000	3.57584   	9500.000000	3.44838   	9500.000000	3.57584   	9500.000000	4.95346   	9500.000000	5.02445e-05	
10000.000000	5.41888   	10000.000000	5.09352   	10000.000000	3.59609   	10000.000000	3.46905   	10000.000000	3.59611   	10000.000000	5.09348   	10000.000000	4.78927e-05	
11000.000000	5.88635   	11000.000000	5.37404   	11000.000000	3.63433   	11000.000000	3.50822   	11000.000000	3.63444   	11000.000000	5.37399   	11000.000000	4.38099e-05	
12000.000000	6.37274   	12000.000000	5.65487   	12000.000000	3.66989   	12000.000000	3.54474   	12000.000000	3.67009   	12000.000000	5.65483   	12000.000000	4.03859e-05	
13000.000000	6.87767   	13000.000000	5.93574   	13000.000000	3.70315   	13000.000000	3.57891   	13000.000000	3.70334   	13000.000000	5.9357    	13000.000000	3.74719e-05	
14000.000000	7.4009    	14000.000000	6.21647   	14000.000000	3.73441   	14000.000000	3.611     	14000.000000	3.73445   	14000.000000	6.21644   	14000.000000	3.49609e-05	
15000.000000	7.94228   	15000.000000	6.49694   	15000.000000	3.76382   	15000.000000	3.64121   	15000.000000	3.76365   	15000.000000	6.49691   	15000.000000	3.27741e-05	
16000.000000	8.50169   	16000.000000	6.77708   	16000.000000	3.79141   	16000.000000	3.66976   	16000.000000	3.79113   	16000.000000	6.77705   	16000.000000	3.08519e-05	
17000.000000	9.07908   	17000.000000	7.05681   	17000.000000	3.81734   	17000.000000	3.6968    	17000.000000	3.81706   	17000.000000	7.05679   	17000.000000	2.91486e-05	
18000.000000	9.67441   	18000.000000	7.33613   	18000.000000	3.84178   	18000.000000	3.72248   	18000.000000	3.8416    	18000.000000	7.3361    	18000.000000	2.76286e-05	
19000.000000	10.2877   	19000.000000	7.61499   	19000.000000	3.86491   	19000.000000	3.74692   	19000.000000	3.86483   	19000.000000	7.61496   	19000.000000	2.62635e-05	
20000.000000	10.9189   	20000.000000	7.89339   	20000.000000	3.88688   	20000.000000	3.77023   	20000.000000	3.88691   	20000.000000	7.89336   	20000.000000	2.50306e-05	
21000.000000	11.5681   	21000.000000	8.17132   	21000.000000	3.90784   	21000.000000	3.79252   	21000.000000	3.90793   	21000.000000	8.1713    	21000.000000	2.39113e-05	
22000.000000	12.2353   	22000.000000	8.44879   	22000.000000	3.92789   	22000.000000	3.81386   	22000.000000	3.92794   	22000.000000	8.44877   	22000.000000	2.28906e-05	
23000.000000	12.9205   	23000.000000	8.72579   	23000.000000	3.94704   	23000.000000	3.83433   	23000.000000	3.94707   	23000.000000	8.72577   	23000.000000	2.19558e-05	
24000.000000	13.6239   	24000.000000	9.00233   	24000.000000	3.96532   	24000.000000	3.85399   	24000.000000	3.96532   	24000.000000	9.00231   	24000.000000	2.10964e-05	
25000.000000	14.3454   	25000.000000	9.27841   	25000.000000	3.98278   	25000.000000	3.87292   	25000.000000	3.98283   	25000.000000	9.27839   	25000.000000	2.03037e-05	
26000.000000	15.0852   	26000.000000	9.55405   	26000.000000	3.99952   	26000.000000	3.89115   	26000.000000	3.99957   	26000.000000	9.55403   	26000.000000	1.95699e-05	
27000.000000	15.8433   	27000.000000	9.82925   	27000.000000	4.0156    	27000.000000	3.90874   	27000.000000	4.01568   	27000.000000	9.82923   	27000.000000	1.88889e-05	
28000.000000	16.6197   	28000.000000	10.104    	28000.000000	4.03106   	28000.000000	3.92573   	28000.000000	4.03111   	28000.000000	10.104    	28000.000000	1.82549e-05	
29000.000000	17.4147   	29000.000000	10.3784   	29000.000000	4.04593   	29000.000000	3.94216   	29000.000000	4.04598   	29000.000000	10.3783   	29000.000000	1.76633e-05	
30000.000000	18.2281   	30000.000000	10.6523   	30000.000000	4.06025   	30000.000000	3.95807   	30000.000000	4.06028   	30000.000000	10.6523   	30000.000000	1.71098e-05	
32000.000000	19.9111   	32000.000000	11.199    	32000.000000	4.08734   	32000.000000	3.98843   	32000.000000	4.08736   	32000.000000	11.1989   	32000.000000	1.61036e-05	
34000.000000	21.6693   	34000.000000	11.7441   	34000.000000	4.11254   	34000.000000	4.01704   	34000.000000	4.11255   	34000.000000	11.7441   	34000.000000	1.52121e-05	
36000.000000	23.5034   	36000.000000	12.2877   	36000.000000	4.13602   	36000.000000	4.04409   	36000.000000	4.13608   	36000.000000	12.2877   	36000.000000	1.44166e-05	
38000.000000	25.4143   	38000.000000	12.83     	38000.000000	4.15799   	38000.000000	4.06973   	38000.000000	4.15813   	38000.000000	12.83     	38000.000000	1.37024e-05	
40000.000000	27.4026   	40000.000000	13.3709   	40000.000000	4.17862   	40000.000000	4.09412   	40000.000000	4.17881   	40000.000000	13.3709   	40000.000000	1.30574e-05	
42000.000000	29.4693   	42000.000000	13.9105   	42000.000000	4.19807   	42000.000000	4.11736   	42000.000000	4.19826   	42000.000000	13.9105   	42000.000000	1.24719e-05	
44000.000000	31.6151   	44000.000000	14.4488   	44000.000000	4.21648   	44000.000000	4.13955   	44000.000000	4.21663   	44000.000000	14.4488   	44000.000000	1.19381e-05	
46000.000000	33.8409   	46000.000000	14.986    	46000.000000	4.234     	46000.000000	4.16079   	46000.000000	4.23392   	46000.000000	14.986    	46000.000000	1.14493e-05	
48000.000000	36.1474   	48000.000000	15.5221   	48000.000000	4.25066   	48000.000000	4.18115   	48000.000000	4.25032   	48000.000000	15.5221   	48000.000000	1.1e-05   	
50000.000000	38.5355   	50000.000000	16.057    	50000.000000	4.2664    	50000.000000	4.20071   	50000.000000	4.26583   	50000.000000	16.057    	50000.000000	1.05855e-05	
