! 99Nb energy loss (dE/dX) in He
! apply ZOOM for details
Energy (MeV/u)1	0 - [He-base] F.Hubert et al, AD&ND Tables 46(1990)1	Energy (MeV/u)2	1 - [H -base] J.F.Ziegler et al,Pergamon Press,NY(low energy)	Energy (MeV/u)3	2 - ATIMA 1.2 LS-theory (recommended for high energy)	Energy (MeV/u)4	3 - ATIMA 1.2 without LS-correction	Energy (MeV/u)5	4 - ATIMA 1.4 H.Weick, improved mean charge formula for HI	Energy (MeV/u)6	5 - electrical component of [1] - J.F.Ziegler et al	Energy (MeV/u)7	6 - nuclear component of [1] - J.F.Ziegler et al	
0.001000	0.000198977	0.001000	0.000239981	0.001000	0.000206308	0.001000	0.000206308	0.001000	0.000206317	0.001000	6.07087e-05	0.001000	0.000179272	
0.002000	0.000204327	0.002000	0.000244435	0.002000	0.000203938	0.002000	0.000203938	0.002000	0.000203946	0.002000	7.87294e-05	0.002000	0.000165706	
0.005000	0.000204216	0.005000	0.000239996	0.005000	0.000189432	0.005000	0.000189432	0.005000	0.000189438	0.005000	0.000111011	0.005000	0.000128986	
0.008000	0.000205735	0.008000	0.000238889	0.008000	0.000182941	0.008000	0.000182941	0.008000	0.000182944	0.008000	0.000132407	0.008000	0.000106482	
0.010000	0.00020784	0.010000	0.000239869	0.010000	0.000181388	0.010000	0.000181388	0.010000	0.000181392	0.010000	0.000143963	0.010000	9.59058e-05	
0.015000	0.000214933	0.015000	0.000245328	0.015000	0.000182417	0.015000	0.000182417	0.015000	0.00018242	0.015000	0.000167604	0.015000	7.77239e-05	
0.020000	0.000223048	0.020000	0.000252709	0.020000	0.000186901	0.020000	0.000186901	0.020000	0.000186903	0.020000	0.000186697	0.020000	6.60123e-05	
0.025000	0.000231353	0.025000	0.000260731	0.025000	0.000192897	0.025000	0.000192897	0.025000	0.000192898	0.025000	0.000202992	0.025000	5.77389e-05	
0.030000	0.000239544	0.030000	0.00026889	0.030000	0.000199591	0.030000	0.000199591	0.030000	0.000199593	0.030000	0.000217356	0.030000	5.15339e-05	
0.035000	0.000247506	0.035000	0.000276971	0.035000	0.000206601	0.035000	0.000206601	0.035000	0.000206602	0.035000	0.000230291	0.035000	4.66807e-05	
0.040000	0.000255201	0.040000	0.000284881	0.040000	0.000213727	0.040000	0.000213727	0.040000	0.000213728	0.040000	0.000242116	0.040000	4.2765e-05	
0.045000	0.000262622	0.045000	0.000292578	0.045000	0.000220861	0.045000	0.000220861	0.045000	0.000220862	0.045000	0.000253049	0.045000	3.9529e-05	
0.050000	0.000270607	0.050000	0.000300051	0.050000	0.000227944	0.050000	0.000227944	0.050000	0.000227945	0.050000	0.000263248	0.050000	3.68031e-05	
0.055000	0.000285642	0.055000	0.000307298	0.055000	0.000234941	0.055000	0.000234941	0.055000	0.000234942	0.055000	0.000272827	0.055000	3.4471e-05	
0.060000	0.000299588	0.060000	0.000315526	0.060000	0.000243134	0.060000	0.000243134	0.060000	0.000243135	0.060000	0.000283076	0.060000	3.24498e-05	
0.070000	0.000323871	0.070000	0.000351978	0.070000	0.000282753	0.070000	0.000282753	0.070000	0.000282754	0.070000	0.00032314	0.070000	2.88383e-05	
0.080000	0.000350684	0.080000	0.000387581	0.080000	0.000323331	0.080000	0.000323331	0.080000	0.000323332	0.080000	0.00036136	0.080000	2.62209e-05	
0.090000	0.000374516	0.090000	0.000421975	0.090000	0.000363834	0.090000	0.000363834	0.090000	0.000363835	0.090000	0.000397893	0.090000	2.40817e-05	
0.100000	0.000395916	0.100000	0.000455017	0.100000	0.000403728	0.100000	0.000403728	0.100000	0.000403729	0.100000	0.00043272	0.100000	2.22969e-05	
0.120000	0.000423702	0.120000	0.000516647	0.120000	0.000480212	0.120000	0.000480212	0.120000	0.000480213	0.120000	0.000497167	0.120000	1.94796e-05	
0.140000	0.000447166	0.140000	0.000572222	0.140000	0.000550769	0.140000	0.000550769	0.140000	0.00055077	0.140000	0.000554873	0.140000	1.73482e-05	
0.160000	0.000469471	0.160000	0.000622121	0.160000	0.000614523	0.160000	0.000614523	0.160000	0.000614523	0.160000	0.000606447	0.160000	1.56734e-05	
0.180000	0.000502222	0.180000	0.000675224	0.180000	0.000671327	0.180000	0.000671327	0.180000	0.000671327	0.180000	0.000660905	0.180000	1.4319e-05	
0.200000	0.000533985	0.200000	0.000732352	0.200000	0.000721479	0.200000	0.000721479	0.200000	0.00072148	0.200000	0.000719153	0.200000	1.31988e-05	
0.250000	0.000592047	0.250000	0.000851506	0.250000	0.000821572	0.250000	0.000821572	0.250000	0.000821573	0.250000	0.000840419	0.250000	1.10871e-05	
0.300000	0.000644469	0.300000	0.00094408	0.300000	0.000893734	0.300000	0.000893734	0.300000	0.000893735	0.300000	0.000934481	0.300000	9.59876e-06	
0.350000	0.000691548	0.350000	0.00101722	0.350000	0.000946876	0.350000	0.000946876	0.350000	0.000946876	0.350000	0.00100873	0.350000	8.48807e-06	
0.400000	0.000742849	0.400000	0.00108673	0.400000	0.000987403	0.400000	0.000987403	0.400000	0.000987403	0.400000	0.0010791 	0.400000	7.62455e-06	
0.450000	0.000790795	0.450000	0.00115261	0.450000	0.00101953	0.450000	0.00101953	0.450000	0.00101953	0.450000	0.00114568	0.450000	6.93222e-06	
0.500000	0.000832669	0.500000	0.00120681	0.500000	0.00104593	0.500000	0.00104593	0.500000	0.00104593	0.500000	0.00120045	0.500000	6.36366e-06	
0.600000	0.000871131	0.600000	0.00128901	0.600000	0.00109036	0.600000	0.00109036	0.600000	0.00109036	0.600000	0.00128352	0.600000	5.48282e-06	
0.700000	0.000889561	0.700000	0.00134627	0.700000	0.00114275	0.700000	0.00114275	0.700000	0.00114275	0.700000	0.00134144	0.700000	4.82984e-06	
0.800000	0.000929369	0.800000	0.00138646	0.800000	0.00118318	0.800000	0.00118318	0.800000	0.00118318	0.800000	0.00138213	0.800000	4.32486e-06	
0.900000	0.000960434	0.900000	0.00141454	0.900000	0.0012149 	0.900000	0.0012149 	0.900000	0.0012149 	0.900000	0.00141062	0.900000	3.92174e-06	
1.000000	0.000984679	1.000000	0.00143381	1.000000	0.00123994	1.000000	0.00123994	1.000000	0.00123994	1.000000	0.00143022	1.000000	3.5919e-06	
1.250000	0.00102157	1.250000	0.00145669	1.250000	0.00128151	1.250000	0.00128151	1.250000	0.00128151	1.250000	0.00145371	1.250000	2.97913e-06	
1.500000	0.0010319 	1.500000	0.0014482 	1.500000	0.00130265	1.500000	0.00130265	1.500000	0.00130265	1.500000	0.00144564	1.500000	2.55451e-06	
1.750000	0.00103245	1.750000	0.00143115	1.750000	0.00131074	1.750000	0.00131074	1.750000	0.00131074	1.750000	0.00142891	1.750000	2.2417e-06	
2.000000	0.00102702	2.000000	0.00140998	2.000000	0.00131026	2.000000	0.00131026	2.000000	0.00131026	2.000000	0.00140798	2.000000	2.00098e-06	
2.250000	0.00101727	2.250000	0.0013838 	2.250000	0.00130404	2.250000	0.00130404	2.250000	0.00130404	2.250000	0.00138199	2.250000	1.80962e-06	
2.500000	0.00139675	2.500000	0.00135374	2.500000	0.00129395	2.500000	0.00129395	2.500000	0.00129395	2.500000	0.00135209	2.500000	1.65359e-06	
3.000000	0.00134336	3.000000	0.0012985 	3.000000	0.00126678	3.000000	0.00126678	3.000000	0.00126678	3.000000	0.00129709	3.000000	1.41395e-06	
3.500000	0.00128837	3.500000	0.00124847	3.500000	0.00123487	3.500000	0.00123487	3.500000	0.00123487	3.500000	0.00124723	3.500000	1.23801e-06	
4.000000	0.00123506	4.000000	0.00120292	4.000000	0.00119675	4.000000	0.00119675	4.000000	0.00119675	4.000000	0.00120182	4.000000	1.10301e-06	
4.500000	0.00118472	4.500000	0.00116087	4.500000	0.00115902	4.500000	0.00115902	4.500000	0.00115902	4.500000	0.00115987	4.500000	9.95936e-07	
5.000000	0.00113772	5.000000	0.00112198	5.000000	0.0011235 	5.000000	0.0011235 	5.000000	0.0011235 	5.000000	0.00112107	5.000000	9.08809e-07	
5.500000	0.00109407	5.500000	0.00108577	5.500000	0.00109006	5.500000	0.00109006	5.500000	0.00109006	5.500000	0.00108493	5.500000	8.36442e-07	
6.000000	0.0010536 	6.000000	0.00105185	6.000000	0.00105855	6.000000	0.00105855	6.000000	0.00105855	6.000000	0.00105108	6.000000	7.75318e-07	
6.500000	0.00101607	6.500000	0.00101962	6.500000	0.00102884	6.500000	0.00102884	6.500000	0.00102884	6.500000	0.0010189 	6.500000	7.22963e-07	
7.000000	0.000981244	7.000000	0.000989391	7.000000	0.00100079	7.000000	0.00100079	7.000000	0.00100079	7.000000	0.000988713	7.000000	6.77586e-07	
7.500000	0.000948865	7.500000	0.000961164	7.500000	0.00097428	7.500000	0.00097428	7.500000	0.000974281	7.500000	0.000960526	7.500000	6.37856e-07	
8.000000	0.000918707	8.000000	0.000934696	8.000000	0.000949182	8.000000	0.000949182	8.000000	0.000949183	8.000000	0.000934093	8.000000	6.02762e-07	
8.500000	0.000890563	8.500000	0.000909819	8.500000	0.000925391	8.500000	0.000925391	8.500000	0.000925391	8.500000	0.000909248	8.500000	5.71525e-07	
9.000000	0.000864245	9.000000	0.000886273	9.000000	0.000902807	9.000000	0.000902807	9.000000	0.000902808	9.000000	0.000885729	9.000000	5.43531e-07	
9.500000	0.000839586	9.500000	0.000863915	9.500000	0.000881342	9.500000	0.000881342	9.500000	0.000881343	9.500000	0.000863396	9.500000	5.18291e-07	
10.000000	0.000816434	10.000000	0.000807614	10.000000	0.000860914	10.000000	0.000860914	10.000000	0.000860914	10.000000	0.000807119	10.000000	4.95411e-07	
11.000000	0.000774138	11.000000	0.000780288	11.000000	0.000816333	11.000000	0.000824235	11.000000	0.000828952	11.000000	0.000779832	11.000000	4.555e-07 	
12.000000	0.000736453	12.000000	0.000754352	12.000000	0.000776511	12.000000	0.000790931	12.000000	0.000798947	12.000000	0.00075393	12.000000	4.21831e-07	
13.000000	0.000702657	13.000000	0.000729849	13.000000	0.000740766	13.000000	0.000760582	13.000000	0.000770848	13.000000	0.000729456	13.000000	3.93025e-07	
14.000000	0.000672168	14.000000	0.000706757	14.000000	0.000708519	14.000000	0.000732828	14.000000	0.000744565	14.000000	0.000706389	14.000000	3.68083e-07	
15.000000	0.000644516	15.000000	0.000685014	15.000000	0.000679287	15.000000	0.000707367	15.000000	0.000719989	15.000000	0.000684668	15.000000	3.46266e-07	
16.000000	0.000619315	16.000000	0.000664543	16.000000	0.00065271	16.000000	0.000683937	16.000000	0.000697008	16.000000	0.000664216	16.000000	3.2701e-07	
17.000000	0.000596245	17.000000	0.000645261	17.000000	0.000628473	17.000000	0.000662317	17.000000	0.000675513	17.000000	0.000644952	17.000000	3.09884e-07	
18.000000	0.00057504	18.000000	0.000627085	18.000000	0.000606272	18.000000	0.000642317	18.000000	0.000655359	18.000000	0.00062679	18.000000	2.94547e-07	
19.000000	0.000555478	19.000000	0.000609934	19.000000	0.00058588	19.000000	0.00062377	19.000000	0.000636487	19.000000	0.000609653	19.000000	2.80728e-07	
20.000000	0.000537371	20.000000	0.000593731	20.000000	0.000567123	20.000000	0.000606535	20.000000	0.000618809	20.000000	0.000593463	20.000000	2.68209e-07	
21.000000	0.000520557	21.000000	0.000578407	21.000000	0.000549828	21.000000	0.000590487	21.000000	0.000602175	21.000000	0.00057815	21.000000	2.56811e-07	
22.000000	0.0005049 	22.000000	0.000563896	22.000000	0.000533831	22.000000	0.000575515	22.000000	0.000586581	22.000000	0.000563649	22.000000	2.46389e-07	
23.000000	0.000490281	23.000000	0.000550138	23.000000	0.000519006	23.000000	0.000561526	23.000000	0.000571902	23.000000	0.000549901	23.000000	2.3682e-07	
24.000000	0.000476597	24.000000	0.000537078	24.000000	0.000505253	24.000000	0.000548433	24.000000	0.000558099	24.000000	0.00053685	24.000000	2.28002e-07	
25.000000	0.000463759	25.000000	0.000524666	25.000000	0.000492478	25.000000	0.000536162	25.000000	0.000545099	25.000000	0.000524446	25.000000	2.19848e-07	
27.000000	0.000440317	27.000000	0.000501607	27.000000	0.000469511	27.000000	0.000513823	27.000000	0.000521296	27.000000	0.000501402	27.000000	2.05249e-07	
29.000000	0.000419436	29.000000	0.000480639	29.000000	0.000449518	29.000000	0.000494057	29.000000	0.000500104	29.000000	0.000480447	29.000000	1.92552e-07	
31.000000	0.000400707	31.000000	0.000461494	31.000000	0.000432484	31.000000	0.000474825	31.000000	0.000478875	31.000000	0.000461312	31.000000	1.81402e-07	
33.000000	0.000383806	33.000000	0.000443945	33.000000	0.000417394	33.000000	0.000455782	33.000000	0.000457708	33.000000	0.000443773	33.000000	1.71528e-07	
35.000000	0.000368471	35.000000	0.000427801	35.000000	0.000403413	35.000000	0.000438345	35.000000	0.000438661	35.000000	0.000427638	35.000000	1.62721e-07	
38.000000	0.000347949	38.000000	0.000405873	38.000000	0.000384326	38.000000	0.000414781	38.000000	0.000413387	38.000000	0.000405722	38.000000	1.51155e-07	
41.000000	0.00032991	41.000000	0.000386299	41.000000	0.000367143	41.000000	0.000393856	41.000000	0.000391343	41.000000	0.000386157	41.000000	1.41191e-07	
44.000000	0.000313917	44.000000	0.000368717	44.000000	0.000351621	44.000000	0.000375149	44.000000	0.000371926	44.000000	0.000368585	44.000000	1.32514e-07	
47.000000	0.000299634	47.000000	0.000352839	47.000000	0.0003375 	47.000000	0.000358323	47.000000	0.000354661	47.000000	0.000352714	47.000000	1.24886e-07	
50.000000	0.000286794	50.000000	0.000338428	50.000000	0.000324617	50.000000	0.000343106	50.000000	0.00033921	50.000000	0.00033831	50.000000	1.18125e-07	
55.000000	0.00026804	55.000000	0.000317155	55.000000	0.000305451	55.000000	0.00032074	55.000000	0.000316729	55.000000	0.000317047	55.000000	1.08412e-07	
60.000000	0.000251961	60.000000	0.00029872	60.000000	0.000288767	60.000000	0.000301448	60.000000	0.00029754	60.000000	0.000298619	60.000000	1.00235e-07	
65.000000	0.000238012	65.000000	0.000282588	65.000000	0.000274043	65.000000	0.000284636	65.000000	0.000280908	65.000000	0.000282495	65.000000	9.32534e-08	
70.000000	0.000225787	70.000000	0.000268354	70.000000	0.000260991	70.000000	0.000269856	70.000000	0.00026636	70.000000	0.000268267	70.000000	8.72187e-08	
75.000000	0.000214977	75.000000	0.000255701	75.000000	0.000249329	75.000000	0.000256761	75.000000	0.00025377	75.000000	0.000255619	75.000000	8.19484e-08	
80.000000	0.000205345	80.000000	0.00024438	80.000000	0.000238884	80.000000	0.000245078	80.000000	0.000242554	80.000000	0.000244302	80.000000	7.73039e-08	
85.000000	0.000196703	85.000000	0.00023419	85.000000	0.000229416	85.000000	0.000234592	85.000000	0.000232485	85.000000	0.000234117	85.000000	7.31785e-08	
90.000000	0.000188904	90.000000	0.000224971	90.000000	0.000220843	90.000000	0.000225128	90.000000	0.000223397	90.000000	0.000224901	90.000000	6.94888e-08	
95.000000	0.000181826	95.000000	0.00021659	95.000000	0.000212996	95.000000	0.000216544	95.000000	0.000215165	95.000000	0.000216524	95.000000	6.61682e-08	
100.000000	0.000175372	100.000000	0.000208938	100.000000	0.000205831	100.000000	0.000208723	100.000000	0.000207666	100.000000	0.000208875	100.000000	6.31632e-08	
105.000000	0.00016946	105.000000	0.000201924	105.000000	0.000199265	105.000000	0.000201568	105.000000	0.000200798	105.000000	0.000201864	105.000000	6.04303e-08	
110.000000	0.000164024	110.000000	0.000195472	110.000000	0.000193186	110.000000	0.000194998	110.000000	0.000194503	110.000000	0.000195415	110.000000	5.79337e-08	
115.000000	0.000159007	115.000000	0.000189517	115.000000	0.000187565	115.000000	0.000188945	115.000000	0.000188687	115.000000	0.000189462	115.000000	5.56435e-08	
120.000000	0.00015436	120.000000	0.000184004	120.000000	0.000182369	120.000000	0.00018335	120.000000	0.000183323	120.000000	0.000183951	120.000000	5.35349e-08	
125.000000	0.000150044	125.000000	0.000178885	125.000000	0.000177533	125.000000	0.000178163	125.000000	0.00017834	125.000000	0.000178834	125.000000	5.15867e-08	
130.000000	0.000146024	130.000000	0.000174121	130.000000	0.000173004	130.000000	0.000173341	130.000000	0.000173715	130.000000	0.000174071	130.000000	4.9781e-08	
135.000000	0.000142268	135.000000	0.000169674	135.000000	0.00016878	135.000000	0.000168848	135.000000	0.000169391	135.000000	0.000169626	135.000000	4.81027e-08	
140.000000	0.000138752	140.000000	0.000165516	140.000000	0.000164832	140.000000	0.00016465	140.000000	0.000165363	140.000000	0.000165469	140.000000	4.65384e-08	
145.000000	0.000135453	145.000000	0.000161618	145.000000	0.000161127	145.000000	0.000160721	145.000000	0.000161574	145.000000	0.000161573	145.000000	4.50768e-08	
150.000000	0.000132349	150.000000	0.000157958	150.000000	0.000157638	150.000000	0.000157035	150.000000	0.000158028	150.000000	0.000157914	150.000000	4.3708e-08	
155.000000	0.000127914	155.000000	0.000154513	155.000000	0.000154356	155.000000	0.000153571	155.000000	0.000154688	155.000000	0.000154471	155.000000	4.24232e-08	
160.000000	0.000125348	160.000000	0.000151267	160.000000	0.00015126	160.000000	0.000150309	160.000000	0.000151541	160.000000	0.000151226	160.000000	4.12148e-08	
165.000000	0.000122923	165.000000	0.000148202	165.000000	0.000148328	165.000000	0.000147232	165.000000	0.000148576	165.000000	0.000148162	165.000000	4.00762e-08	
170.000000	0.000120628	170.000000	0.000145303	170.000000	0.000145557	170.000000	0.000144326	170.000000	0.000145765	170.000000	0.000145264	170.000000	3.90014e-08	
175.000000	0.000118452	175.000000	0.000142558	175.000000	0.000142932	175.000000	0.000141576	175.000000	0.00014311	175.000000	0.00014252	175.000000	3.79851e-08	
180.000000	0.000116387	180.000000	0.000139955	180.000000	0.000140435	180.000000	0.00013897	180.000000	0.000140593	180.000000	0.000139918	180.000000	3.70225e-08	
185.000000	0.000114424	185.000000	0.000137483	185.000000	0.000138062	185.000000	0.000136497	185.000000	0.000138197	185.000000	0.000137447	185.000000	3.61095e-08	
190.000000	0.000112555	190.000000	0.000135132	190.000000	0.000135807	190.000000	0.000134149	190.000000	0.000135924	190.000000	0.000135097	190.000000	3.52423e-08	
195.000000	0.000110774	195.000000	0.000132894	195.000000	0.000133662	195.000000	0.000131914	195.000000	0.000133761	195.000000	0.00013286	195.000000	3.44175e-08	
200.000000	0.000109076	200.000000	0.000130762	200.000000	0.000131617	200.000000	0.000129786	200.000000	0.000131694	200.000000	0.000130728	200.000000	3.36319e-08	
210.000000	0.000105901	210.000000	0.000126783	210.000000	0.000127791	210.000000	0.000125822	210.000000	0.000127848	210.000000	0.000126751	210.000000	3.21679e-08	
220.000000	0.000102993	220.000000	0.000123146	220.000000	0.000124293	220.000000	0.000122203	220.000000	0.000124324	220.000000	0.000123116	220.000000	3.08308e-08	
230.000000	0.00010032	230.000000	0.00011981	230.000000	0.000121075	230.000000	0.000118888	230.000000	0.000121098	230.000000	0.00011978	230.000000	2.96047e-08	
240.000000	9.78525e-05	240.000000	0.000116739	240.000000	0.000118111	240.000000	0.00011584	240.000000	0.000118123	240.000000	0.00011671	240.000000	2.8476e-08	
250.000000	9.5569e-05	250.000000	0.000113902	250.000000	0.000115375	250.000000	0.000113029	250.000000	0.00011538	250.000000	0.000113875	250.000000	2.74336e-08	
260.000000	9.34493e-05	260.000000	0.000111275	260.000000	0.000112844	260.000000	0.000110429	260.000000	0.000112837	260.000000	0.000111249	260.000000	2.64677e-08	
270.000000	9.14764e-05	270.000000	0.000108836	270.000000	0.000110491	270.000000	0.000108017	270.000000	0.000110478	270.000000	0.00010881	270.000000	2.55701e-08	
280.000000	8.96355e-05	280.000000	0.000106564	280.000000	0.000108294	280.000000	0.000105775	280.000000	0.000108278	280.000000	0.00010654	280.000000	2.47337e-08	
290.000000	8.79139e-05	290.000000	0.000104445	290.000000	0.000106245	290.000000	0.000103685	290.000000	0.000106231	290.000000	0.000104421	290.000000	2.39524e-08	
300.000000	8.63004e-05	300.000000	0.000102463	300.000000	0.000104332	300.000000	0.000101732	300.000000	0.00010431	300.000000	0.00010244	300.000000	2.32209e-08	
310.000000	8.47852e-05	310.000000	0.000100606	310.000000	0.000102537	310.000000	9.99045e-05	310.000000	0.000102514	310.000000	0.000100583	310.000000	2.25344e-08	
320.000000	8.33596e-05	320.000000	9.88624e-05	320.000000	0.000100847	320.000000	9.81906e-05	320.000000	0.000100826	320.000000	9.88405e-05	320.000000	2.18889e-08	
330.000000	8.20161e-05	330.000000	9.72225e-05	330.000000	9.92635e-05	330.000000	9.65804e-05	330.000000	9.92389e-05	330.000000	9.72012e-05	330.000000	2.12807e-08	
340.000000	8.07479e-05	340.000000	9.56777e-05	340.000000	9.7775e-05	340.000000	9.5065e-05	340.000000	9.77469e-05	340.000000	9.5657e-05	340.000000	2.07068e-08	
350.000000	7.95488e-05	350.000000	9.422e-05 	350.000000	9.63663e-05	350.000000	9.36367e-05	350.000000	9.63348e-05	350.000000	9.41999e-05	350.000000	2.01642e-08	
360.000000	7.84136e-05	360.000000	9.28426e-05	360.000000	9.50301e-05	360.000000	9.22883e-05	360.000000	9.50026e-05	360.000000	9.2823e-05	360.000000	1.96503e-08	
370.000000	7.73372e-05	370.000000	9.15392e-05	370.000000	9.37648e-05	370.000000	9.10137e-05	370.000000	9.37446e-05	370.000000	9.15201e-05	370.000000	1.91631e-08	
380.000000	7.63154e-05	380.000000	9.03043e-05	380.000000	9.25712e-05	380.000000	8.98072e-05	380.000000	9.25483e-05	380.000000	9.02856e-05	380.000000	1.87003e-08	
390.000000	7.53443e-05	390.000000	8.91327e-05	390.000000	9.14411e-05	390.000000	8.86637e-05	390.000000	9.1416e-05	390.000000	8.91144e-05	390.000000	1.82602e-08	
400.000000	7.44202e-05	400.000000	8.80198e-05	400.000000	9.03642e-05	400.000000	8.75785e-05	400.000000	9.03429e-05	400.000000	8.8002e-05	400.000000	1.78411e-08	
410.000000	7.354e-05 	410.000000	8.69617e-05	410.000000	8.93401e-05	410.000000	8.65477e-05	410.000000	8.93191e-05	410.000000	8.69442e-05	410.000000	1.74416e-08	
420.000000	7.27006e-05	420.000000	8.59544e-05	420.000000	8.8369e-05	420.000000	8.55673e-05	420.000000	8.83459e-05	420.000000	8.59373e-05	420.000000	1.70603e-08	
430.000000	7.18995e-05	430.000000	8.49946e-05	430.000000	8.74448e-05	430.000000	8.4634e-05	430.000000	8.74205e-05	430.000000	8.49779e-05	430.000000	1.66959e-08	
440.000000	7.11341e-05	440.000000	8.40792e-05	440.000000	8.6561e-05	440.000000	8.37446e-05	440.000000	8.65367e-05	440.000000	8.40628e-05	440.000000	1.63474e-08	
450.000000	7.04023e-05	450.000000	8.32053e-05	450.000000	8.57162e-05	450.000000	8.28962e-05	450.000000	8.56922e-05	450.000000	8.31893e-05	450.000000	1.60136e-08	
460.000000	6.97019e-05	460.000000	8.23703e-05	460.000000	8.49104e-05	460.000000	8.20863e-05	460.000000	8.48869e-05	460.000000	8.23546e-05	460.000000	1.56938e-08	
470.000000	6.90311e-05	470.000000	8.15717e-05	470.000000	8.41404e-05	470.000000	8.13125e-05	470.000000	8.41181e-05	470.000000	8.15564e-05	470.000000	1.53869e-08	
480.000000	6.83881e-05	480.000000	8.08075e-05	480.000000	8.34017e-05	480.000000	8.05725e-05	480.000000	8.338e-05 	480.000000	8.07924e-05	480.000000	1.50923e-08	
490.000000	6.77714e-05	490.000000	8.00756e-05	490.000000	8.26925e-05	490.000000	7.98643e-05	490.000000	8.26736e-05	490.000000	8.00608e-05	490.000000	1.48092e-08	
500.000000	6.71794e-05	500.000000	7.93741e-05	500.000000	8.20136e-05	500.000000	7.9186e-05	500.000000	8.19978e-05	500.000000	7.93595e-05	500.000000	1.45369e-08	
520.000000	6.60644e-05	520.000000	7.80554e-05	520.000000	8.07444e-05	520.000000	7.79125e-05	520.000000	8.07275e-05	520.000000	7.80414e-05	520.000000	1.40224e-08	
540.000000	6.50333e-05	540.000000	7.68392e-05	540.000000	7.95716e-05	540.000000	7.67396e-05	540.000000	7.95558e-05	540.000000	7.68257e-05	540.000000	1.35444e-08	
560.000000	6.40776e-05	560.000000	7.57148e-05	560.000000	7.84864e-05	560.000000	7.56566e-05	560.000000	7.84741e-05	560.000000	7.57017e-05	560.000000	1.30991e-08	
580.000000	6.319e-05 	580.000000	7.46731e-05	580.000000	7.74869e-05	580.000000	7.46545e-05	580.000000	7.74705e-05	580.000000	7.46604e-05	580.000000	1.26832e-08	
600.000000	6.2364e-05	600.000000	7.37059e-05	600.000000	7.65572e-05	600.000000	7.37251e-05	600.000000	7.65415e-05	600.000000	7.36936e-05	600.000000	1.22939e-08	
620.000000	6.15941e-05	620.000000	7.28064e-05	620.000000	7.56897e-05	620.000000	7.28615e-05	620.000000	7.56747e-05	620.000000	7.27944e-05	620.000000	1.19286e-08	
640.000000	6.08753e-05	640.000000	7.19682e-05	640.000000	7.48822e-05	640.000000	7.20576e-05	640.000000	7.48689e-05	640.000000	7.19567e-05	640.000000	1.15852e-08	
660.000000	6.02032e-05	660.000000	7.11861e-05	660.000000	7.413e-05 	660.000000	7.1308e-05	660.000000	7.41168e-05	660.000000	7.11749e-05	660.000000	1.12617e-08	
680.000000	5.9574e-05	680.000000	7.04552e-05	680.000000	7.34274e-05	680.000000	7.06079e-05	680.000000	7.3413e-05	680.000000	7.04443e-05	680.000000	1.09564e-08	
700.000000	5.89841e-05	700.000000	6.97713e-05	700.000000	7.2768e-05	700.000000	6.99531e-05	700.000000	7.27558e-05	700.000000	6.97606e-05	700.000000	1.06679e-08	
720.000000	5.84306e-05	720.000000	6.91304e-05	720.000000	7.21478e-05	720.000000	6.93397e-05	720.000000	7.21386e-05	720.000000	6.912e-05 	720.000000	1.03947e-08	
740.000000	5.79106e-05	740.000000	6.85293e-05	740.000000	7.15667e-05	740.000000	6.87644e-05	740.000000	7.15594e-05	740.000000	6.85192e-05	740.000000	1.01357e-08	
760.000000	5.74216e-05	760.000000	6.79649e-05	760.000000	7.10236e-05	760.000000	6.82242e-05	760.000000	7.10164e-05	760.000000	6.7955e-05	760.000000	9.8897e-09	
780.000000	5.69615e-05	780.000000	6.74343e-05	780.000000	7.0513e-05	780.000000	6.77164e-05	780.000000	7.05044e-05	780.000000	6.74247e-05	780.000000	9.65582e-09	
800.000000	5.65281e-05	800.000000	6.69353e-05	800.000000	7.00303e-05	800.000000	6.72385e-05	800.000000	7.00223e-05	800.000000	6.69258e-05	800.000000	9.43315e-09	
820.000000	5.61196e-05	820.000000	6.64654e-05	820.000000	6.95741e-05	820.000000	6.67883e-05	820.000000	6.95688e-05	820.000000	6.64562e-05	820.000000	9.22089e-09	
840.000000	5.57344e-05	840.000000	6.60227e-05	840.000000	6.91448e-05	840.000000	6.63638e-05	840.000000	6.91406e-05	840.000000	6.60137e-05	840.000000	9.01832e-09	
860.000000	5.5371e-05	860.000000	6.56053e-05	860.000000	6.87413e-05	860.000000	6.59632e-05	860.000000	6.87355e-05	860.000000	6.55965e-05	860.000000	8.82477e-09	
880.000000	5.50278e-05	880.000000	6.52115e-05	880.000000	6.83606e-05	880.000000	6.55847e-05	880.000000	6.83534e-05	880.000000	6.52029e-05	880.000000	8.63967e-09	
900.000000	5.47038e-05	900.000000	6.48399e-05	900.000000	6.79998e-05	900.000000	6.5227e-05	900.000000	6.79928e-05	900.000000	6.48314e-05	900.000000	8.46245e-09	
920.000000	5.43977e-05	920.000000	6.44889e-05	920.000000	6.76571e-05	920.000000	6.48886e-05	920.000000	6.76498e-05	920.000000	6.44806e-05	920.000000	8.29261e-09	
940.000000	5.41083e-05	940.000000	6.41573e-05	940.000000	6.7332e-05	940.000000	6.45682e-05	940.000000	6.73254e-05	940.000000	6.41492e-05	940.000000	8.12971e-09	
960.000000	5.38349e-05	960.000000	6.3844e-05	960.000000	6.70238e-05	960.000000	6.42648e-05	960.000000	6.70186e-05	960.000000	6.3836e-05	960.000000	7.97331e-09	
980.000000	5.35763e-05	980.000000	6.35477e-05	980.000000	6.67318e-05	980.000000	6.39771e-05	980.000000	6.67278e-05	980.000000	6.35399e-05	980.000000	7.82304e-09	
1000.000000	5.33319e-05	1000.000000	6.32676e-05	1000.000000	6.64551e-05	1000.000000	6.37043e-05	1000.000000	6.64507e-05	1000.000000	6.32599e-05	1000.000000	7.67853e-09	
1020.000000	5.31008e-05	1020.000000	6.30027e-05	1020.000000	6.61924e-05	1020.000000	6.34455e-05	1020.000000	6.61881e-05	1020.000000	6.29951e-05	1020.000000	7.53946e-09	
1040.000000	5.28823e-05	1040.000000	6.2752e-05	1040.000000	6.5943e-05	1040.000000	6.31997e-05	1040.000000	6.59391e-05	1040.000000	6.27446e-05	1040.000000	7.40551e-09	
1060.000000	5.26757e-05	1060.000000	6.2515e-05	1060.000000	6.5706e-05	1060.000000	6.29663e-05	1060.000000	6.57029e-05	1060.000000	6.25077e-05	1060.000000	7.27642e-09	
1080.000000	5.24805e-05	1080.000000	6.22907e-05	1080.000000	6.54807e-05	1080.000000	6.27445e-05	1080.000000	6.54771e-05	1080.000000	6.22836e-05	1080.000000	7.15191e-09	
1100.000000	5.22959e-05	1100.000000	6.20786e-05	1100.000000	6.52664e-05	1100.000000	6.25337e-05	1100.000000	6.52627e-05	1100.000000	6.20715e-05	1100.000000	7.03174e-09	
1120.000000	5.21216e-05	1120.000000	6.18779e-05	1120.000000	6.50626e-05	1120.000000	6.23332e-05	1120.000000	6.50591e-05	1120.000000	6.1871e-05	1120.000000	6.91569e-09	
1140.000000	5.1957e-05	1140.000000	6.16881e-05	1140.000000	6.48685e-05	1140.000000	6.21425e-05	1140.000000	6.48657e-05	1140.000000	6.16813e-05	1140.000000	6.80355e-09	
1160.000000	5.18016e-05	1160.000000	6.15087e-05	1160.000000	6.46839e-05	1160.000000	6.19611e-05	1160.000000	6.4681e-05	1160.000000	6.1502e-05	1160.000000	6.69512e-09	
1180.000000	5.1655e-05	1180.000000	6.13391e-05	1180.000000	6.45082e-05	1180.000000	6.17883e-05	1180.000000	6.45048e-05	1180.000000	6.13325e-05	1180.000000	6.59021e-09	
1200.000000	5.15168e-05	1200.000000	6.11788e-05	1200.000000	6.43409e-05	1200.000000	6.16239e-05	1200.000000	6.43373e-05	1200.000000	6.11723e-05	1200.000000	6.48866e-09	
1220.000000	5.13866e-05	1220.000000	6.10274e-05	1220.000000	6.41817e-05	1220.000000	6.14673e-05	1220.000000	6.4178e-05	1220.000000	6.1021e-05	1220.000000	6.39031e-09	
1240.000000	5.1264e-05	1240.000000	6.08845e-05	1240.000000	6.403e-05 	1240.000000	6.13181e-05	1240.000000	6.40265e-05	1240.000000	6.08782e-05	1240.000000	6.29499e-09	
1260.000000	5.11487e-05	1260.000000	6.07496e-05	1260.000000	6.38854e-05	1260.000000	6.1176e-05	1260.000000	6.38814e-05	1260.000000	6.07434e-05	1260.000000	6.20259e-09	
1280.000000	5.10404e-05	1280.000000	6.06225e-05	1280.000000	6.37474e-05	1280.000000	6.10406e-05	1280.000000	6.3743e-05	1280.000000	6.06164e-05	1280.000000	6.11295e-09	
1300.000000	5.09388e-05	1300.000000	6.05027e-05	1300.000000	6.36156e-05	1300.000000	6.09116e-05	1300.000000	6.36112e-05	1300.000000	6.04966e-05	1300.000000	6.02596e-09	
1320.000000	5.08436e-05	1320.000000	6.03899e-05	1320.000000	6.34897e-05	1320.000000	6.07886e-05	1320.000000	6.34858e-05	1320.000000	6.03839e-05	1320.000000	5.9415e-09	
1340.000000	5.07545e-05	1340.000000	6.02838e-05	1340.000000	6.33693e-05	1340.000000	6.06715e-05	1340.000000	6.33664e-05	1340.000000	6.02779e-05	1340.000000	5.85946e-09	
1360.000000	5.06714e-05	1360.000000	6.01842e-05	1360.000000	6.32543e-05	1360.000000	6.05598e-05	1360.000000	6.32523e-05	1360.000000	6.01784e-05	1360.000000	5.77974e-09	
1380.000000	5.05938e-05	1380.000000	6.00906e-05	1380.000000	6.31445e-05	1380.000000	6.04533e-05	1380.000000	6.31431e-05	1380.000000	6.00849e-05	1380.000000	5.70223e-09	
1400.000000	5.05217e-05	1400.000000	6.0003e-05	1400.000000	6.30399e-05	1400.000000	6.03519e-05	1400.000000	6.30391e-05	1400.000000	5.99974e-05	1400.000000	5.62685e-09	
1420.000000	5.04548e-05	1420.000000	5.99211e-05	1420.000000	6.29403e-05	1420.000000	6.02552e-05	1420.000000	6.29401e-05	1420.000000	5.99155e-05	1420.000000	5.55351e-09	
1440.000000	5.03929e-05	1440.000000	5.98445e-05	1440.000000	6.28454e-05	1440.000000	6.0163e-05	1440.000000	6.28459e-05	1440.000000	5.9839e-05	1440.000000	5.48212e-09	
1460.000000	5.03359e-05	1460.000000	5.97731e-05	1460.000000	6.27553e-05	1460.000000	6.00752e-05	1460.000000	6.27563e-05	1460.000000	5.97677e-05	1460.000000	5.41261e-09	
1480.000000	5.02835e-05	1480.000000	5.97067e-05	1480.000000	6.26696e-05	1480.000000	5.99915e-05	1480.000000	6.26702e-05	1480.000000	5.97014e-05	1480.000000	5.34491e-09	
1500.000000	5.02355e-05	1500.000000	5.96451e-05	1500.000000	6.2588e-05	1500.000000	5.99118e-05	1500.000000	6.25881e-05	1500.000000	5.96398e-05	1500.000000	5.27894e-09	
1520.000000	5.01919e-05	1520.000000	5.95881e-05	1520.000000	6.25104e-05	1520.000000	5.98359e-05	1520.000000	6.251e-05 	1520.000000	5.95829e-05	1520.000000	5.21463e-09	
1540.000000	5.01524e-05	1540.000000	5.95355e-05	1540.000000	6.24364e-05	1540.000000	5.97636e-05	1540.000000	6.24357e-05	1540.000000	5.95304e-05	1540.000000	5.15193e-09	
1560.000000	5.01169e-05	1560.000000	5.94872e-05	1560.000000	6.23659e-05	1560.000000	5.96948e-05	1560.000000	6.2365e-05	1560.000000	5.94821e-05	1560.000000	5.09077e-09	
1580.000000	5.00853e-05	1580.000000	5.9443e-05	1580.000000	6.22987e-05	1580.000000	5.96293e-05	1580.000000	6.22979e-05	1580.000000	5.94379e-05	1580.000000	5.0311e-09	
1600.000000	5.00574e-05	1600.000000	5.94027e-05	1600.000000	6.22346e-05	1600.000000	5.9567e-05	1600.000000	6.22336e-05	1600.000000	5.93977e-05	1600.000000	4.97287e-09	
1620.000000	5.00332e-05	1620.000000	5.93662e-05	1620.000000	6.21734e-05	1620.000000	5.95077e-05	1620.000000	6.21722e-05	1620.000000	5.93613e-05	1620.000000	4.91601e-09	
1640.000000	5.00124e-05	1640.000000	5.93334e-05	1640.000000	6.21151e-05	1640.000000	5.94513e-05	1640.000000	6.21138e-05	1640.000000	5.93285e-05	1640.000000	4.86048e-09	
1660.000000	4.9995e-05	1660.000000	5.93041e-05	1660.000000	6.20596e-05	1660.000000	5.93978e-05	1660.000000	6.20584e-05	1660.000000	5.92993e-05	1660.000000	4.80624e-09	
1680.000000	4.99809e-05	1680.000000	5.92782e-05	1680.000000	6.20066e-05	1680.000000	5.93469e-05	1680.000000	6.20059e-05	1680.000000	5.92734e-05	1680.000000	4.75324e-09	
1700.000000	4.99699e-05	1700.000000	5.92556e-05	1700.000000	6.19563e-05	1700.000000	5.92986e-05	1700.000000	6.1956e-05	1700.000000	5.92509e-05	1700.000000	4.70144e-09	
1750.000000	4.99556e-05	1750.000000	5.92127e-05	1750.000000	6.18411e-05	1750.000000	5.91886e-05	1750.000000	6.18417e-05	1750.000000	5.92081e-05	1750.000000	4.57692e-09	
1800.000000	4.9959e-05	1800.000000	5.91881e-05	1800.000000	6.17401e-05	1800.000000	5.90925e-05	1800.000000	6.17415e-05	1800.000000	5.91836e-05	1800.000000	4.45904e-09	
1850.000000	4.99788e-05	1850.000000	5.91801e-05	1850.000000	6.16522e-05	1850.000000	5.90092e-05	1850.000000	6.16546e-05	1850.000000	5.91758e-05	1850.000000	4.34728e-09	
1900.000000	5.00138e-05	1900.000000	5.91877e-05	1900.000000	6.15763e-05	1900.000000	5.89374e-05	1900.000000	6.1579e-05	1900.000000	5.91834e-05	1900.000000	4.24119e-09	
1950.000000	5.0063e-05	1950.000000	5.92094e-05	1950.000000	6.15112e-05	1950.000000	5.8876e-05	1950.000000	6.15141e-05	1950.000000	5.92053e-05	1950.000000	4.14032e-09	
2000.000000	5.01254e-05	2000.000000	5.92444e-05	2000.000000	6.14562e-05	2000.000000	5.88243e-05	2000.000000	6.14592e-05	2000.000000	5.92404e-05	2000.000000	4.0443e-09	
2100.000000	5.02864e-05	2100.000000	5.93501e-05	2100.000000	6.13728e-05	2100.000000	5.87462e-05	2100.000000	6.13747e-05	2100.000000	5.93462e-05	2100.000000	3.86546e-09	
2200.000000	5.04908e-05	2200.000000	5.94981e-05	2200.000000	6.13196e-05	2200.000000	5.86973e-05	2200.000000	6.13205e-05	2200.000000	5.94944e-05	2200.000000	3.70227e-09	
2300.000000	5.07337e-05	2300.000000	5.96829e-05	2300.000000	6.12912e-05	2300.000000	5.86729e-05	2300.000000	6.12904e-05	2300.000000	5.96794e-05	2300.000000	3.55273e-09	
2400.000000	5.10109e-05	2400.000000	5.98999e-05	2400.000000	6.12831e-05	2400.000000	5.86692e-05	2400.000000	6.12821e-05	2400.000000	5.98965e-05	2400.000000	3.41519e-09	
2500.000000	5.13188e-05	2500.000000	6.01452e-05	2500.000000	6.12921e-05	2500.000000	5.8683e-05	2500.000000	6.12912e-05	2500.000000	6.01419e-05	2500.000000	3.28824e-09	
2600.000000	5.16544e-05	2600.000000	6.04155e-05	2600.000000	6.13159e-05	2600.000000	5.87117e-05	2600.000000	6.13159e-05	2600.000000	6.04123e-05	2600.000000	3.1707e-09	
2700.000000	5.2015e-05	2700.000000	6.07079e-05	2700.000000	6.13524e-05	2700.000000	5.8753e-05	2700.000000	6.1353e-05	2700.000000	6.07049e-05	2700.000000	3.06153e-09	
2800.000000	5.23985e-05	2800.000000	6.10202e-05	2800.000000	6.14e-05  	2800.000000	5.8805e-05	2800.000000	6.14018e-05	2800.000000	6.10172e-05	2800.000000	2.95988e-09	
2900.000000	5.2803e-05	2900.000000	6.13501e-05	2900.000000	6.14571e-05	2900.000000	5.88663e-05	2900.000000	6.14593e-05	2900.000000	6.13473e-05	2900.000000	2.86497e-09	
3000.000000	5.32266e-05	3000.000000	6.16959e-05	3000.000000	6.15225e-05	3000.000000	5.89354e-05	3000.000000	6.15253e-05	3000.000000	6.16932e-05	3000.000000	2.77616e-09	
3200.000000	5.41259e-05	3200.000000	6.24292e-05	3200.000000	6.16733e-05	3200.000000	5.90928e-05	3200.000000	6.16766e-05	3200.000000	6.24266e-05	3200.000000	2.61458e-09	
3400.000000	5.50864e-05	3400.000000	6.32095e-05	3400.000000	6.18449e-05	3400.000000	5.92699e-05	3400.000000	6.18483e-05	3400.000000	6.3207e-05	3400.000000	2.47133e-09	
3600.000000	5.61005e-05	3600.000000	6.40287e-05	3600.000000	6.20315e-05	3600.000000	5.94612e-05	3600.000000	6.20348e-05	3600.000000	6.40264e-05	3600.000000	2.34343e-09	
3800.000000	5.7162e-05	3800.000000	6.48805e-05	3800.000000	6.22289e-05	3800.000000	5.96627e-05	3800.000000	6.22316e-05	3800.000000	6.48783e-05	3800.000000	2.22851e-09	
4000.000000	5.82659e-05	4000.000000	6.57597e-05	4000.000000	6.24338e-05	4000.000000	5.98712e-05	4000.000000	6.24359e-05	4000.000000	6.57576e-05	4000.000000	2.12467e-09	
4200.000000	5.94082e-05	4200.000000	6.66622e-05	4200.000000	6.26436e-05	4200.000000	6.00845e-05	4200.000000	6.26454e-05	4200.000000	6.66602e-05	4200.000000	2.03036e-09	
4400.000000	6.05856e-05	4400.000000	6.75846e-05	4400.000000	6.28564e-05	4400.000000	6.03006e-05	4400.000000	6.28576e-05	4400.000000	6.75827e-05	4400.000000	1.94433e-09	
4600.000000	6.17951e-05	4600.000000	6.85241e-05	4600.000000	6.30706e-05	4600.000000	6.05182e-05	4600.000000	6.30717e-05	4600.000000	6.85222e-05	4600.000000	1.86551e-09	
4800.000000	6.30346e-05	4800.000000	6.94784e-05	4800.000000	6.32853e-05	4800.000000	6.07363e-05	4800.000000	6.32862e-05	4800.000000	6.94766e-05	4800.000000	1.79303e-09	
5000.000000	6.4302e-05	5000.000000	7.04455e-05	5000.000000	6.34995e-05	5000.000000	6.09539e-05	5000.000000	6.35006e-05	5000.000000	7.04437e-05	5000.000000	1.72614e-09	
5250.000000	6.59231e-05	5250.000000	7.16699e-05	5250.000000	6.37658e-05	5250.000000	6.12243e-05	5250.000000	6.3767e-05	5250.000000	7.16682e-05	5250.000000	1.64944e-09	
5500.000000	6.75824e-05	5500.000000	7.29091e-05	5500.000000	6.40295e-05	5500.000000	6.14922e-05	5500.000000	6.4031e-05	5500.000000	7.29075e-05	5500.000000	1.57947e-09	
6000.000000	7.10072e-05	6000.000000	7.54235e-05	6000.000000	6.45473e-05	6000.000000	6.20176e-05	6000.000000	6.45488e-05	6000.000000	7.5422e-05	6000.000000	1.45642e-09	
6500.000000	7.4562e-05	6500.000000	7.79752e-05	6500.000000	6.50501e-05	6500.000000	6.25267e-05	6500.000000	6.50506e-05	6500.000000	7.79738e-05	6500.000000	1.35168e-09	
7000.000000	7.82366e-05	7000.000000	8.05545e-05	7000.000000	6.55318e-05	7000.000000	6.30181e-05	7000.000000	6.55348e-05	7000.000000	8.05532e-05	7000.000000	1.26139e-09	
7500.000000	8.20234e-05	7500.000000	8.31546e-05	7500.000000	6.59973e-05	7500.000000	6.34914e-05	7500.000000	6.6001e-05	7500.000000	8.31534e-05	7500.000000	1.18274e-09	
8000.000000	8.59165e-05	8000.000000	8.57703e-05	8000.000000	6.64472e-05	8000.000000	6.39469e-05	8000.000000	6.64492e-05	8000.000000	8.57692e-05	8000.000000	1.11359e-09	
8500.000000	8.99116e-05	8500.000000	8.83978e-05	8500.000000	6.68786e-05	8500.000000	6.43851e-05	8500.000000	6.68799e-05	8500.000000	8.83967e-05	8500.000000	1.05231e-09	
9000.000000	9.40052e-05	9000.000000	9.10341e-05	9000.000000	6.72915e-05	9000.000000	6.48068e-05	9000.000000	6.72939e-05	9000.000000	9.10331e-05	9000.000000	9.97601e-10	
9500.000000	9.81946e-05	9500.000000	9.36771e-05	9500.000000	6.76893e-05	9500.000000	6.52127e-05	9500.000000	6.76922e-05	9500.000000	9.36762e-05	9500.000000	9.48463e-10	
10000.000000	0.000102478	10000.000000	9.63249e-05	10000.000000	6.80733e-05	10000.000000	6.56037e-05	10000.000000	6.80752e-05	10000.000000	9.6324e-05	10000.000000	9.04074e-10	
11000.000000	0.000111318	11000.000000	0.00010163	11000.000000	6.87991e-05	11000.000000	6.63444e-05	11000.000000	6.87994e-05	11000.000000	0.000101629	11000.000000	8.27012e-10	
12000.000000	0.000120516	12000.000000	0.000106941	12000.000000	6.94714e-05	12000.000000	6.7035e-05	12000.000000	6.94728e-05	12000.000000	0.00010694	12000.000000	7.62384e-10	
13000.000000	0.000130065	13000.000000	0.000112252	13000.000000	7.00983e-05	13000.000000	6.76813e-05	13000.000000	7.01009e-05	13000.000000	0.000112252	13000.000000	7.07381e-10	
14000.000000	0.00013996	14000.000000	0.000117561	14000.000000	7.06867e-05	14000.000000	6.8288e-05	14000.000000	7.06885e-05	14000.000000	0.000117561	14000.000000	6.59986e-10	
15000.000000	0.000150198	15000.000000	0.000122865	15000.000000	7.12401e-05	15000.000000	6.88595e-05	15000.000000	7.12399e-05	15000.000000	0.000122865	15000.000000	6.18708e-10	
16000.000000	0.000160778	16000.000000	0.000128163	16000.000000	7.17601e-05	16000.000000	6.93993e-05	16000.000000	7.17588e-05	16000.000000	0.000128162	16000.000000	5.82425e-10	
17000.000000	0.000171697	17000.000000	0.000133453	17000.000000	7.22495e-05	17000.000000	6.99107e-05	17000.000000	7.22484e-05	17000.000000	0.000133453	17000.000000	5.50274e-10	
18000.000000	0.000182955	18000.000000	0.000138735	18000.000000	7.27116e-05	18000.000000	7.03962e-05	18000.000000	7.27115e-05	18000.000000	0.000138735	18000.000000	5.21582e-10	
19000.000000	0.000194553	19000.000000	0.000144009	19000.000000	7.31495e-05	19000.000000	7.08584e-05	19000.000000	7.315e-05 	19000.000000	0.000144008	19000.000000	4.95814e-10	
20000.000000	0.00020649	20000.000000	0.000149274	20000.000000	7.35659e-05	20000.000000	7.12994e-05	20000.000000	7.35667e-05	20000.000000	0.000149273	20000.000000	4.7254e-10	
21000.000000	0.000218767	21000.000000	0.00015453	21000.000000	7.39621e-05	21000.000000	7.17208e-05	21000.000000	7.39631e-05	21000.000000	0.000154529	21000.000000	4.51413e-10	
22000.000000	0.000231384	22000.000000	0.000159777	22000.000000	7.43383e-05	22000.000000	7.21244e-05	22000.000000	7.43407e-05	22000.000000	0.000159777	22000.000000	4.32145e-10	
23000.000000	0.000244343	23000.000000	0.000165016	23000.000000	7.46987e-05	23000.000000	7.25115e-05	23000.000000	7.47015e-05	23000.000000	0.000165015	23000.000000	4.145e-10 	
24000.000000	0.000257644	24000.000000	0.000170245	24000.000000	7.50444e-05	24000.000000	7.28834e-05	24000.000000	7.50457e-05	24000.000000	0.000170245	24000.000000	3.98278e-10	
25000.000000	0.000271289	25000.000000	0.000175466	25000.000000	7.53751e-05	25000.000000	7.32413e-05	25000.000000	7.53758e-05	25000.000000	0.000175466	25000.000000	3.83313e-10	
26000.000000	0.000285279	26000.000000	0.000180679	26000.000000	7.56913e-05	26000.000000	7.35861e-05	26000.000000	7.56915e-05	26000.000000	0.000180679	26000.000000	3.69462e-10	
27000.000000	0.000299616	27000.000000	0.000185883	27000.000000	7.5994e-05	27000.000000	7.39188e-05	27000.000000	7.59951e-05	27000.000000	0.000185883	27000.000000	3.56606e-10	
28000.000000	0.0003143 	28000.000000	0.00019108	28000.000000	7.62846e-05	28000.000000	7.42401e-05	28000.000000	7.62859e-05	28000.000000	0.000191079	28000.000000	3.44638e-10	
29000.000000	0.000329333	29000.000000	0.000196268	29000.000000	7.65642e-05	29000.000000	7.45508e-05	29000.000000	7.65661e-05	29000.000000	0.000196267	29000.000000	3.3347e-10	
30000.000000	0.000344717	30000.000000	0.000201448	30000.000000	7.68335e-05	30000.000000	7.48516e-05	30000.000000	7.68355e-05	30000.000000	0.000201448	30000.000000	3.23023e-10	
32000.000000	0.000376543	32000.000000	0.000211786	32000.000000	7.73433e-05	32000.000000	7.54257e-05	32000.000000	7.73455e-05	32000.000000	0.000211786	32000.000000	3.04027e-10	
34000.000000	0.000409793	34000.000000	0.000222095	34000.000000	7.78178e-05	34000.000000	7.59668e-05	34000.000000	7.78199e-05	34000.000000	0.000222095	34000.000000	2.87198e-10	
36000.000000	0.000444479	36000.000000	0.000232376	36000.000000	7.82601e-05	36000.000000	7.64783e-05	36000.000000	7.82627e-05	36000.000000	0.000232376	36000.000000	2.72182e-10	
38000.000000	0.000480615	38000.000000	0.000242631	38000.000000	7.86741e-05	38000.000000	7.69633e-05	38000.000000	7.86776e-05	38000.000000	0.000242631	38000.000000	2.58698e-10	
40000.000000	0.000518218	40000.000000	0.00025286	40000.000000	7.90626e-05	40000.000000	7.74244e-05	40000.000000	7.90667e-05	40000.000000	0.000252859	40000.000000	2.46522e-10	
42000.000000	0.000557302	42000.000000	0.000263064	42000.000000	7.94282e-05	42000.000000	7.78639e-05	42000.000000	7.94325e-05	42000.000000	0.000263064	42000.000000	2.3547e-10	
44000.000000	0.000597881	44000.000000	0.000273246	44000.000000	7.97737e-05	44000.000000	7.82836e-05	44000.000000	7.97777e-05	44000.000000	0.000273245	44000.000000	2.25392e-10	
46000.000000	0.000639973	46000.000000	0.000283404	46000.000000	8.01016e-05	46000.000000	7.86853e-05	46000.000000	8.01028e-05	46000.000000	0.000283404	46000.000000	2.16164e-10	
48000.000000	0.000683592	48000.000000	0.000293542	48000.000000	8.0413e-05	48000.000000	7.90704e-05	48000.000000	8.0411e-05	48000.000000	0.000293542	48000.000000	2.07682e-10	
50000.000000	0.000728755	50000.000000	0.000303658	50000.000000	8.07072e-05	50000.000000	7.94402e-05	50000.000000	8.07022e-05	50000.000000	0.000303658	50000.000000	1.99858e-10	
