! 104Tc energy loss (dE/dX) in He
! apply ZOOM for details
Energy (MeV/u)1	0 - [He-base] F.Hubert et al, AD&ND Tables 46(1990)1	Energy (MeV/u)2	1 - [H -base] J.F.Ziegler et al,Pergamon Press,NY(low energy)	Energy (MeV/u)3	2 - ATIMA 1.2 LS-theory (recommended for high energy)	Energy (MeV/u)4	3 - ATIMA 1.2 without LS-correction	Energy (MeV/u)5	4 - ATIMA 1.4 H.Weick, improved mean charge formula for HI	Energy (MeV/u)6	5 - electrical component of [1] - J.F.Ziegler et al	Energy (MeV/u)7	6 - nuclear component of [1] - J.F.Ziegler et al	
0.001000	11.4688   	0.001000	13.9117   	0.001000	11.939    	0.001000	11.939    	0.001000	11.9395   	0.001000	3.49891   	0.001000	10.4128   	
0.002000	11.7969   	0.002000	14.23     	0.002000	11.8507   	0.002000	11.8507   	0.002000	11.8512   	0.002000	4.53753   	0.002000	9.69252   	
0.005000	11.7719   	0.005000	14.0165   	0.005000	11.0307   	0.005000	11.0307   	0.005000	11.031    	0.005000	6.39803   	0.005000	7.61847   	
0.008000	11.8235   	0.008000	13.9493   	0.008000	10.6343   	0.008000	10.6343   	0.008000	10.6345   	0.008000	7.63118   	0.008000	6.31815   	
0.010000	11.922    	0.010000	13.9992   	0.010000	10.5274   	0.010000	10.5274   	0.010000	10.5276   	0.010000	8.29722   	0.010000	5.70193   	
0.015000	12.2813   	0.015000	14.2959   	0.015000	10.5461   	0.015000	10.5461   	0.015000	10.5462   	0.015000	9.65978   	0.015000	4.6361    	
0.020000	12.7088   	0.020000	14.7058   	0.020000	10.7698   	0.020000	10.7698   	0.020000	10.7699   	0.020000	10.7602   	0.020000	3.9456    	
0.025000	13.1538   	0.025000	15.1554   	0.025000	11.0857   	0.025000	11.0857   	0.025000	11.0858   	0.025000	11.6993   	0.025000	3.45606   	
0.030000	13.5969   	0.030000	15.6152   	0.030000	11.4459   	0.030000	11.4459   	0.030000	11.446    	0.030000	12.5272   	0.030000	3.088     	
0.035000	14.0304   	0.035000	16.0723   	0.035000	11.8271   	0.035000	11.8271   	0.035000	11.8272   	0.035000	13.2727   	0.035000	2.79959   	
0.040000	14.4512   	0.040000	16.5208   	0.040000	12.2174   	0.040000	12.2174   	0.040000	12.2174   	0.040000	13.9542   	0.040000	2.56655   	
0.045000	14.8583   	0.045000	16.9581   	0.045000	12.61     	0.045000	12.61     	0.045000	12.61     	0.045000	14.5844   	0.045000	2.37372   	
0.050000	15.2518   	0.050000	17.3833   	0.050000	13.0011   	0.050000	13.0011   	0.050000	13.0011   	0.050000	15.1721   	0.050000	2.21114   	
0.055000	16.0468   	0.055000	17.7961   	0.055000	13.3885   	0.055000	13.3885   	0.055000	13.3886   	0.055000	15.7242   	0.055000	2.07192   	
0.060000	16.9483   	0.060000	18.1969   	0.060000	13.771    	0.060000	13.771    	0.060000	13.771    	0.060000	16.2457   	0.060000	1.95118   	
0.070000	18.5609   	0.070000	20.032    	0.070000	15.5035   	0.070000	15.5035   	0.070000	15.5036   	0.070000	18.2804   	0.070000	1.75164   	
0.080000	20.2894   	0.080000	22.3503   	0.080000	17.7636   	0.080000	17.7636   	0.080000	17.7637   	0.080000	20.772    	0.080000	1.57832   	
0.090000	21.8539   	0.090000	24.616    	0.090000	20.0475   	0.090000	20.0475   	0.090000	20.0476   	0.090000	23.1658   	0.090000	1.45026   	
0.100000	23.2679   	0.100000	26.7972   	0.100000	22.3064   	0.100000	22.3064   	0.100000	22.3064   	0.100000	25.4538   	0.100000	1.34333   	
0.120000	25.1762   	0.120000	30.8656   	0.120000	26.6592   	0.120000	26.6592   	0.120000	26.6593   	0.120000	29.6912   	0.120000	1.17436   	
0.140000	26.7776   	0.140000	34.5214   	0.140000	30.6981   	0.140000	30.6981   	0.140000	30.6981   	0.140000	33.475    	0.140000	1.0464    	
0.160000	28.2435   	0.160000	37.7819   	0.160000	34.3658   	0.160000	34.3658   	0.160000	34.3659   	0.160000	36.8361   	0.160000	0.945774  	
0.180000	29.8395   	0.180000	40.6868   	0.180000	37.6487   	0.180000	37.6487   	0.180000	37.6488   	0.180000	39.8224   	0.180000	0.864344  	
0.200000	31.5957   	0.200000	43.8007   	0.200000	40.5597   	0.200000	40.5597   	0.200000	40.5597   	0.200000	43.0037   	0.200000	0.796954  	
0.250000	34.7708   	0.250000	50.3908   	0.250000	46.4092   	0.250000	46.4092   	0.250000	46.4092   	0.250000	49.721    	0.250000	0.669831  	
0.300000	37.6658   	0.300000	55.4867   	0.300000	50.6672   	0.300000	50.6672   	0.300000	50.6673   	0.300000	54.9066   	0.300000	0.580163  	
0.350000	40.2835   	0.350000	59.5065   	0.350000	53.8315   	0.350000	53.8315   	0.350000	53.8316   	0.350000	58.9933   	0.350000	0.513205  	
0.400000	42.7922   	0.400000	62.7624   	0.400000	56.2645   	0.400000	56.2645   	0.400000	56.2645   	0.400000	62.3013   	0.400000	0.461123  	
0.450000	45.462    	0.450000	66.3873   	0.450000	58.2069   	0.450000	58.2069   	0.450000	58.2069   	0.450000	65.9679   	0.450000	0.419349  	
0.500000	47.8004   	0.500000	69.373    	0.500000	59.8125   	0.500000	59.8125   	0.500000	59.8126   	0.500000	68.9879   	0.500000	0.385032  	
0.600000	49.9214   	0.600000	73.915    	0.600000	62.367    	0.600000	62.367    	0.600000	62.3671   	0.600000	73.5831   	0.600000	0.331845  	
0.700000	50.9357   	0.700000	77.0987   	0.700000	65.2015   	0.700000	65.2015   	0.700000	65.2016   	0.700000	76.8063   	0.700000	0.2924    	
0.800000	53.2717   	0.800000	79.444    	0.800000	67.7029   	0.800000	67.7029   	0.800000	67.703    	0.800000	79.1821   	0.800000	0.261884  	
0.900000	55.1751   	0.900000	81.2381   	0.900000	69.6857   	0.900000	69.6857   	0.900000	69.6857   	0.900000	81.0006   	0.900000	0.237517  	
1.000000	56.6767   	1.000000	82.5066   	1.000000	71.269    	1.000000	71.269    	1.000000	71.269    	1.000000	82.289    	1.000000	0.217574  	
1.250000	59.0284   	1.250000	84.1539   	1.250000	73.9629   	1.250000	73.9629   	1.250000	73.9629   	1.250000	83.9733   	1.250000	0.180513  	
1.500000	59.8372   	1.500000	83.9796   	1.500000	75.4212   	1.500000	75.4212   	1.500000	75.4212   	1.500000	83.8248   	1.500000	0.154822  	
1.750000	59.89     	1.750000	83.0053   	1.750000	76.0847   	1.750000	76.0847   	1.750000	76.0848   	1.750000	82.8694   	1.750000	0.135889  	
2.000000	59.6148   	2.000000	81.8249   	2.000000	76.2206   	2.000000	76.2206   	2.000000	76.2207   	2.000000	81.7036   	2.000000	0.121316  	
2.250000	59.2261   	2.250000	80.536    	2.250000	75.9994   	2.250000	75.9994   	2.250000	75.9995   	2.250000	80.4263   	2.250000	0.109729  	
2.500000	82.9188   	2.500000	79.0058   	2.500000	75.5338   	2.500000	75.5338   	2.500000	75.5338   	2.500000	78.9055   	2.500000	0.10028   	
3.000000	79.9095   	3.000000	76.0284   	3.000000	74.1516   	3.000000	74.1516   	3.000000	74.1517   	3.000000	75.9426   	3.000000	0.0857636 	
3.500000	76.7623   	3.500000	73.2783   	3.500000	72.4479   	3.500000	72.4479   	3.500000	72.4479   	3.500000	73.2032   	3.500000	0.0751039 	
4.000000	73.6858   	4.000000	70.7392   	4.000000	70.5144   	4.000000	70.5144   	4.000000	70.5145   	4.000000	70.6722   	4.000000	0.0669227 	
4.500000	70.7639   	4.500000	68.3936   	4.500000	68.3771   	4.500000	68.3771   	4.500000	68.3772   	4.500000	68.3332   	4.500000	0.0604331 	
5.000000	68.0252   	5.000000	66.194    	5.000000	66.3575   	5.000000	66.3575   	5.000000	66.3576   	5.000000	66.1389   	5.000000	0.0551516 	
5.500000	65.4736   	5.500000	64.1306   	5.500000	64.4505   	5.500000	64.4505   	5.500000	64.4505   	5.500000	64.0798   	5.500000	0.0507643 	
6.000000	63.1019   	6.000000	62.1929   	6.000000	62.6493   	6.000000	62.6493   	6.000000	62.6493   	6.000000	62.1458   	6.000000	0.0470582 	
6.500000	60.8982   	6.500000	60.3708   	6.500000	60.947    	6.500000	60.947    	6.500000	60.947    	6.500000	60.3269   	6.500000	0.0438835 	
7.000000	58.8492   	7.000000	58.6199   	7.000000	59.3366   	7.000000	59.3366   	7.000000	59.3366   	7.000000	58.5788   	7.000000	0.0411317 	
7.500000	56.9413   	7.500000	56.9827   	7.500000	57.8114   	7.500000	57.8114   	7.500000	57.8114   	7.500000	56.944    	7.500000	0.0387221 	
8.000000	55.1619   	8.000000	55.4519   	8.000000	56.3651   	8.000000	56.3651   	8.000000	56.3652   	8.000000	55.4153   	8.000000	0.0365936 	
8.500000	53.4994   	8.500000	54.0138   	8.500000	54.9921   	8.500000	54.9921   	8.500000	54.9921   	8.500000	53.9791   	8.500000	0.0346989 	
9.000000	51.943    	9.000000	52.6567   	9.000000	53.6868   	9.000000	53.6868   	9.000000	53.6869   	9.000000	52.6237   	9.000000	0.0330008 	
9.500000	50.4833   	9.500000	51.3666   	9.500000	52.4445   	9.500000	52.4445   	9.500000	52.4446   	9.500000	51.3352   	9.500000	0.0314697 	
10.000000	49.1116   	10.000000	48.0528   	10.000000	51.2607   	10.000000	51.2607   	10.000000	51.2608   	10.000000	48.0227   	10.000000	0.0300816 	
11.000000	46.6026   	11.000000	46.4866   	11.000000	48.6471   	11.000000	49.1352   	11.000000	49.4443   	11.000000	46.459    	11.000000	0.0276602 	
12.000000	44.3639   	12.000000	44.9935   	12.000000	46.3089   	12.000000	47.2012   	12.000000	47.7295   	12.000000	44.9679   	12.000000	0.0256173 	
13.000000	42.3538   	13.000000	43.578    	13.000000	44.2059   	13.000000	45.4357   	13.000000	46.1165   	13.000000	43.5542   	13.000000	0.0238693 	
14.000000	40.5384   	14.000000	42.24     	14.000000	42.3061   	14.000000	43.8186   	14.000000	44.6018   	14.000000	42.2177   	14.000000	0.0223557 	
15.000000	38.8903   	15.000000	40.9771   	15.000000	40.584    	15.000000	42.3329   	15.000000	43.1807   	15.000000	40.956    	15.000000	0.0210316 	
16.000000	37.3869   	16.000000	39.7853   	16.000000	39.0163   	16.000000	40.9641   	16.000000	41.8479   	16.000000	39.7655   	16.000000	0.019863  	
17.000000	36.0095   	17.000000	38.6606   	17.000000	37.5837   	17.000000	39.6994   	17.000000	40.598    	17.000000	38.6418   	17.000000	0.0188235 	
18.000000	34.7426   	18.000000	37.5985   	18.000000	36.2708   	18.000000	38.5283   	18.000000	39.4233   	18.000000	37.5806   	18.000000	0.0178925 	
19.000000	33.5731   	19.000000	36.5947   	19.000000	35.0649   	19.000000	37.4412   	19.000000	38.3208   	19.000000	36.5777   	19.000000	0.0170537 	
20.000000	32.4898   	20.000000	35.645    	20.000000	33.9551   	20.000000	36.43     	20.000000	37.2862   	20.000000	35.6287   	20.000000	0.0162937 	
21.000000	31.4833   	21.000000	34.7456   	21.000000	32.9309   	21.000000	35.4877   	21.000000	36.3108   	21.000000	34.73     	21.000000	0.0156018 	
22.000000	30.5456   	22.000000	33.8929   	22.000000	31.9831   	22.000000	34.6079   	22.000000	35.3948   	22.000000	33.8779   	22.000000	0.0149691 	
23.000000	29.6695   	23.000000	33.0835   	23.000000	31.1044   	23.000000	33.7852   	23.000000	34.5313   	23.000000	33.0691   	23.000000	0.0143881 	
24.000000	28.8491   	24.000000	32.3143   	24.000000	30.2889   	24.000000	33.0147   	24.000000	33.7182   	24.000000	32.3004   	24.000000	0.0138527 	
25.000000	28.0791   	25.000000	31.5825   	25.000000	29.5311   	25.000000	32.2922   	25.000000	32.9512   	25.000000	31.5692   	25.000000	0.0133577 	
27.000000	26.6722   	27.000000	30.2211   	27.000000	28.1683   	27.000000	30.9757   	27.000000	31.5444   	27.000000	30.2087   	27.000000	0.0124712 	
29.000000	25.418    	29.000000	28.9811   	29.000000	26.9813   	29.000000	29.8096   	29.000000	30.289    	29.000000	28.9694   	29.000000	0.0117002 	
31.000000	24.2924   	31.000000	27.8471   	31.000000	25.9762   	31.000000	28.6708   	31.000000	29.0166   	31.000000	27.836    	31.000000	0.0110232 	
33.000000	23.2759   	33.000000	26.8061   	33.000000	25.091    	33.000000	27.5393   	33.000000	27.7367   	33.000000	26.7957   	33.000000	0.0104236 	
35.000000	22.3531   	35.000000	25.8473   	35.000000	24.2694   	35.000000	26.5019   	35.000000	26.5849   	35.000000	25.8374   	35.000000	0.00988872	
38.000000	21.1173   	38.000000	24.5431   	38.000000	23.1456   	38.000000	25.0981   	38.000000	25.0561   	38.000000	24.5339   	38.000000	0.00918627	
41.000000	20.0303   	41.000000	23.377    	41.000000	22.1318   	41.000000	23.8496   	41.000000	23.723    	41.000000	23.3684   	41.000000	0.0085811 	
44.000000	19.066    	44.000000	22.3281   	44.000000	21.2142   	44.000000	22.7318   	44.000000	22.5485   	44.000000	22.32     	44.000000	0.00805405	
47.000000	18.2042   	47.000000	21.3796   	47.000000	20.3781   	47.000000	21.7251   	47.000000	21.5049   	47.000000	21.372    	47.000000	0.0075907 	
50.000000	17.4291   	50.000000	20.5177   	50.000000	19.6136   	50.000000	20.8137   	50.000000	20.5707   	50.000000	20.5105   	50.000000	0.00717999	
55.000000	16.2963   	55.000000	19.2437   	55.000000	18.4775   	55.000000	19.4721   	55.000000	19.2103   	55.000000	19.2371   	55.000000	0.00658991	
60.000000	15.3244   	60.000000	18.1379   	60.000000	17.4819   	60.000000	18.3132   	60.000000	18.0494   	60.000000	18.1318   	60.000000	0.00609318	
65.000000	14.4807   	65.000000	17.1689   	65.000000	16.6055   	65.000000	17.3018   	65.000000	17.0457   	65.000000	17.1632   	65.000000	0.00566899	
70.000000	13.7409   	70.000000	16.3128   	70.000000	15.827    	70.000000	16.4116   	70.000000	16.1677   	70.000000	16.3075   	70.000000	0.00530234	
75.000000	13.0863   	75.000000	15.551    	75.000000	15.1297   	75.000000	15.622    	75.000000	15.4108   	75.000000	15.546    	75.000000	0.0049821 	
80.000000	12.5029   	80.000000	14.8687   	80.000000	14.5037   	80.000000	14.9169   	80.000000	14.7358   	80.000000	14.864    	80.000000	0.00469989	
85.000000	11.9792   	85.000000	14.254    	85.000000	13.9357   	85.000000	14.2834   	85.000000	14.1295   	85.000000	14.2496   	85.000000	0.00444921	
90.000000	11.5064   	90.000000	13.6974   	90.000000	13.421    	90.000000	13.7113   	90.000000	13.5822   	90.000000	13.6932   	90.000000	0.00422499	
95.000000	11.0772   	95.000000	13.1911   	95.000000	12.9508   	95.000000	13.192    	95.000000	13.0862   	95.000000	13.1871   	95.000000	0.00402319	
100.000000	10.6856   	100.000000	12.7285   	100.000000	12.5197   	100.000000	12.7185   	100.000000	12.634    	100.000000	12.7246   	100.000000	0.00384058	
105.000000	10.3269   	105.000000	12.3042   	105.000000	12.1242   	105.000000	12.2852   	105.000000	12.2197   	105.000000	12.3005   	105.000000	0.00367449	
110.000000	9.99696   	110.000000	11.9136   	110.000000	11.7591   	110.000000	11.887    	110.000000	11.8399   	110.000000	11.9101   	110.000000	0.00352276	
115.000000	9.69234   	115.000000	11.5529   	115.000000	11.4208   	115.000000	11.52     	115.000000	11.4887   	115.000000	11.5496   	115.000000	0.00338357	
120.000000	9.41018   	120.000000	11.2189   	120.000000	11.1064   	120.000000	11.1806   	120.000000	11.1646   	120.000000	11.2156   	120.000000	0.00325541	
125.000000	9.14803   	125.000000	10.9086   	125.000000	10.8138   	125.000000	10.8658   	125.000000	10.8634   	125.000000	10.9054   	125.000000	0.003137  	
130.000000	8.90377   	130.000000	10.6196   	130.000000	10.5414   	130.000000	10.5731   	130.000000	10.5837   	130.000000	10.6166   	130.000000	0.00302725	
135.000000	8.67558   	135.000000	10.3498   	135.000000	10.2874   	135.000000	10.3002   	135.000000	10.3223   	135.000000	10.3469   	135.000000	0.00292524	
140.000000	8.46188   	140.000000	10.0974   	140.000000	10.0483   	140.000000	10.0452   	140.000000	10.0788   	140.000000	10.0946   	140.000000	0.00283016	
145.000000	8.26131   	145.000000	9.86078   	145.000000	9.82362   	145.000000	9.80647   	145.000000	9.84963   	145.000000	9.85804   	145.000000	0.00274131	
150.000000	8.07266   	150.000000	9.63846   	150.000000	9.61345   	150.000000	9.58243   	150.000000	9.63512   	150.000000	9.6358    	150.000000	0.00265811	
155.000000	7.80269   	155.000000	9.42921   	155.000000	9.41442   	155.000000	9.37181   	155.000000	9.43293   	155.000000	9.42663   	155.000000	0.00258001	
160.000000	7.64664   	160.000000	9.23191   	160.000000	9.22646   	160.000000	9.17344   	160.000000	9.24243   	160.000000	9.22941   	160.000000	0.00250656	
165.000000	7.49917   	165.000000	9.04559   	165.000000	9.04973   	165.000000	8.98629   	165.000000	9.06292   	165.000000	9.04315   	165.000000	0.00243734	
170.000000	7.35958   	170.000000	8.86935   	170.000000	8.88172   	170.000000	8.80946   	170.000000	8.89253   	170.000000	8.86698   	170.000000	0.002372  	
175.000000	7.22725   	175.000000	8.70241   	175.000000	8.72197   	175.000000	8.64211   	175.000000	8.73156   	175.000000	8.7001    	175.000000	0.00231022	
180.000000	7.10162   	180.000000	8.54405   	180.000000	8.57106   	180.000000	8.48351   	180.000000	8.57891   	180.000000	8.5418    	180.000000	0.00225171	
185.000000	6.98219   	185.000000	8.39363   	185.000000	8.42783   	185.000000	8.33301   	185.000000	8.4336    	185.000000	8.39144   	185.000000	0.0021962 	
190.000000	6.8685    	190.000000	8.25058   	190.000000	8.29115   	190.000000	8.19      	190.000000	8.29574   	190.000000	8.24844   	190.000000	0.00214348	
195.000000	6.76014   	195.000000	8.11437   	195.000000	8.16066   	195.000000	8.05395   	195.000000	8.16459   	195.000000	8.11228   	195.000000	0.00209334	
200.000000	6.65675   	200.000000	7.98453   	200.000000	8.0361    	200.000000	7.92437   	200.000000	8.03926   	200.000000	7.98249   	200.000000	0.00204558	
210.000000	6.46354   	210.000000	7.74227   	210.000000	7.80377   	210.000000	7.68287   	210.000000	7.80605   	210.000000	7.74031   	210.000000	0.00195657	
220.000000	6.28652   	220.000000	7.52076   	220.000000	7.59143   	220.000000	7.46241   	220.000000	7.59225   	220.000000	7.51888   	220.000000	0.00187528	
230.000000	6.12372   	230.000000	7.31749   	230.000000	7.39672   	230.000000	7.26038   	230.000000	7.39642   	230.000000	7.31568   	230.000000	0.00180073	
240.000000	5.97349   	240.000000	7.13031   	240.000000	7.21689   	240.000000	7.07462   	240.000000	7.21582   	240.000000	7.12858   	240.000000	0.00173211	
250.000000	5.83441   	250.000000	6.95742   	250.000000	7.05071   	250.000000	6.90326   	250.000000	7.04918   	250.000000	6.95575   	250.000000	0.00166873	
260.000000	5.7053    	260.000000	6.79725   	260.000000	6.89658   	260.000000	6.74473   	260.000000	6.89461   	260.000000	6.79564   	260.000000	0.00161   	
270.000000	5.58511   	270.000000	6.64849   	270.000000	6.75306   	270.000000	6.59766   	270.000000	6.75124   	270.000000	6.64694   	270.000000	0.00155543	
280.000000	5.47295   	280.000000	6.50998   	280.000000	6.61958   	280.000000	6.46089   	280.000000	6.61744   	280.000000	6.50847   	280.000000	0.00150457	
290.000000	5.36805   	290.000000	6.3807    	290.000000	6.49504   	290.000000	6.3334    	290.000000	6.49298   	290.000000	6.37924   	290.000000	0.00145706	
300.000000	5.26973   	300.000000	6.25979   	300.000000	6.37868   	300.000000	6.2143    	300.000000	6.37616   	300.000000	6.25838   	300.000000	0.00141258	
310.000000	5.17739   	310.000000	6.14647   	310.000000	6.26955   	310.000000	6.10281   	310.000000	6.26697   	310.000000	6.1451    	310.000000	0.00137084	
320.000000	5.09051   	320.000000	6.04008   	320.000000	6.16678   	320.000000	5.99824   	320.000000	6.16435   	320.000000	6.03875   	320.000000	0.00133159	
330.000000	5.00862   	330.000000	5.94      	330.000000	6.07015   	330.000000	5.89999   	330.000000	6.06778   	330.000000	5.93871   	330.000000	0.00129461	
340.000000	4.93131   	340.000000	5.84572   	340.000000	5.97919   	340.000000	5.80752   	340.000000	5.97702   	340.000000	5.84446   	340.000000	0.0012597 	
350.000000	4.85821   	350.000000	5.75675   	350.000000	5.8934    	350.000000	5.72036   	350.000000	5.89109   	350.000000	5.75552   	350.000000	0.00122671	
360.000000	4.78899   	360.000000	5.67267   	360.000000	5.81241   	360.000000	5.63807   	360.000000	5.81001   	360.000000	5.67147   	360.000000	0.00119546	
370.000000	4.72337   	370.000000	5.5931    	370.000000	5.73578   	370.000000	5.56028   	370.000000	5.73345   	370.000000	5.59193   	370.000000	0.00116583	
380.000000	4.66107   	380.000000	5.5177    	380.000000	5.66299   	380.000000	5.48664   	380.000000	5.66062   	380.000000	5.51656   	380.000000	0.00113768	
390.000000	4.60185   	390.000000	5.44617   	390.000000	5.59383   	390.000000	5.41684   	390.000000	5.59167   	390.000000	5.44506   	390.000000	0.00111092	
400.000000	4.5455    	400.000000	5.37822   	400.000000	5.5282    	400.000000	5.3506    	400.000000	5.52631   	400.000000	5.37713   	400.000000	0.00108544	
410.000000	4.49182   	410.000000	5.3136    	410.000000	5.46585   	410.000000	5.28767   	410.000000	5.46394   	410.000000	5.31254   	410.000000	0.00106114	
420.000000	4.44063   	420.000000	5.2521    	420.000000	5.40653   	420.000000	5.22782   	420.000000	5.40465   	420.000000	5.25106   	420.000000	0.00103795	
430.000000	4.39177   	430.000000	5.19348   	430.000000	5.35002   	430.000000	5.17084   	430.000000	5.34827   	430.000000	5.19247   	430.000000	0.00101579	
440.000000	4.34509   	440.000000	5.13758   	440.000000	5.29614   	440.000000	5.11655   	440.000000	5.29442   	440.000000	5.13658   	440.000000	0.000994591	
450.000000	4.30045   	450.000000	5.0842    	450.000000	5.24475   	450.000000	5.06475   	450.000000	5.24296   	450.000000	5.08323   	450.000000	0.000974294	
460.000000	4.25772   	460.000000	5.03321   	460.000000	5.19571   	460.000000	5.0153    	460.000000	5.19388   	460.000000	5.03225   	460.000000	0.000954841	
470.000000	4.2168    	470.000000	4.98443   	470.000000	5.14882   	470.000000	4.96806   	470.000000	5.14705   	470.000000	4.9835    	470.000000	0.00093618	
480.000000	4.17758   	480.000000	4.93776   	480.000000	5.10383   	480.000000	4.92287   	480.000000	5.10207   	480.000000	4.93684   	480.000000	0.000918261	
490.000000	4.13996   	490.000000	4.89305   	490.000000	5.06065   	490.000000	4.87963   	490.000000	5.05903   	490.000000	4.89215   	490.000000	0.000901043	
500.000000	4.10385   	500.000000	4.8502    	500.000000	5.0193    	500.000000	4.83821   	500.000000	5.01784   	500.000000	4.84931   	500.000000	0.000884483	
520.000000	4.03582   	520.000000	4.76965   	520.000000	4.94199   	520.000000	4.76045   	520.000000	4.94041   	520.000000	4.76879   	520.000000	0.000853191	
540.000000	3.97291   	540.000000	4.69535   	540.000000	4.8706    	540.000000	4.68882   	540.000000	4.86898   	540.000000	4.69453   	540.000000	0.000824118	
560.000000	3.91459   	560.000000	4.62667   	560.000000	4.80444   	560.000000	4.62269   	560.000000	4.80303   	560.000000	4.62587   	560.000000	0.000797033	
580.000000	3.86043   	580.000000	4.56302   	580.000000	4.74327   	580.000000	4.56149   	580.000000	4.74183   	580.000000	4.56225   	580.000000	0.000771736	
600.000000	3.81003   	600.000000	4.50394   	600.000000	4.68628   	600.000000	4.50473   	600.000000	4.68518   	600.000000	4.50319   	600.000000	0.000748054	
620.000000	3.76304   	620.000000	4.44898   	620.000000	4.63321   	620.000000	4.45199   	620.000000	4.63231   	620.000000	4.44825   	620.000000	0.000725835	
640.000000	3.71918   	640.000000	4.39777   	640.000000	4.58399   	640.000000	4.40289   	640.000000	4.58317   	640.000000	4.39707   	640.000000	0.000704946	
660.000000	3.67816   	660.000000	4.34998   	660.000000	4.5382    	660.000000	4.35711   	660.000000	4.5373    	660.000000	4.3493    	660.000000	0.00068527	
680.000000	3.63975   	680.000000	4.30533   	680.000000	4.49539   	680.000000	4.31435   	680.000000	4.49437   	680.000000	4.30466   	680.000000	0.000666702	
700.000000	3.60375   	700.000000	4.26354   	700.000000	4.45523   	700.000000	4.27435   	700.000000	4.45428   	700.000000	4.26289   	700.000000	0.00064915	
720.000000	3.56997   	720.000000	4.22438   	720.000000	4.41748   	720.000000	4.23688   	720.000000	4.41662   	720.000000	4.22375   	720.000000	0.000632533	
740.000000	3.53822   	740.000000	4.18765   	740.000000	4.38203   	740.000000	4.20175   	740.000000	4.38128   	740.000000	4.18703   	740.000000	0.000616776	
760.000000	3.50838   	760.000000	4.15316   	760.000000	4.34875   	760.000000	4.16875   	760.000000	4.34815   	760.000000	4.15256   	760.000000	0.000601814	
780.000000	3.48029   	780.000000	4.12075   	780.000000	4.31746   	780.000000	4.13773   	780.000000	4.3169    	780.000000	4.12016   	780.000000	0.000587586	
800.000000	3.45384   	800.000000	4.09025   	800.000000	4.28801   	800.000000	4.10854   	800.000000	4.28748   	800.000000	4.08968   	800.000000	0.000574041	
820.000000	3.4289    	820.000000	4.06154   	820.000000	4.26025   	820.000000	4.08104   	820.000000	4.2598    	820.000000	4.06098   	820.000000	0.000561128	
840.000000	3.40539   	840.000000	4.03449   	840.000000	4.23407   	840.000000	4.05511   	840.000000	4.23367   	840.000000	4.03394   	840.000000	0.000548805	
860.000000	3.3832    	860.000000	4.00899   	860.000000	4.20935   	860.000000	4.03064   	860.000000	4.20894   	860.000000	4.00845   	860.000000	0.000537031	
880.000000	3.36225   	880.000000	3.98493   	880.000000	4.186     	880.000000	4.00752   	880.000000	4.18561   	880.000000	3.9844    	880.000000	0.000525771	
900.000000	3.34247   	900.000000	3.96221   	900.000000	4.16391   	900.000000	3.98567   	900.000000	4.16361   	900.000000	3.9617    	900.000000	0.00051499	
920.000000	3.32378   	920.000000	3.94077   	920.000000	4.14301   	920.000000	3.965     	920.000000	4.14267   	920.000000	3.94026   	920.000000	0.000504658	
940.000000	3.30612   	940.000000	3.92051   	940.000000	4.12322   	940.000000	3.94543   	940.000000	4.12286   	940.000000	3.92001   	940.000000	0.000494748	
960.000000	3.28942   	960.000000	3.90136   	960.000000	4.10448   	960.000000	3.92689   	960.000000	4.10413   	960.000000	3.90087   	960.000000	0.000485233	
980.000000	3.27364   	980.000000	3.88326   	980.000000	4.08673   	980.000000	3.90932   	980.000000	4.08639   	980.000000	3.88278   	980.000000	0.000476091	
1000.000000	3.25872   	1000.000000	3.86614   	1000.000000	4.06988   	1000.000000	3.89265   	1000.000000	4.06946   	1000.000000	3.86567   	1000.000000	0.0004673 	
1020.000000	3.24461   	1020.000000	3.84995   	1020.000000	4.05386   	1020.000000	3.87684   	1020.000000	4.05342   	1020.000000	3.84949   	1020.000000	0.000458839	
1040.000000	3.23126   	1040.000000	3.83464   	1040.000000	4.03859   	1040.000000	3.86183   	1040.000000	4.03822   	1040.000000	3.83419   	1040.000000	0.00045069	
1060.000000	3.21865   	1060.000000	3.82015   	1060.000000	4.02405   	1060.000000	3.84757   	1060.000000	4.0238    	1060.000000	3.81971   	1060.000000	0.000442836	
1080.000000	3.20673   	1080.000000	3.80645   	1080.000000	4.01022   	1080.000000	3.83402   	1080.000000	4.01      	1080.000000	3.80601   	1080.000000	0.000435261	
1100.000000	3.19547   	1100.000000	3.79348   	1100.000000	3.99709   	1100.000000	3.82114   	1100.000000	3.99691   	1100.000000	3.79305   	1100.000000	0.00042795	
1120.000000	3.18482   	1120.000000	3.78122   	1120.000000	3.98463   	1120.000000	3.8089    	1120.000000	3.98447   	1120.000000	3.7808    	1120.000000	0.00042089	
1140.000000	3.17477   	1140.000000	3.76962   	1140.000000	3.97281   	1140.000000	3.79725   	1140.000000	3.97266   	1140.000000	3.76921   	1140.000000	0.000414067	
1160.000000	3.16528   	1160.000000	3.75866   	1160.000000	3.96158   	1160.000000	3.78616   	1160.000000	3.96138   	1160.000000	3.75825   	1160.000000	0.00040747	
1180.000000	3.15633   	1180.000000	3.74829   	1180.000000	3.95089   	1180.000000	3.77561   	1180.000000	3.95062   	1180.000000	3.74789   	1180.000000	0.000401087	
1200.000000	3.1479    	1200.000000	3.7385    	1200.000000	3.94069   	1200.000000	3.76556   	1200.000000	3.94039   	1200.000000	3.7381    	1200.000000	0.000394909	
1220.000000	3.13994   	1220.000000	3.72925   	1220.000000	3.93095   	1220.000000	3.75599   	1220.000000	3.93066   	1220.000000	3.72886   	1220.000000	0.000388925	
1240.000000	3.13246   	1240.000000	3.72051   	1240.000000	3.92165   	1240.000000	3.74688   	1240.000000	3.9214    	1240.000000	3.72013   	1240.000000	0.000383126	
1260.000000	3.12542   	1260.000000	3.71227   	1260.000000	3.91276   	1260.000000	3.7382    	1260.000000	3.91254   	1260.000000	3.7119    	1260.000000	0.000377504	
1280.000000	3.11881   	1280.000000	3.7045    	1280.000000	3.90428   	1280.000000	3.72993   	1280.000000	3.90408   	1280.000000	3.70413   	1280.000000	0.00037205	
1300.000000	3.11261   	1300.000000	3.69718   	1300.000000	3.8962    	1300.000000	3.72205   	1300.000000	3.89603   	1300.000000	3.69682   	1300.000000	0.000366757	
1320.000000	3.1068    	1320.000000	3.69029   	1320.000000	3.88849   	1320.000000	3.71454   	1320.000000	3.88837   	1320.000000	3.68993   	1320.000000	0.000361618	
1340.000000	3.10136   	1340.000000	3.68381   	1340.000000	3.88115   	1340.000000	3.70738   	1340.000000	3.88108   	1340.000000	3.68345   	1340.000000	0.000356627	
1360.000000	3.09628   	1360.000000	3.67772   	1360.000000	3.87415   	1360.000000	3.70056   	1360.000000	3.87411   	1360.000000	3.67737   	1360.000000	0.000351776	
1380.000000	3.09155   	1380.000000	3.67201   	1380.000000	3.86748   	1380.000000	3.69405   	1380.000000	3.86744   	1380.000000	3.67166   	1380.000000	0.00034706	
1400.000000	3.08715   	1400.000000	3.66665   	1400.000000	3.86112   	1400.000000	3.68785   	1400.000000	3.86108   	1400.000000	3.66631   	1400.000000	0.000342474	
1420.000000	3.08306   	1420.000000	3.66164   	1420.000000	3.85505   	1420.000000	3.68195   	1420.000000	3.85504   	1420.000000	3.6613    	1420.000000	0.000338011	
1440.000000	3.07928   	1440.000000	3.65696   	1440.000000	3.84928   	1440.000000	3.67632   	1440.000000	3.84928   	1440.000000	3.65663   	1440.000000	0.000333668	
1460.000000	3.0758    	1460.000000	3.6526    	1460.000000	3.84377   	1460.000000	3.67095   	1460.000000	3.8438    	1460.000000	3.65227   	1460.000000	0.000329439	
1480.000000	3.0726    	1480.000000	3.64854   	1480.000000	3.83852   	1480.000000	3.66584   	1480.000000	3.83855   	1480.000000	3.64822   	1480.000000	0.000325319	
1500.000000	3.06968   	1500.000000	3.64478   	1500.000000	3.83352   	1500.000000	3.66097   	1500.000000	3.83353   	1500.000000	3.64446   	1500.000000	0.000321305	
1520.000000	3.06701   	1520.000000	3.6413    	1520.000000	3.82875   	1520.000000	3.65633   	1520.000000	3.82876   	1520.000000	3.64098   	1520.000000	0.000317392	
1540.000000	3.0646    	1540.000000	3.63808   	1540.000000	3.8242    	1540.000000	3.65192   	1540.000000	3.82422   	1540.000000	3.63777   	1540.000000	0.000313577	
1560.000000	3.06244   	1560.000000	3.63513   	1560.000000	3.81987   	1560.000000	3.64771   	1560.000000	3.8199    	1560.000000	3.63482   	1560.000000	0.000309856	
1580.000000	3.06051   	1580.000000	3.63243   	1580.000000	3.81574   	1580.000000	3.64371   	1580.000000	3.8158    	1580.000000	3.63212   	1580.000000	0.000306225	
1600.000000	3.05881   	1600.000000	3.62997   	1600.000000	3.81181   	1600.000000	3.6399    	1600.000000	3.81187   	1600.000000	3.62966   	1600.000000	0.000302682	
1620.000000	3.05733   	1620.000000	3.62774   	1620.000000	3.80807   	1620.000000	3.63628   	1620.000000	3.80812   	1620.000000	3.62744   	1620.000000	0.000299222	
1640.000000	3.05606   	1640.000000	3.62573   	1640.000000	3.80451   	1640.000000	3.63284   	1640.000000	3.80456   	1640.000000	3.62543   	1640.000000	0.000295844	
1660.000000	3.055     	1660.000000	3.62394   	1660.000000	3.80112   	1660.000000	3.62957   	1660.000000	3.80117   	1660.000000	3.62365   	1660.000000	0.000292543	
1680.000000	3.05414   	1680.000000	3.62236   	1680.000000	3.79789   	1680.000000	3.62646   	1680.000000	3.79796   	1680.000000	3.62207   	1680.000000	0.000289318	
1700.000000	3.05347   	1700.000000	3.62098   	1700.000000	3.79483   	1700.000000	3.62351   	1700.000000	3.79492   	1700.000000	3.62069   	1700.000000	0.000286166	
1750.000000	3.05261   	1750.000000	3.61836   	1750.000000	3.78783   	1750.000000	3.61679   	1750.000000	3.78793   	1750.000000	3.61808   	1750.000000	0.000278589	
1800.000000	3.05282   	1800.000000	3.61685   	1800.000000	3.7817    	1800.000000	3.61092   	1800.000000	3.78181   	1800.000000	3.61658   	1800.000000	0.000271416	
1850.000000	3.05403   	1850.000000	3.61637   	1850.000000	3.77637   	1850.000000	3.60583   	1850.000000	3.7765    	1850.000000	3.6161    	1850.000000	0.000264616	
1900.000000	3.05618   	1900.000000	3.61683   	1900.000000	3.77176   	1900.000000	3.60145   	1900.000000	3.77188   	1900.000000	3.61657   	1900.000000	0.00025816	
1950.000000	3.05919   	1950.000000	3.61816   	1950.000000	3.7678    	1950.000000	3.5977    	1950.000000	3.76791   	1950.000000	3.61791   	1950.000000	0.000252022	
2000.000000	3.063     	2000.000000	3.62029   	2000.000000	3.76445   	2000.000000	3.59454   	2000.000000	3.76456   	2000.000000	3.62005   	2000.000000	0.000246179	
2100.000000	3.07284   	2100.000000	3.62675   	2100.000000	3.75932   	2100.000000	3.58977   	2100.000000	3.75939   	2100.000000	3.62652   	2100.000000	0.000235296	
2200.000000	3.08534   	2200.000000	3.6358    	2200.000000	3.75602   	2200.000000	3.58678   	2200.000000	3.75607   	2200.000000	3.63557   	2200.000000	0.000225365	
2300.000000	3.10019   	2300.000000	3.64709   	2300.000000	3.75424   	2300.000000	3.58529   	2300.000000	3.75423   	2300.000000	3.64688   	2300.000000	0.000216265	
2400.000000	3.11713   	2400.000000	3.66035   	2400.000000	3.75372   	2400.000000	3.58507   	2400.000000	3.75372   	2400.000000	3.66014   	2400.000000	0.000207895	
2500.000000	3.13595   	2500.000000	3.67534   	2500.000000	3.75428   	2500.000000	3.58591   	2500.000000	3.75427   	2500.000000	3.67514   	2500.000000	0.00020017	
2600.000000	3.15646   	2600.000000	3.69186   	2600.000000	3.75576   	2600.000000	3.58767   	2600.000000	3.75577   	2600.000000	3.69166   	2600.000000	0.000193016	
2700.000000	3.1785    	2700.000000	3.70973   	2700.000000	3.75802   	2700.000000	3.59019   	2700.000000	3.75804   	2700.000000	3.70954   	2700.000000	0.000186373	
2800.000000	3.20194   	2800.000000	3.72881   	2800.000000	3.76094   	2800.000000	3.59338   	2800.000000	3.76101   	2800.000000	3.72863   	2800.000000	0.000180186	
2900.000000	3.22665   	2900.000000	3.74897   	2900.000000	3.76444   	2900.000000	3.59712   	2900.000000	3.76452   	2900.000000	3.7488    	2900.000000	0.00017441	
3000.000000	3.25254   	3000.000000	3.7701    	3000.000000	3.76843   	3000.000000	3.60135   	3000.000000	3.76855   	3000.000000	3.76993   	3000.000000	0.000169005	
3200.000000	3.3075    	3200.000000	3.81491   	3200.000000	3.77762   	3200.000000	3.61097   	3200.000000	3.77778   	3200.000000	3.81475   	3200.000000	0.000159172	
3400.000000	3.3662    	3400.000000	3.86259   	3400.000000	3.78807   	3400.000000	3.62179   	3400.000000	3.78826   	3400.000000	3.86244   	3400.000000	0.000150453	
3600.000000	3.42817   	3600.000000	3.91265   	3600.000000	3.79943   	3600.000000	3.63348   	3600.000000	3.79965   	3600.000000	3.91251   	3600.000000	0.000142669	
3800.000000	3.49304   	3800.000000	3.96471   	3800.000000	3.81146   	3800.000000	3.64579   	3800.000000	3.81166   	3800.000000	3.96457   	3800.000000	0.000135674	
4000.000000	3.5605    	4000.000000	4.01843   	4000.000000	3.82395   	4000.000000	3.65854   	4000.000000	3.82413   	4000.000000	4.0183    	4000.000000	0.000129354	
4200.000000	3.6303    	4200.000000	4.07358   	4200.000000	3.83675   	4200.000000	3.67157   	4200.000000	3.83692   	4200.000000	4.07346   	4200.000000	0.000123614	
4400.000000	3.70224   	4400.000000	4.12995   	4400.000000	3.84973   	4400.000000	3.68478   	4400.000000	3.84987   	4400.000000	4.12983   	4400.000000	0.000118378	
4600.000000	3.77616   	4600.000000	4.18736   	4600.000000	3.8628    	4600.000000	3.69807   	4600.000000	3.86295   	4600.000000	4.18724   	4600.000000	0.00011358	
4800.000000	3.8519    	4800.000000	4.24567   	4800.000000	3.8759    	4800.000000	3.7114    	4800.000000	3.87604   	4800.000000	4.24556   	4800.000000	0.000109168	
5000.000000	3.92935   	5000.000000	4.30477   	5000.000000	3.88898   	5000.000000	3.7247    	5000.000000	3.88913   	5000.000000	4.30466   	5000.000000	0.000105097	
5250.000000	4.02841   	5250.000000	4.37959   	5250.000000	3.90523   	5250.000000	3.74122   	5250.000000	3.9054    	5250.000000	4.37949   	5250.000000	0.000100428	
5500.000000	4.12981   	5500.000000	4.45531   	5500.000000	3.92133   	5500.000000	3.75759   	5500.000000	3.92151   	5500.000000	4.45522   	5500.000000	9.61688e-05	
6000.000000	4.33909   	6000.000000	4.60896   	6000.000000	3.95295   	6000.000000	3.7897    	6000.000000	3.95312   	6000.000000	4.60888   	6000.000000	8.8679e-05	
6500.000000	4.55632   	6500.000000	4.76489   	6500.000000	3.98365   	6500.000000	3.82081   	6500.000000	3.98375   	6500.000000	4.76481   	6500.000000	8.23027e-05	
7000.000000	4.78087   	7000.000000	4.92251   	7000.000000	4.01308   	7000.000000	3.85084   	7000.000000	4.0133    	7000.000000	4.92243   	7000.000000	7.68067e-05	
7500.000000	5.01227   	7500.000000	5.08139   	7500.000000	4.04152   	7500.000000	3.87976   	7500.000000	4.04175   	7500.000000	5.08132   	7500.000000	7.20188e-05	
8000.000000	5.25017   	8000.000000	5.24123   	8000.000000	4.06881   	8000.000000	3.9076    	8000.000000	4.0691    	8000.000000	5.24117   	8000.000000	6.78093e-05	
8500.000000	5.4943    	8500.000000	5.40179   	8500.000000	4.0951    	8500.000000	3.93437   	8500.000000	4.09538   	8500.000000	5.40173   	8500.000000	6.40784e-05	
9000.000000	5.74445   	9000.000000	5.5629    	9000.000000	4.12048   	9000.000000	3.96014   	9000.000000	4.12064   	9000.000000	5.56284   	9000.000000	6.0748e-05	
9500.000000	6.00046   	9500.000000	5.7244    	9500.000000	4.14482   	9500.000000	3.98494   	9500.000000	4.14493   	9500.000000	5.72434   	9500.000000	5.77565e-05	
10000.000000	6.26219   	10000.000000	5.8862    	10000.000000	4.16813   	10000.000000	4.00884   	10000.000000	4.16829   	10000.000000	5.88615   	10000.000000	5.50541e-05	
11000.000000	6.80241   	11000.000000	6.21037   	11000.000000	4.21214   	11000.000000	4.0541    	11000.000000	4.21246   	11000.000000	6.21032   	11000.000000	5.03624e-05	
12000.000000	7.36449   	12000.000000	6.53491   	12000.000000	4.25322   	12000.000000	4.0963    	12000.000000	4.25351   	12000.000000	6.53486   	12000.000000	4.64277e-05	
13000.000000	7.94801   	13000.000000	6.85949   	13000.000000	4.29155   	13000.000000	4.13579   	13000.000000	4.29179   	13000.000000	6.85945   	13000.000000	4.30789e-05	
14000.000000	8.55267   	14000.000000	7.18391   	14000.000000	4.32738   	14000.000000	4.17287   	14000.000000	4.32759   	14000.000000	7.18387   	14000.000000	4.01932e-05	
15000.000000	9.1783    	15000.000000	7.50803   	15000.000000	4.36098   	15000.000000	4.20779   	15000.000000	4.36118   	15000.000000	7.50799   	15000.000000	3.768e-05 	
16000.000000	9.82477   	16000.000000	7.83176   	16000.000000	4.39253   	16000.000000	4.24078   	16000.000000	4.39278   	16000.000000	7.83172   	16000.000000	3.54708e-05	
17000.000000	10.492    	17000.000000	8.15503   	17000.000000	4.42227   	17000.000000	4.27202   	17000.000000	4.42258   	17000.000000	8.155     	17000.000000	3.35132e-05	
18000.000000	11.18     	18000.000000	8.47781   	18000.000000	4.45039   	18000.000000	4.3017    	18000.000000	4.45076   	18000.000000	8.47778   	18000.000000	3.17661e-05	
19000.000000	11.8887   	19000.000000	8.80007   	19000.000000	4.47709   	19000.000000	4.32994   	19000.000000	4.47744   	19000.000000	8.80004   	19000.000000	3.01971e-05	
20000.000000	12.6181   	20000.000000	9.1218    	20000.000000	4.50253   	20000.000000	4.35688   	20000.000000	4.50278   	20000.000000	9.12177   	20000.000000	2.878e-05 	
21000.000000	13.3683   	21000.000000	9.44298   	21000.000000	4.52674   	21000.000000	4.38264   	21000.000000	4.52688   	21000.000000	9.44296   	21000.000000	2.74935e-05	
22000.000000	14.1394   	22000.000000	9.76363   	22000.000000	4.54968   	22000.000000	4.4073    	22000.000000	4.54982   	22000.000000	9.7636    	22000.000000	2.63202e-05	
23000.000000	14.9313   	23000.000000	10.0837   	23000.000000	4.57162   	23000.000000	4.43095   	23000.000000	4.57174   	23000.000000	10.0837   	23000.000000	2.52457e-05	
24000.000000	15.7441   	24000.000000	10.4033   	24000.000000	4.59254   	24000.000000	4.45368   	24000.000000	4.59264   	24000.000000	10.4033   	24000.000000	2.42579e-05	
25000.000000	16.5779   	25000.000000	10.7224   	25000.000000	4.61243   	25000.000000	4.47555   	25000.000000	4.61268   	25000.000000	10.7223   	25000.000000	2.33467e-05	
26000.000000	17.4328   	26000.000000	11.0409   	26000.000000	4.63154   	26000.000000	4.49662   	26000.000000	4.63184   	26000.000000	11.0409   	26000.000000	2.25032e-05	
27000.000000	18.3089   	27000.000000	11.3589   	27000.000000	4.65002   	27000.000000	4.51695   	27000.000000	4.65025   	27000.000000	11.3589   	27000.000000	2.17203e-05	
28000.000000	19.2062   	28000.000000	11.6765   	28000.000000	4.66779   	28000.000000	4.53658   	28000.000000	4.66789   	28000.000000	11.6764   	28000.000000	2.09916e-05	
29000.000000	20.1248   	29000.000000	11.9935   	29000.000000	4.68479   	29000.000000	4.55557   	29000.000000	4.68488   	29000.000000	11.9935   	29000.000000	2.03115e-05	
30000.000000	21.0649   	30000.000000	12.3101   	30000.000000	4.70108   	30000.000000	4.57395   	30000.000000	4.70119   	30000.000000	12.31     	30000.000000	1.96753e-05	
32000.000000	23.0097   	32000.000000	12.9418   	32000.000000	4.73189   	32000.000000	4.60903   	32000.000000	4.73208   	32000.000000	12.9418   	32000.000000	1.85185e-05	
34000.000000	25.0415   	34000.000000	13.5718   	34000.000000	4.76067   	34000.000000	4.64209   	34000.000000	4.76079   	34000.000000	13.5717   	34000.000000	1.74936e-05	
36000.000000	27.1611   	36000.000000	14.2      	36000.000000	4.78748   	36000.000000	4.67335   	36000.000000	4.78757   	36000.000000	14.2      	36000.000000	1.65791e-05	
38000.000000	29.3694   	38000.000000	14.8266   	38000.000000	4.81244   	38000.000000	4.70299   	38000.000000	4.81264   	38000.000000	14.8266   	38000.000000	1.5758e-05	
40000.000000	31.6672   	40000.000000	15.4517   	40000.000000	4.8358    	40000.000000	4.73117   	40000.000000	4.83614   	40000.000000	15.4517   	40000.000000	1.50164e-05	
42000.000000	34.0555   	42000.000000	16.0753   	42000.000000	4.85779   	42000.000000	4.75802   	42000.000000	4.85822   	42000.000000	16.0753   	42000.000000	1.43434e-05	
44000.000000	36.5352   	44000.000000	16.6974   	44000.000000	4.87862   	44000.000000	4.78367   	44000.000000	4.87904   	44000.000000	16.6974   	44000.000000	1.37296e-05	
46000.000000	39.1074   	46000.000000	17.3182   	46000.000000	4.89846   	46000.000000	4.80822   	46000.000000	4.89863   	46000.000000	17.3182   	46000.000000	1.31676e-05	
48000.000000	41.7728   	48000.000000	17.9377   	48000.000000	4.91735   	48000.000000	4.83175   	48000.000000	4.9172    	48000.000000	17.9377   	48000.000000	1.2651e-05	
50000.000000	44.5326   	50000.000000	18.5559   	50000.000000	4.9352    	50000.000000	4.85435   	50000.000000	4.93474   	50000.000000	18.5559   	50000.000000	1.21745e-05	
