! 105Ru energy loss (dE/dX) in He
! apply ZOOM for details
Energy (MeV/u)1	0 - [He-base] F.Hubert et al, AD&ND Tables 46(1990)1	Energy (MeV/u)2	1 - [H -base] J.F.Ziegler et al,Pergamon Press,NY(low energy)	Energy (MeV/u)3	2 - ATIMA 1.2 LS-theory (recommended for high energy)	Energy (MeV/u)4	3 - ATIMA 1.2 without LS-correction	Energy (MeV/u)5	4 - ATIMA 1.4 H.Weick, improved mean charge formula for HI	Energy (MeV/u)6	5 - electrical component of [1] - J.F.Ziegler et al	Energy (MeV/u)7	6 - nuclear component of [1] - J.F.Ziegler et al	
0.001000	11.6829   	0.001000	14.189    	0.001000	12.0389   	0.001000	12.0389   	0.001000	12.0395   	0.001000	3.55774   	0.001000	10.6313   	
0.002000	12.0347   	0.002000	14.5437   	0.002000	11.9205   	0.002000	11.9205   	0.002000	11.921    	0.002000	4.61382   	0.002000	9.92987   	
0.005000	12.0146   	0.005000	14.3483   	0.005000	10.9899   	0.005000	10.9899   	0.005000	10.9903   	0.005000	6.50561   	0.005000	7.84266   	
0.008000	12.0582   	0.008000	14.2784   	0.008000	10.4999   	0.008000	10.4999   	0.008000	10.5001   	0.008000	7.75949   	0.008000	6.51891   	
0.010000	12.1516   	0.010000	14.3257   	0.010000	10.3398   	0.010000	10.3398   	0.010000	10.34     	0.010000	8.43673   	0.010000	5.88895   	
0.015000	12.5016   	0.015000	14.6182   	0.015000	10.247    	0.015000	10.247    	0.015000	10.2472   	0.015000	9.82219   	0.015000	4.79599   	
0.020000	12.9236   	0.020000	15.027    	0.020000	10.3802   	0.020000	10.3802   	0.020000	10.3803   	0.020000	10.9411   	0.020000	4.08586   	
0.025000	13.3655   	0.025000	15.4775   	0.025000	10.6187   	0.025000	10.6187   	0.025000	10.6188   	0.025000	11.896    	0.025000	3.58151   	
0.030000	13.8071   	0.030000	15.9396   	0.030000	10.9107   	0.030000	10.9107   	0.030000	10.9108   	0.030000	12.7378   	0.030000	3.20183   	
0.035000	14.2401   	0.035000	16.3999   	0.035000	11.2306   	0.035000	11.2306   	0.035000	11.2307   	0.035000	13.4958   	0.035000	2.90403   	
0.040000	14.6611   	0.040000	16.8521   	0.040000	11.5647   	0.040000	11.5647   	0.040000	11.5647   	0.040000	14.1888   	0.040000	2.66323   	
0.045000	15.069    	0.045000	17.2935   	0.045000	11.9053   	0.045000	11.9053   	0.045000	11.9053   	0.045000	14.8296   	0.045000	2.46387   	
0.050000	15.4636   	0.050000	17.7229   	0.050000	12.2478   	0.050000	12.2478   	0.050000	12.2478   	0.050000	15.4272   	0.050000	2.29568   	
0.055000	16.0401   	0.055000	18.1402   	0.055000	12.5894   	0.055000	12.5894   	0.055000	12.5895   	0.055000	15.9886   	0.055000	2.15161   	
0.060000	16.9853   	0.060000	18.5455   	0.060000	12.9286   	0.060000	12.9286   	0.060000	12.9286   	0.060000	16.5189   	0.060000	2.02661   	
0.070000	18.6877   	0.070000	20.1197   	0.070000	14.2932   	0.070000	14.2932   	0.070000	14.2933   	0.070000	18.2998   	0.070000	1.81994   	
0.080000	20.5075   	0.080000	22.5631   	0.080000	16.5002   	0.080000	16.5002   	0.080000	16.5003   	0.080000	20.9229   	0.080000	1.6402    	
0.090000	22.1623   	0.090000	24.958    	0.090000	18.7512   	0.090000	18.7512   	0.090000	18.7512   	0.090000	23.4505   	0.090000	1.50749   	
0.100000	23.663    	0.100000	27.2682   	0.100000	20.9935   	0.100000	20.9935   	0.100000	20.9935   	0.100000	25.8715   	0.100000	1.39662   	
0.120000	25.7189   	0.120000	31.5853   	0.120000	25.3524   	0.120000	25.3524   	0.120000	25.3524   	0.120000	30.364    	0.120000	1.22136   	
0.140000	27.4454   	0.140000	35.469    	0.140000	29.4361   	0.140000	29.4361   	0.140000	29.4361   	0.140000	34.3804   	0.140000	1.08856   	
0.160000	29.0196   	0.160000	38.9323   	0.160000	33.1747   	0.160000	33.1747   	0.160000	33.1747   	0.160000	37.9482   	0.160000	0.984082  	
0.180000	30.5801   	0.180000	42.0147   	0.180000	36.5448   	0.180000	36.5448   	0.180000	36.5449   	0.180000	41.1152   	0.180000	0.899508  	
0.200000	32.2975   	0.200000	44.9823   	0.200000	39.5524   	0.200000	39.5524   	0.200000	39.5524   	0.200000	44.1528   	0.200000	0.829498  	
0.250000	35.385    	0.250000	51.4288   	0.250000	45.6553   	0.250000	45.6553   	0.250000	45.6554   	0.250000	50.7314   	0.250000	0.697385  	
0.300000	38.2255   	0.300000	56.4132   	0.300000	50.1548   	0.300000	50.1548   	0.300000	50.1549   	0.300000	55.809    	0.300000	0.604158  	
0.350000	40.8105   	0.350000	60.3529   	0.350000	53.5346   	0.350000	53.5346   	0.350000	53.5346   	0.350000	59.8184   	0.350000	0.534521  	
0.400000	43.1394   	0.400000	63.5286   	0.400000	56.1556   	0.400000	56.1556   	0.400000	56.1557   	0.400000	63.0483   	0.400000	0.480342  	
0.450000	45.894    	0.450000	67.0003   	0.450000	58.2614   	0.450000	58.2614   	0.450000	58.2615   	0.450000	66.5634   	0.450000	0.436878  	
0.500000	48.3111   	0.500000	70.0985   	0.500000	60.0096   	0.500000	60.0096   	0.500000	60.0097   	0.500000	69.6974   	0.500000	0.401167  	
0.600000	50.5508   	0.600000	74.8344   	0.600000	62.8003   	0.600000	62.8003   	0.600000	62.8003   	0.600000	74.4885   	0.600000	0.345808  	
0.700000	51.6552   	0.700000	78.1774   	0.700000	66.0102   	0.700000	66.0102   	0.700000	66.0102   	0.700000	77.8727   	0.700000	0.304743  	
0.800000	54.0745   	0.800000	80.6164   	0.800000	68.6403   	0.800000	68.6403   	0.800000	68.6404   	0.800000	80.3435   	0.800000	0.272968  	
0.900000	56.132    	0.900000	82.6355   	0.900000	70.7345   	0.900000	70.7345   	0.900000	70.7346   	0.900000	82.388    	0.900000	0.247592  	
1.000000	57.7649   	1.000000	84.0898   	1.000000	72.4152   	1.000000	72.4152   	1.000000	72.4153   	1.000000	83.863    	1.000000	0.226821  	
1.250000	60.3658   	1.250000	86.0774   	1.250000	75.3049   	1.250000	75.3049   	1.250000	75.305    	1.250000	85.8892   	1.250000	0.188214  	
1.500000	61.3117   	1.500000	86.0885   	1.500000	76.909    	1.500000	76.909    	1.500000	76.9091   	1.500000	85.9271   	1.500000	0.161446  	
1.750000	61.278    	1.750000	84.9448   	1.750000	77.683    	1.750000	77.683    	1.750000	77.6831   	1.750000	84.8031   	1.750000	0.141716  	
2.000000	60.9501   	2.000000	83.6601   	2.000000	77.9035   	2.000000	77.9035   	2.000000	77.9036   	2.000000	83.5336   	2.000000	0.126529  	
2.250000	60.5316   	2.250000	82.3063   	2.250000	77.7476   	2.250000	77.7476   	2.250000	77.7476   	2.250000	82.1919   	2.250000	0.114452  	
2.500000	85.5947   	2.500000	80.864    	2.500000	77.3324   	2.500000	77.3324   	2.500000	77.3324   	2.500000	80.7594   	2.500000	0.104602  	
3.000000	82.5693   	3.000000	77.9703   	3.000000	76.0189   	3.000000	76.0189   	3.000000	76.019    	3.000000	77.8808   	3.000000	0.0894686 	
3.500000	79.38     	3.500000	75.2538   	3.500000	74.3543   	3.500000	74.3543   	3.500000	74.3544   	3.500000	75.1755   	3.500000	0.0783545 	
4.000000	76.249    	4.000000	72.711    	4.000000	72.5254   	4.000000	72.5254   	4.000000	72.5255   	4.000000	72.6412   	4.000000	0.0698238 	
4.500000	73.2667   	4.500000	70.3456   	4.500000	70.3696   	4.500000	70.3696   	4.500000	70.3697   	4.500000	70.2826   	4.500000	0.0630564 	
5.000000	70.4657   	5.000000	68.1236   	5.000000	68.329    	5.000000	68.329    	5.000000	68.329    	5.000000	68.0661   	5.000000	0.0575484 	
5.500000	67.8521   	5.500000	66.0361   	5.500000	66.3991   	5.500000	66.3991   	5.500000	66.3992   	5.500000	65.9831   	5.500000	0.0529727 	
6.000000	65.4196   	6.000000	64.0733   	6.000000	64.5741   	6.000000	64.5741   	6.000000	64.5741   	6.000000	64.0242   	6.000000	0.0491072 	
6.500000	63.1571   	6.500000	62.2255   	6.500000	62.8473   	6.500000	62.8473   	6.500000	62.8473   	6.500000	62.1797   	6.500000	0.0457959 	
7.000000	61.0515   	7.000000	60.4637   	7.000000	61.212    	7.000000	61.212    	7.000000	61.212    	7.000000	60.4208   	7.000000	0.0429255 	
7.500000	59.0894   	7.500000	58.7911   	7.500000	59.6619   	7.500000	59.6619   	7.500000	59.6619   	7.500000	58.7507   	7.500000	0.040412  	
8.000000	57.2583   	8.000000	57.2277   	8.000000	58.1908   	8.000000	58.1908   	8.000000	58.1908   	8.000000	57.1895   	8.000000	0.0381916 	
8.500000	55.5464   	8.500000	55.7593   	8.500000	56.793    	8.500000	56.793    	8.500000	56.793    	8.500000	55.7231   	8.500000	0.036215  	
9.000000	53.943    	9.000000	54.3748   	9.000000	55.4633   	9.000000	55.4633   	9.000000	55.4634   	9.000000	54.3404   	9.000000	0.0344435 	
9.500000	52.4383   	9.500000	53.0616   	9.500000	54.197    	9.500000	54.197    	9.500000	54.197    	9.500000	53.0287   	9.500000	0.0328461 	
10.000000	51.0239   	10.000000	49.6552   	10.000000	52.9895   	10.000000	52.9895   	10.000000	52.9895   	10.000000	49.6238   	10.000000	0.0313979 	
11.000000	48.4351   	11.000000	48.0666   	11.000000	50.3076   	11.000000	50.8213   	11.000000	51.1554   	11.000000	48.0377   	11.000000	0.0288715 	
12.000000	46.1236   	12.000000	46.5489   	12.000000	47.9064   	12.000000	48.8467   	12.000000	49.4192   	12.000000	46.5221   	12.000000	0.02674   	
13.000000	44.0468   	13.000000	45.1075   	13.000000	45.7464   	13.000000	47.0425   	13.000000	47.7822   	13.000000	45.0826   	13.000000	0.0249162 	
14.000000	42.1702   	14.000000	43.7431   	14.000000	43.7941   	14.000000	45.3886   	14.000000	46.242    	14.000000	43.7198   	14.000000	0.0233368 	
15.000000	40.4657   	15.000000	42.4536   	15.000000	42.0213   	15.000000	43.8681   	15.000000	44.7946   	15.000000	42.4316   	15.000000	0.0219551 	
16.000000	38.9102   	16.000000	41.2355   	16.000000	40.4071   	16.000000	42.4663   	16.000000	43.4351   	16.000000	41.2147   	16.000000	0.0207356 	
17.000000	37.4845   	17.000000	40.0847   	17.000000	38.9329   	17.000000	41.1705   	17.000000	42.1584   	17.000000	40.0651   	17.000000	0.0196509 	
18.000000	36.1727   	18.000000	38.9971   	18.000000	37.581    	18.000000	39.9698   	18.000000	40.9571   	18.000000	38.9784   	18.000000	0.0186794 	
19.000000	34.9613   	19.000000	37.9683   	19.000000	36.3376   	19.000000	38.8548   	19.000000	39.8286   	19.000000	37.9505   	19.000000	0.0178039 	
20.000000	33.8389   	20.000000	36.9944   	20.000000	35.1926   	20.000000	37.8172   	20.000000	38.7683   	20.000000	36.9774   	20.000000	0.0170108 	
21.000000	32.7958   	21.000000	36.0714   	21.000000	34.1361   	21.000000	36.8498   	21.000000	37.7679   	21.000000	36.0551   	21.000000	0.0162887 	
22.000000	31.8236   	22.000000	35.1957   	22.000000	33.1592   	22.000000	35.9464   	22.000000	36.8277   	22.000000	35.1801   	22.000000	0.0156284 	
23.000000	30.9152   	23.000000	34.364    	23.000000	32.2538   	23.000000	35.1012   	23.000000	35.9405   	23.000000	34.349    	23.000000	0.015022  	
24.000000	30.0643   	24.000000	33.5733   	24.000000	31.4127   	24.000000	34.3094   	24.000000	35.1046   	24.000000	33.5588   	24.000000	0.0144632 	
25.000000	29.2655   	25.000000	32.8206   	25.000000	30.63     	25.000000	33.5667   	25.000000	34.3156   	25.000000	32.8067   	25.000000	0.0139465 	
27.000000	27.8055   	27.000000	31.4194   	27.000000	29.221    	27.000000	32.2128   	27.000000	32.867    	27.000000	31.4064   	27.000000	0.0130213 	
29.000000	26.5035   	29.000000	30.1421   	29.000000	27.9961   	29.000000	31.013    	29.000000	31.573    	29.000000	30.1298   	29.000000	0.0122166 	
31.000000	25.3345   	31.000000	28.973    	31.000000	26.9629   	31.000000	29.8393   	31.000000	30.2536   	31.000000	28.9615   	31.000000	0.0115099 	
33.000000	24.2786   	33.000000	27.8992   	33.000000	26.0532   	33.000000	28.671    	33.000000	28.9208   	33.000000	27.8883   	33.000000	0.010884  	
35.000000	23.3198   	35.000000	26.9094   	35.000000	25.2112   	35.000000	27.5994   	35.000000	27.7209   	35.000000	26.8991   	35.000000	0.0103257 	
38.000000	22.0353   	38.000000	25.5622   	38.000000	24.0554   	38.000000	26.1481   	38.000000	26.1285   	38.000000	25.5526   	38.000000	0.00959243	
41.000000	20.905    	41.000000	24.3566   	41.000000	23.0136   	41.000000	24.8564   	41.000000	24.7393   	41.000000	24.3477   	41.000000	0.0089607 	
44.000000	19.902    	44.000000	23.2716   	44.000000	22.068    	44.000000	23.6992   	44.000000	23.5157   	44.000000	23.2632   	44.000000	0.00841049	
47.000000	19.0054   	47.000000	22.2897   	47.000000	21.2066   	47.000000	22.6563   	47.000000	22.4281   	47.000000	22.2818   	47.000000	0.00792677	
50.000000	18.1988   	50.000000	21.397    	50.000000	20.42     	50.000000	21.7116   	50.000000	21.4549   	50.000000	21.3895   	50.000000	0.00749801	
55.000000	17.0195   	55.000000	20.0765   	55.000000	19.2462   	55.000000	20.3201   	55.000000	20.0376   	55.000000	20.0696   	55.000000	0.00688197	
60.000000	16.0074   	60.000000	18.9294   	60.000000	18.2184   	60.000000	19.117    	60.000000	18.8275   	60.000000	18.923    	60.000000	0.00636336	
65.000000	15.1285   	65.000000	17.9236   	65.000000	17.3113   	65.000000	18.0665   	65.000000	17.7814   	65.000000	17.9177   	65.000000	0.00592048	
70.000000	14.3576   	70.000000	17.0345   	70.000000	16.507    	70.000000	17.1412   	70.000000	16.8673   	70.000000	17.0289   	70.000000	0.00553767	
75.000000	13.6755   	75.000000	16.2428   	75.000000	15.7858   	75.000000	16.3201   	75.000000	16.0829   	75.000000	16.2376   	75.000000	0.00520331	
80.000000	13.0672   	80.000000	15.5334   	80.000000	15.1359   	80.000000	15.5865   	80.000000	15.3818   	80.000000	15.5285   	80.000000	0.00490864	
85.000000	12.5212   	85.000000	14.894    	85.000000	14.5476   	85.000000	14.9272   	85.000000	14.7517   	85.000000	14.8894   	85.000000	0.00464689	
90.000000	12.0281   	90.000000	14.3148   	90.000000	14.0125   	90.000000	14.3314   	90.000000	14.1827   	90.000000	14.3104   	90.000000	0.00441277	
95.000000	11.5804   	95.000000	13.7877   	95.000000	13.5253   	95.000000	13.7905   	95.000000	13.6671   	95.000000	13.7835   	95.000000	0.00420206	
100.000000	11.172    	100.000000	13.306    	100.000000	13.0782   	100.000000	13.2971   	100.000000	13.197    	100.000000	13.302    	100.000000	0.00401138	
105.000000	10.7977   	105.000000	12.864    	105.000000	12.6666   	105.000000	12.8455   	105.000000	12.7661   	105.000000	12.8602   	105.000000	0.00383795	
110.000000	10.4534   	110.000000	12.4571   	110.000000	12.2863   	110.000000	12.4304   	110.000000	12.371    	110.000000	12.4534   	110.000000	0.0036795 	
115.000000	10.1355   	115.000000	12.0812   	115.000000	11.9348   	115.000000	12.0476   	115.000000	12.0056   	115.000000	12.0776   	115.000000	0.00353416	
120.000000	9.841     	120.000000	11.7329   	120.000000	11.6084   	120.000000	11.6936   	120.000000	11.6684   	120.000000	11.7295   	120.000000	0.00340033	
125.000000	9.56735   	125.000000	11.4093   	125.000000	11.3046   	125.000000	11.3652   	125.000000	11.3548   	125.000000	11.4061   	125.000000	0.00327667	
130.000000	9.31234   	130.000000	11.1079   	130.000000	11.0216   	130.000000	11.0598   	130.000000	11.0637   	130.000000	11.1048   	130.000000	0.00316207	
135.000000	9.0741    	135.000000	10.8265   	135.000000	10.7555   	135.000000	10.775    	135.000000	10.7914   	135.000000	10.8235   	135.000000	0.00305554	
140.000000	8.85097   	140.000000	10.5632   	140.000000	10.5068   	140.000000	10.5088   	140.000000	10.5377   	140.000000	10.5602   	140.000000	0.00295624	
145.000000	8.64153   	145.000000	10.3162   	145.000000	10.2741   	145.000000	10.2596   	145.000000	10.299    	145.000000	10.3134   	145.000000	0.00286346	
150.000000	8.44451   	150.000000	10.0842   	150.000000	10.0547   	150.000000	10.0256   	150.000000	10.0757   	150.000000	10.0814   	150.000000	0.00277657	
155.000000	8.16239   	155.000000	9.86576   	155.000000	9.84744   	155.000000	9.8057    	155.000000	9.86506   	155.000000	9.86306   	155.000000	0.00269501	
160.000000	7.99942   	160.000000	9.65978   	160.000000	9.65189   	160.000000	9.59853   	160.000000	9.6666    	160.000000	9.65716   	160.000000	0.0026183 	
165.000000	7.84539   	165.000000	9.46523   	165.000000	9.46728   	165.000000	9.40305   	165.000000	9.47959   	165.000000	9.46268   	165.000000	0.00254602	
170.000000	7.69959   	170.000000	9.28118   	170.000000	9.2922    	170.000000	9.21833   	170.000000	9.30203   	170.000000	9.2787    	170.000000	0.00247778	
175.000000	7.56136   	175.000000	9.10682   	175.000000	9.12603   	175.000000	9.0435    	175.000000	9.13427   	175.000000	9.10441   	175.000000	0.00241326	
180.000000	7.43012   	180.000000	8.9414    	180.000000	8.96854   	180.000000	8.87779   	180.000000	8.97517   	180.000000	8.93905   	180.000000	0.00235215	
185.000000	7.30534   	185.000000	8.78427   	185.000000	8.81875   	185.000000	8.72053   	185.000000	8.82368   	185.000000	8.78198   	185.000000	0.00229418	
190.000000	7.18656   	190.000000	8.63482   	190.000000	8.6759    	190.000000	8.57109   	190.000000	8.67994   	190.000000	8.63258   	190.000000	0.00223912	
195.000000	7.07335   	195.000000	8.4925    	195.000000	8.5398    	195.000000	8.42891   	195.000000	8.54309   	195.000000	8.49031   	195.000000	0.00218675	
200.000000	6.96532   	200.000000	8.35682   	200.000000	8.41015   	200.000000	8.29347   	200.000000	8.41228   	200.000000	8.35468   	200.000000	0.00213688	
210.000000	6.76343   	210.000000	8.10363   	210.000000	8.16835   	210.000000	8.04104   	210.000000	8.16906   	210.000000	8.10158   	210.000000	0.00204391	
220.000000	6.57844   	220.000000	7.8721    	220.000000	7.94651   	220.000000	7.81057   	220.000000	7.94607   	220.000000	7.87014   	220.000000	0.00195901	
230.000000	6.40829   	230.000000	7.65959   	230.000000	7.74279   	230.000000	7.59936   	230.000000	7.7418    	230.000000	7.65771   	230.000000	0.00188115	
240.000000	6.25127   	240.000000	7.46389   	240.000000	7.5554    	240.000000	7.40512   	240.000000	7.55338   	240.000000	7.46208   	240.000000	0.00180948	
250.000000	6.1059    	250.000000	7.28311   	250.000000	7.38185   	250.000000	7.22593   	250.000000	7.3795    	250.000000	7.28137   	250.000000	0.00174329	
260.000000	5.97094   	260.000000	7.11562   	260.000000	7.22079   	260.000000	7.06014   	260.000000	7.21818   	260.000000	7.11394   	260.000000	0.00168195	
270.000000	5.84529   	270.000000	6.96004   	270.000000	7.07138   	270.000000	6.90633   	270.000000	7.06854   	270.000000	6.95841   	270.000000	0.00162494	
280.000000	5.72804   	280.000000	6.81516   	280.000000	6.93226   	280.000000	6.76328   	280.000000	6.92889   	280.000000	6.81358   	280.000000	0.00157183	
290.000000	5.61837   	290.000000	6.67993   	290.000000	6.80201   	290.000000	6.62993   	290.000000	6.79889   	290.000000	6.67841   	290.000000	0.00152221	
300.000000	5.51556   	300.000000	6.55344   	300.000000	6.68011   	300.000000	6.50534   	300.000000	6.67682   	300.000000	6.55197   	300.000000	0.00147574	
310.000000	5.41901   	310.000000	6.4349    	310.000000	6.56603   	310.000000	6.38871   	310.000000	6.56276   	310.000000	6.43347   	310.000000	0.00143214	
320.000000	5.32816   	320.000000	6.32358   	320.000000	6.45896   	320.000000	6.27931   	320.000000	6.45559   	320.000000	6.32219   	320.000000	0.00139114	
330.000000	5.24253   	330.000000	6.21888   	330.000000	6.35801   	330.000000	6.17652   	330.000000	6.35474   	330.000000	6.21752   	330.000000	0.00135252	
340.000000	5.16169   	340.000000	6.12022   	340.000000	6.26289   	340.000000	6.07978   	340.000000	6.25995   	340.000000	6.1189    	340.000000	0.00131606	
350.000000	5.08524   	350.000000	6.02712   	350.000000	6.17339   	350.000000	5.98858   	350.000000	6.17018   	350.000000	6.02584   	350.000000	0.00128159	
360.000000	5.01286   	360.000000	5.93914   	360.000000	6.08872   	360.000000	5.90249   	360.000000	6.08549   	360.000000	5.93789   	360.000000	0.00124896	
370.000000	4.94423   	370.000000	5.85587   	370.000000	6.00844   	370.000000	5.82109   	370.000000	6.00551   	370.000000	5.85465   	370.000000	0.001218  	
380.000000	4.87907   	380.000000	5.77697   	380.000000	5.93248   	380.000000	5.74404   	380.000000	5.92941   	380.000000	5.77578   	380.000000	0.00118861	
390.000000	4.81713   	390.000000	5.7021    	390.000000	5.8604    	390.000000	5.671     	390.000000	5.85736   	390.000000	5.70094   	390.000000	0.00116065	
400.000000	4.7582    	400.000000	5.63099   	400.000000	5.79169   	400.000000	5.60169   	400.000000	5.78908   	400.000000	5.62985   	400.000000	0.00113403	
410.000000	4.70205   	410.000000	5.56336   	410.000000	5.72638   	410.000000	5.53584   	410.000000	5.72389   	410.000000	5.56225   	410.000000	0.00110865	
420.000000	4.6485    	420.000000	5.49898   	420.000000	5.66448   	420.000000	5.47321   	420.000000	5.66193   	420.000000	5.4979    	420.000000	0.00108443	
430.000000	4.59739   	430.000000	5.43764   	430.000000	5.6056    	430.000000	5.41358   	430.000000	5.603     	430.000000	5.43658   	430.000000	0.00106128	
440.000000	4.54856   	440.000000	5.37912   	440.000000	5.54927   	440.000000	5.35675   	440.000000	5.54672   	440.000000	5.37808   	440.000000	0.00103914	
450.000000	4.50187   	450.000000	5.32325   	450.000000	5.49538   	450.000000	5.30255   	450.000000	5.49293   	450.000000	5.32224   	450.000000	0.00101793	
460.000000	4.45718   	460.000000	5.26987   	460.000000	5.44392   	460.000000	5.2508    	460.000000	5.44163   	460.000000	5.26887   	460.000000	0.000997614	
470.000000	4.41437   	470.000000	5.21882   	470.000000	5.39478   	470.000000	5.20135   	470.000000	5.39266   	470.000000	5.21784   	470.000000	0.000978121	
480.000000	4.37334   	480.000000	5.16996   	480.000000	5.34781   	480.000000	5.15406   	480.000000	5.34562   	480.000000	5.169     	480.000000	0.000959403	
490.000000	4.33398   	490.000000	5.12316   	490.000000	5.30284   	490.000000	5.10881   	490.000000	5.30061   	490.000000	5.12222   	490.000000	0.000941417	
500.000000	4.2962    	500.000000	5.0783    	500.000000	5.25969   	500.000000	5.06546   	500.000000	5.25754   	500.000000	5.07738   	500.000000	0.000924118	
520.000000	4.22503   	520.000000	4.99398   	520.000000	5.1783    	520.000000	4.98407   	520.000000	5.17659   	520.000000	4.99309   	520.000000	0.00089143	
540.000000	4.15922   	540.000000	4.91621   	540.000000	5.10352   	540.000000	4.9091    	540.000000	5.1019    	540.000000	4.91534   	540.000000	0.000861059	
560.000000	4.09821   	560.000000	4.8443    	560.000000	5.03458   	560.000000	4.83988   	560.000000	5.03294   	560.000000	4.84346   	560.000000	0.000832765	
580.000000	4.04154   	580.000000	4.77767   	580.000000	4.97044   	580.000000	4.77582   	580.000000	4.96894   	580.000000	4.77686   	580.000000	0.00080634	
600.000000	3.9888    	600.000000	4.71581   	600.000000	4.91089   	600.000000	4.71642   	600.000000	4.90971   	600.000000	4.71503   	600.000000	0.0007816 	
620.000000	3.93964   	620.000000	4.65827   	620.000000	4.85558   	620.000000	4.66121   	620.000000	4.8544    	620.000000	4.65751   	620.000000	0.000758389	
640.000000	3.89374   	640.000000	4.60466   	640.000000	4.80407   	640.000000	4.60982   	640.000000	4.803     	640.000000	4.60393   	640.000000	0.000736567	
660.000000	3.85082   	660.000000	4.55463   	660.000000	4.756     	660.000000	4.5619    	660.000000	4.75503   	660.000000	4.55392   	660.000000	0.000716012	
680.000000	3.81063   	680.000000	4.50788   	680.000000	4.71109   	680.000000	4.51713   	680.000000	4.71011   	680.000000	4.50718   	680.000000	0.000696615	
700.000000	3.77296   	700.000000	4.46413   	700.000000	4.66909   	700.000000	4.47527   	700.000000	4.66817   	700.000000	4.46345   	700.000000	0.000678279	
720.000000	3.73761   	720.000000	4.42313   	720.000000	4.62977   	720.000000	4.43605   	720.000000	4.62878   	720.000000	4.42247   	720.000000	0.000660919	
740.000000	3.70439   	740.000000	4.38468   	740.000000	4.59277   	740.000000	4.39927   	740.000000	4.59181   	740.000000	4.38403   	740.000000	0.000644458	
760.000000	3.67316   	760.000000	4.34857   	760.000000	4.55788   	760.000000	4.36473   	760.000000	4.55715   	760.000000	4.34794   	760.000000	0.000628826	
780.000000	3.64377   	780.000000	4.31463   	780.000000	4.52507   	780.000000	4.33226   	780.000000	4.52447   	780.000000	4.31401   	780.000000	0.000613963	
800.000000	3.61608   	800.000000	4.2827    	800.000000	4.4943    	800.000000	4.3017    	800.000000	4.49368   	800.000000	4.2821    	800.000000	0.000599812	
820.000000	3.58999   	820.000000	4.25264   	820.000000	4.46539   	820.000000	4.27291   	820.000000	4.46473   	820.000000	4.25205   	820.000000	0.000586322	
840.000000	3.56538   	840.000000	4.22431   	840.000000	4.43808   	840.000000	4.24577   	840.000000	4.43739   	840.000000	4.22374   	840.000000	0.000573448	
860.000000	3.54216   	860.000000	4.19761   	860.000000	4.41219   	860.000000	4.22015   	860.000000	4.41151   	860.000000	4.19705   	860.000000	0.000561148	
880.000000	3.52024   	880.000000	4.17242   	880.000000	4.38768   	880.000000	4.19595   	880.000000	4.38711   	880.000000	4.17187   	880.000000	0.000549383	
900.000000	3.49954   	900.000000	4.14864   	900.000000	4.3645    	900.000000	4.17307   	900.000000	4.36408   	900.000000	4.1481    	900.000000	0.00053812	
920.000000	3.47998   	920.000000	4.12619   	920.000000	4.34258   	920.000000	4.15143   	920.000000	4.34216   	920.000000	4.12566   	920.000000	0.000527326	
940.000000	3.4615    	940.000000	4.10497   	940.000000	4.32184   	940.000000	4.13095   	940.000000	4.32144   	940.000000	4.10446   	940.000000	0.000516972	
960.000000	3.44402   	960.000000	4.08492   	960.000000	4.30219   	960.000000	4.11154   	960.000000	4.30184   	960.000000	4.08442   	960.000000	0.000507032	
980.000000	3.42751   	980.000000	4.06597   	980.000000	4.28355   	980.000000	4.09315   	980.000000	4.28327   	980.000000	4.06547   	980.000000	0.000497481	
1000.000000	3.41189   	1000.000000	4.04805   	1000.000000	4.26587   	1000.000000	4.0757    	1000.000000	4.26555   	1000.000000	4.04756   	1000.000000	0.000488296	
1020.000000	3.39712   	1020.000000	4.0311    	1020.000000	4.24908   	1020.000000	4.05915   	1020.000000	4.24876   	1020.000000	4.03062   	1020.000000	0.000479457	
1040.000000	3.38316   	1040.000000	4.01506   	1040.000000	4.23314   	1040.000000	4.04343   	1040.000000	4.23285   	1040.000000	4.01459   	1040.000000	0.000470943	
1060.000000	3.36996   	1060.000000	3.99989   	1060.000000	4.21799   	1060.000000	4.02851   	1060.000000	4.21776   	1060.000000	3.99943   	1060.000000	0.000462738	
1080.000000	3.35748   	1080.000000	3.98555   	1080.000000	4.20359   	1080.000000	4.01432   	1080.000000	4.20332   	1080.000000	3.98509   	1080.000000	0.000454823	
1100.000000	3.34569   	1100.000000	3.97197   	1100.000000	4.18991   	1100.000000	4.00084   	1100.000000	4.18961   	1100.000000	3.97153   	1100.000000	0.000447185	
1120.000000	3.33455   	1120.000000	3.95913   	1120.000000	4.1769    	1120.000000	3.98802   	1120.000000	4.17659   	1120.000000	3.95869   	1120.000000	0.000439809	
1140.000000	3.32404   	1140.000000	3.94699   	1140.000000	4.16452   	1140.000000	3.97582   	1140.000000	4.16424   	1140.000000	3.94656   	1140.000000	0.000432681	
1160.000000	3.31411   	1160.000000	3.93551   	1160.000000	4.15274   	1160.000000	3.96422   	1160.000000	4.15243   	1160.000000	3.93508   	1160.000000	0.000425788	
1180.000000	3.30474   	1180.000000	3.92466   	1180.000000	4.14151   	1180.000000	3.95317   	1180.000000	4.14116   	1180.000000	3.92424   	1180.000000	0.00041912	
1200.000000	3.29591   	1200.000000	3.9144    	1200.000000	4.1308    	1200.000000	3.94265   	1200.000000	4.13045   	1200.000000	3.91399   	1200.000000	0.000412665	
1220.000000	3.28759   	1220.000000	3.90472   	1220.000000	4.12057   	1220.000000	3.93264   	1220.000000	4.12027   	1220.000000	3.90431   	1220.000000	0.000406412	
1240.000000	3.27976   	1240.000000	3.89557   	1240.000000	4.11081   	1240.000000	3.9231    	1240.000000	4.11058   	1240.000000	3.89517   	1240.000000	0.000400354	
1260.000000	3.27239   	1260.000000	3.88694   	1260.000000	4.1015    	1260.000000	3.91401   	1260.000000	4.1013    	1260.000000	3.88655   	1260.000000	0.00039448	
1280.000000	3.26547   	1280.000000	3.87881   	1280.000000	4.09263   	1280.000000	3.90535   	1280.000000	4.09245   	1280.000000	3.87842   	1280.000000	0.000388782	
1300.000000	3.25898   	1300.000000	3.87114   	1300.000000	4.08418   	1300.000000	3.8971    	1300.000000	4.08402   	1300.000000	3.87076   	1300.000000	0.000383252	
1320.000000	3.2529    	1320.000000	3.86393   	1320.000000	4.07613   	1320.000000	3.88924   	1320.000000	4.076     	1320.000000	3.86355   	1320.000000	0.000377883	
1340.000000	3.24721   	1340.000000	3.85714   	1340.000000	4.06848   	1340.000000	3.88174   	1340.000000	4.06838   	1340.000000	3.85677   	1340.000000	0.000372667	
1360.000000	3.24189   	1360.000000	3.85076   	1360.000000	4.06118   	1360.000000	3.8746    	1360.000000	4.06108   	1360.000000	3.8504    	1360.000000	0.000367599	
1380.000000	3.23694   	1380.000000	3.84478   	1380.000000	4.05423   	1380.000000	3.86779   	1380.000000	4.05409   	1380.000000	3.84442   	1380.000000	0.000362672	
1400.000000	3.23233   	1400.000000	3.83918   	1400.000000	4.0476    	1400.000000	3.86131   	1400.000000	4.04744   	1400.000000	3.83882   	1400.000000	0.00035788	
1420.000000	3.22806   	1420.000000	3.83393   	1420.000000	4.04127   	1420.000000	3.85512   	1420.000000	4.04111   	1420.000000	3.83358   	1420.000000	0.000353218	
1440.000000	3.22411   	1440.000000	3.82903   	1440.000000	4.03523   	1440.000000	3.84923   	1440.000000	4.03508   	1440.000000	3.82868   	1440.000000	0.00034868	
1460.000000	3.22046   	1460.000000	3.82447   	1460.000000	4.02947   	1460.000000	3.84361   	1460.000000	4.02935   	1460.000000	3.82412   	1460.000000	0.000344261	
1480.000000	3.21711   	1480.000000	3.82022   	1480.000000	4.02396   	1480.000000	3.83826   	1480.000000	4.02385   	1480.000000	3.81988   	1480.000000	0.000339957	
1500.000000	3.21405   	1500.000000	3.81628   	1500.000000	4.0187    	1500.000000	3.83316   	1500.000000	4.0186    	1500.000000	3.81594   	1500.000000	0.000335763	
1520.000000	3.21127   	1520.000000	3.81263   	1520.000000	4.01369   	1520.000000	3.82831   	1520.000000	4.0136    	1520.000000	3.8123    	1520.000000	0.000331675	
1540.000000	3.20874   	1540.000000	3.80926   	1540.000000	4.0089    	1540.000000	3.82368   	1540.000000	4.00885   	1540.000000	3.80894   	1540.000000	0.000327688	
1560.000000	3.20648   	1560.000000	3.80617   	1560.000000	4.00434   	1560.000000	3.81928   	1560.000000	4.00433   	1560.000000	3.80585   	1560.000000	0.0003238 	
1580.000000	3.20446   	1580.000000	3.80334   	1580.000000	4         	1580.000000	3.81509   	1580.000000	4.00004   	1580.000000	3.80302   	1580.000000	0.000320007	
1600.000000	3.20268   	1600.000000	3.80076   	1600.000000	3.99587   	1600.000000	3.81111   	1600.000000	3.99593   	1600.000000	3.80045   	1600.000000	0.000316304	
1620.000000	3.20114   	1620.000000	3.79843   	1620.000000	3.99193   	1620.000000	3.80732   	1620.000000	3.992     	1620.000000	3.79812   	1620.000000	0.00031269	
1640.000000	3.19981   	1640.000000	3.79633   	1640.000000	3.98819   	1640.000000	3.80371   	1640.000000	3.98827   	1640.000000	3.79602   	1640.000000	0.00030916	
1660.000000	3.1987    	1660.000000	3.79445   	1660.000000	3.98464   	1660.000000	3.80029   	1660.000000	3.98473   	1660.000000	3.79415   	1660.000000	0.000305711	
1680.000000	3.1978    	1680.000000	3.7928    	1680.000000	3.98126   	1680.000000	3.79704   	1680.000000	3.98137   	1680.000000	3.7925    	1680.000000	0.000302342	
1700.000000	3.1971    	1700.000000	3.79135   	1700.000000	3.97805   	1700.000000	3.79395   	1700.000000	3.97818   	1700.000000	3.79105   	1700.000000	0.000299048	
1750.000000	3.1962    	1750.000000	3.78861   	1750.000000	3.97074   	1750.000000	3.78691   	1750.000000	3.97087   	1750.000000	3.78832   	1750.000000	0.000291131	
1800.000000	3.19642   	1800.000000	3.78703   	1800.000000	3.96437   	1800.000000	3.78077   	1800.000000	3.96445   	1800.000000	3.78675   	1800.000000	0.000283636	
1850.000000	3.1977    	1850.000000	3.78653   	1850.000000	3.95884   	1850.000000	3.77544   	1850.000000	3.9589    	1850.000000	3.78625   	1850.000000	0.000276531	
1900.000000	3.19994   	1900.000000	3.78701   	1900.000000	3.95407   	1900.000000	3.77085   	1900.000000	3.95407   	1900.000000	3.78674   	1900.000000	0.000269785	
1950.000000	3.2031    	1950.000000	3.7884    	1950.000000	3.94997   	1950.000000	3.76693   	1950.000000	3.94991   	1950.000000	3.78814   	1950.000000	0.000263372	
2000.000000	3.20709   	2000.000000	3.79064   	2000.000000	3.94647   	2000.000000	3.76362   	2000.000000	3.9464    	2000.000000	3.79038   	2000.000000	0.000257267	
2100.000000	3.2174    	2100.000000	3.7974    	2100.000000	3.94105   	2100.000000	3.75862   	2100.000000	3.94098   	2100.000000	3.79716   	2100.000000	0.000245895	
2200.000000	3.23049   	2200.000000	3.80687   	2200.000000	3.93747   	2200.000000	3.7555    	2200.000000	3.93751   	2200.000000	3.80664   	2200.000000	0.000235519	
2300.000000	3.24604   	2300.000000	3.8187    	2300.000000	3.93549   	2300.000000	3.75394   	2300.000000	3.93558   	2300.000000	3.81847   	2300.000000	0.00022601	
2400.000000	3.26378   	2400.000000	3.83258   	2400.000000	3.93489   	2400.000000	3.75371   	2400.000000	3.93505   	2400.000000	3.83236   	2400.000000	0.000217264	
2500.000000	3.28349   	2500.000000	3.84827   	2500.000000	3.93547   	2500.000000	3.75459   	2500.000000	3.93562   	2500.000000	3.84806   	2500.000000	0.000209192	
2600.000000	3.30496   	2600.000000	3.86557   	2600.000000	3.93705   	2600.000000	3.75643   	2600.000000	3.9372    	2600.000000	3.86536   	2600.000000	0.000201717	
2700.000000	3.32804   	2700.000000	3.88428   	2700.000000	3.93946   	2700.000000	3.75908   	2700.000000	3.93956   	2700.000000	3.88408   	2700.000000	0.000194775	
2800.000000	3.35259   	2800.000000	3.90426   	2800.000000	3.94256   	2800.000000	3.76241   	2800.000000	3.94268   	2800.000000	3.90407   	2800.000000	0.000188311	
2900.000000	3.37846   	2900.000000	3.92537   	2900.000000	3.94626   	2900.000000	3.76633   	2900.000000	3.94634   	2900.000000	3.92519   	2900.000000	0.000182275	
3000.000000	3.40557   	3000.000000	3.9475    	3000.000000	3.95045   	3000.000000	3.77076   	3000.000000	3.95056   	3000.000000	3.94732   	3000.000000	0.000176627	
3200.000000	3.46311   	3200.000000	3.99441   	3200.000000	3.96007   	3200.000000	3.78083   	3200.000000	3.96022   	3200.000000	3.99424   	3200.000000	0.000166351	
3400.000000	3.52458   	3400.000000	4.04434   	3400.000000	3.97098   	3400.000000	3.79216   	3400.000000	3.97119   	3400.000000	4.04418   	3400.000000	0.000157241	
3600.000000	3.58947   	3600.000000	4.09675   	3600.000000	3.98286   	3600.000000	3.8044    	3600.000000	3.98311   	3600.000000	4.09661   	3600.000000	0.000149106	
3800.000000	3.65739   	3800.000000	4.15126   	3800.000000	3.99543   	3800.000000	3.8173    	3800.000000	3.99569   	3800.000000	4.15111   	3800.000000	0.000141797	
4000.000000	3.72802   	4000.000000	4.20751   	4000.000000	4.00849   	4000.000000	3.83064   	4000.000000	4.00874   	4000.000000	4.20737   	4000.000000	0.000135193	
4200.000000	3.80111   	4200.000000	4.26525   	4200.000000	4.02188   	4200.000000	3.84429   	4200.000000	4.02212   	4200.000000	4.26513   	4200.000000	0.000129195	
4400.000000	3.87644   	4400.000000	4.32427   	4400.000000	4.03546   	4400.000000	3.85811   	4400.000000	4.03568   	4400.000000	4.32415   	4400.000000	0.000123722	
4600.000000	3.95383   	4600.000000	4.38438   	4600.000000	4.04914   	4600.000000	3.87204   	4600.000000	4.04936   	4600.000000	4.38426   	4600.000000	0.000118709	
4800.000000	4.03314   	4800.000000	4.44544   	4800.000000	4.06284   	4800.000000	3.88599   	4800.000000	4.06307   	4800.000000	4.44533   	4800.000000	0.000114098	
5000.000000	4.11424   	5000.000000	4.50732   	5000.000000	4.07653   	5000.000000	3.89991   	5000.000000	4.07677   	5000.000000	4.50721   	5000.000000	0.000109843	
5250.000000	4.21796   	5250.000000	4.58566   	5250.000000	4.09354   	5250.000000	3.91722   	5250.000000	4.09379   	5250.000000	4.58555   	5250.000000	0.000104965	
5500.000000	4.32413   	5500.000000	4.66495   	5500.000000	4.11039   	5500.000000	3.93436   	5500.000000	4.11065   	5500.000000	4.66485   	5500.000000	0.000100514	
6000.000000	4.54325   	6000.000000	4.82583   	6000.000000	4.14348   	6000.000000	3.96797   	6000.000000	4.14374   	6000.000000	4.82573   	6000.000000	9.26864e-05	
6500.000000	4.7707    	6500.000000	4.98909   	6500.000000	4.17562   	6500.000000	4.00055   	6500.000000	4.17579   	6500.000000	4.989     	6500.000000	8.60228e-05	
7000.000000	5.00582   	7000.000000	5.15412   	7000.000000	4.20642   	7000.000000	4.03199   	7000.000000	4.20672   	7000.000000	5.15404   	7000.000000	8.02791e-05	
7500.000000	5.2481    	7500.000000	5.32049   	7500.000000	4.23619   	7500.000000	4.06228   	7500.000000	4.23648   	7500.000000	5.32041   	7500.000000	7.52754e-05	
8000.000000	5.4972    	8000.000000	5.48785   	8000.000000	4.26481   	8000.000000	4.09142   	8000.000000	4.2651    	8000.000000	5.48778   	8000.000000	7.0876e-05	
8500.000000	5.75282   	8500.000000	5.65596   	8500.000000	4.29229   	8500.000000	4.11946   	8500.000000	4.2926    	8500.000000	5.65589   	8500.000000	6.69768e-05	
9000.000000	6.01474   	9000.000000	5.82464   	9000.000000	4.3187    	9000.000000	4.14644   	9000.000000	4.31903   	9000.000000	5.82458   	9000.000000	6.34963e-05	
9500.000000	6.28279   	9500.000000	5.99375   	9500.000000	4.34411   	9500.000000	4.17241   	9500.000000	4.34445   	9500.000000	5.99369   	9500.000000	6.03698e-05	
10000.000000	6.55684   	10000.000000	6.16316   	10000.000000	4.36859   	10000.000000	4.19743   	10000.000000	4.36889   	10000.000000	6.16311   	10000.000000	5.75455e-05	
11000.000000	7.12248   	11000.000000	6.50259   	11000.000000	4.41482   	11000.000000	4.24482   	11000.000000	4.41509   	11000.000000	6.50253   	11000.000000	5.2642e-05	
12000.000000	7.71101   	12000.000000	6.84239   	12000.000000	4.45768   	12000.000000	4.28901   	12000.000000	4.45804   	12000.000000	6.84234   	12000.000000	4.85297e-05	
13000.000000	8.32198   	13000.000000	7.18225   	13000.000000	4.49769   	13000.000000	4.33035   	13000.000000	4.49807   	13000.000000	7.1822    	13000.000000	4.50297e-05	
14000.000000	8.95509   	14000.000000	7.52193   	14000.000000	4.53527   	14000.000000	4.36917   	14000.000000	4.53551   	14000.000000	7.52189   	14000.000000	4.20136e-05	
15000.000000	9.61016   	15000.000000	7.8613    	15000.000000	4.57059   	15000.000000	4.40574   	15000.000000	4.57063   	15000.000000	7.86126   	15000.000000	3.93868e-05	
16000.000000	10.287    	16000.000000	8.20026   	16000.000000	4.60373   	16000.000000	4.44028   	16000.000000	4.60367   	16000.000000	8.20022   	16000.000000	3.70778e-05	
17000.000000	10.9857   	17000.000000	8.53875   	17000.000000	4.63487   	17000.000000	4.47299   	17000.000000	4.63483   	17000.000000	8.53871   	17000.000000	3.50318e-05	
18000.000000	11.706    	18000.000000	8.87671   	18000.000000	4.66421   	18000.000000	4.50406   	18000.000000	4.66428   	18000.000000	8.87668   	18000.000000	3.32058e-05	
19000.000000	12.4481   	19000.000000	9.21413   	19000.000000	4.69199   	19000.000000	4.53363   	19000.000000	4.69216   	19000.000000	9.2141    	19000.000000	3.15658e-05	
20000.000000	13.2118   	20000.000000	9.551     	20000.000000	4.71837   	20000.000000	4.56185   	20000.000000	4.71864   	20000.000000	9.55097   	20000.000000	3.00846e-05	
21000.000000	13.9974   	21000.000000	9.8873    	21000.000000	4.74352   	21000.000000	4.58881   	21000.000000	4.74382   	21000.000000	9.88727   	21000.000000	2.87399e-05	
22000.000000	14.8047   	22000.000000	10.223    	22000.000000	4.76756   	22000.000000	4.61463   	22000.000000	4.76779   	22000.000000	10.223    	22000.000000	2.75136e-05	
23000.000000	15.6338   	23000.000000	10.5582   	23000.000000	4.79041   	23000.000000	4.6394    	23000.000000	4.79068   	23000.000000	10.5582   	23000.000000	2.63905e-05	
24000.000000	16.4849   	24000.000000	10.8928   	24000.000000	4.81224   	24000.000000	4.6632    	24000.000000	4.81251   	24000.000000	10.8928   	24000.000000	2.53581e-05	
25000.000000	17.3579   	25000.000000	11.2269   	25000.000000	4.83322   	25000.000000	4.68609   	25000.000000	4.83344   	25000.000000	11.2269   	25000.000000	2.44055e-05	
26000.000000	18.2531   	26000.000000	11.5604   	26000.000000	4.85329   	26000.000000	4.70815   	26000.000000	4.85344   	26000.000000	11.5604   	26000.000000	2.3524e-05	
27000.000000	19.1703   	27000.000000	11.8934   	27000.000000	4.87245   	27000.000000	4.72944   	27000.000000	4.87266   	27000.000000	11.8934   	27000.000000	2.27056e-05	
28000.000000	20.1099   	28000.000000	12.2259   	28000.000000	4.89083   	28000.000000	4.75      	28000.000000	4.89107   	28000.000000	12.2258   	28000.000000	2.19439e-05	
29000.000000	21.0717   	29000.000000	12.5578   	29000.000000	4.90854   	29000.000000	4.76988   	29000.000000	4.9088    	29000.000000	12.5578   	29000.000000	2.1233e-05	
30000.000000	22.056    	30000.000000	12.8893   	30000.000000	4.92563   	30000.000000	4.78912   	30000.000000	4.92583   	30000.000000	12.8893   	30000.000000	2.0568e-05	
32000.000000	24.0924   	32000.000000	13.5507   	32000.000000	4.95795   	32000.000000	4.82586   	32000.000000	4.95805   	32000.000000	13.5507   	32000.000000	1.93588e-05	
34000.000000	26.2198   	34000.000000	14.2103   	34000.000000	4.98793   	34000.000000	4.86047   	34000.000000	4.98799   	34000.000000	14.2103   	34000.000000	1.82876e-05	
36000.000000	28.4391   	36000.000000	14.8682   	36000.000000	5.01577   	36000.000000	4.8932    	36000.000000	5.01592   	36000.000000	14.8681   	36000.000000	1.73317e-05	
38000.000000	30.7513   	38000.000000	15.5243   	38000.000000	5.04174   	38000.000000	4.92423   	38000.000000	5.04205   	38000.000000	15.5242   	38000.000000	1.64734e-05	
40000.000000	33.1572   	40000.000000	16.1787   	40000.000000	5.06609   	40000.000000	4.95374   	40000.000000	5.06655   	40000.000000	16.1787   	40000.000000	1.56982e-05	
42000.000000	35.6579   	42000.000000	16.8317   	42000.000000	5.08904   	42000.000000	4.98186   	42000.000000	5.08954   	42000.000000	16.8316   	42000.000000	1.49947e-05	
44000.000000	38.2543   	44000.000000	17.4831   	44000.000000	5.11078   	44000.000000	5.00871   	44000.000000	5.11124   	44000.000000	17.4831   	44000.000000	1.43531e-05	
46000.000000	40.9474   	46000.000000	18.1331   	46000.000000	5.13149   	46000.000000	5.03441   	46000.000000	5.13164   	46000.000000	18.1331   	46000.000000	1.37656e-05	
48000.000000	43.7383   	48000.000000	18.7817   	48000.000000	5.1512    	48000.000000	5.05905   	48000.000000	5.15098   	48000.000000	18.7817   	48000.000000	1.32256e-05	
50000.000000	46.628    	50000.000000	19.429    	50000.000000	5.16981   	50000.000000	5.08271   	50000.000000	5.16924   	50000.000000	19.429    	50000.000000	1.27275e-05	
