! 107Rh energy loss (dE/dX) in He
! apply ZOOM for details
Energy (MeV/u)1	0 - [He-base] F.Hubert et al, AD&ND Tables 46(1990)1	Energy (MeV/u)2	1 - [H -base] J.F.Ziegler et al,Pergamon Press,NY(low energy)	Energy (MeV/u)3	2 - ATIMA 1.2 LS-theory (recommended for high energy)	Energy (MeV/u)4	3 - ATIMA 1.2 without LS-correction	Energy (MeV/u)5	4 - ATIMA 1.4 H.Weick, improved mean charge formula for HI	Energy (MeV/u)6	5 - electrical component of [1] - J.F.Ziegler et al	Energy (MeV/u)7	6 - nuclear component of [1] - J.F.Ziegler et al	
0.001000	0.00021418	0.001000	0.000260391	0.001000	0.000220844	0.001000	0.000220844	0.001000	0.000220854	0.001000	6.50639e-05	0.001000	0.000195327	
0.002000	0.00022091	0.002000	0.00026742	0.002000	0.000219126	0.002000	0.000219126	0.002000	0.000219135	0.002000	8.43774e-05	0.002000	0.000183043	
0.005000	0.000220591	0.005000	0.000264215	0.005000	0.00020229	0.005000	0.00020229	0.005000	0.000202296	0.005000	0.000118974	0.005000	0.000145241	
0.008000	0.000221202	0.008000	0.000262898	0.008000	0.000193154	0.008000	0.000193154	0.008000	0.000193158	0.008000	0.000141905	0.008000	0.000120993	
0.010000	0.000222778	0.010000	0.000263697	0.010000	0.000190084	0.010000	0.000190084	0.010000	0.000190088	0.010000	0.000154291	0.010000	0.000109406	
0.015000	0.000228883	0.015000	0.000268871	0.015000	0.000188052	0.015000	0.000188052	0.015000	0.000188055	0.015000	0.000179628	0.015000	8.92425e-05	
0.020000	0.000236356	0.020000	0.000276195	0.020000	0.000190199	0.020000	0.000190199	0.020000	0.000190201	0.020000	0.00020009	0.020000	7.61047e-05	
0.025000	0.000244236	0.025000	0.000284311	0.025000	0.000194318	0.025000	0.000194318	0.025000	0.00019432	0.025000	0.000217554	0.025000	6.67574e-05	
0.030000	0.000252141	0.030000	0.000292661	0.030000	0.000199448	0.030000	0.000199448	0.030000	0.00019945	0.030000	0.000232949	0.030000	5.97119e-05	
0.035000	0.000259911	0.035000	0.000300992	0.035000	0.000205113	0.035000	0.000205113	0.035000	0.000205114	0.035000	0.000246811	0.035000	5.41809e-05	
0.040000	0.00026748	0.040000	0.00030919	0.040000	0.000211058	0.040000	0.000211058	0.040000	0.000211059	0.040000	0.000259485	0.040000	4.97052e-05	
0.045000	0.000274823	0.045000	0.000317201	0.045000	0.000217138	0.045000	0.000217138	0.045000	0.000217139	0.045000	0.000271203	0.045000	4.59976e-05	
0.050000	0.000281935	0.050000	0.000325001	0.050000	0.000223266	0.050000	0.000223266	0.050000	0.000223267	0.050000	0.000282133	0.050000	4.28683e-05	
0.055000	0.000288821	0.055000	0.000332586	0.055000	0.000229389	0.055000	0.000229389	0.055000	0.00022939	0.055000	0.000292399	0.055000	4.01865e-05	
0.060000	0.000305647	0.060000	0.000339956	0.060000	0.000235474	0.060000	0.000235474	0.060000	0.000235475	0.060000	0.000302097	0.060000	3.78589e-05	
0.070000	0.000337881	0.070000	0.000362736	0.070000	0.000254618	0.070000	0.000254618	0.070000	0.000254619	0.070000	0.000328727	0.070000	3.40088e-05	
0.080000	0.000372263	0.080000	0.000408915	0.080000	0.000294377	0.080000	0.000294377	0.080000	0.000294378	0.080000	0.000378259	0.080000	3.06558e-05	
0.090000	0.000403682	0.090000	0.000454329	0.090000	0.000335055	0.090000	0.000335055	0.090000	0.000335056	0.090000	0.000426147	0.090000	2.81823e-05	
0.100000	0.000432278	0.100000	0.000498244	0.100000	0.00037567	0.100000	0.00037567	0.100000	0.000375671	0.100000	0.000472129	0.100000	2.61149e-05	
0.120000	0.000472033	0.120000	0.000580514	0.120000	0.000454845	0.120000	0.000454845	0.120000	0.000454846	0.120000	0.000557669	0.120000	2.28452e-05	
0.140000	0.000505472	0.140000	0.000654663	0.140000	0.000529251	0.140000	0.000529251	0.140000	0.000529252	0.140000	0.000634297	0.140000	2.03663e-05	
0.160000	0.000535868	0.160000	0.000720829	0.160000	0.000597547	0.160000	0.000597547	0.160000	0.000597548	0.160000	0.000702413	0.160000	1.84153e-05	
0.180000	0.000565028	0.180000	0.000779701	0.180000	0.000659256	0.180000	0.000659256	0.180000	0.000659256	0.180000	0.000762865	0.180000	1.68355e-05	
0.200000	0.000596194	0.200000	0.000833581	0.200000	0.000714444	0.200000	0.000714444	0.200000	0.000714445	0.200000	0.000818054	0.200000	1.55274e-05	
0.250000	0.000652612	0.250000	0.000951427	0.250000	0.000826809	0.250000	0.000826809	0.250000	0.00082681	0.250000	0.000938369	0.250000	1.3058e-05	
0.300000	0.000704569	0.300000	0.00104239	0.300000	0.000910031	0.300000	0.000910031	0.300000	0.000910032	0.300000	0.00103108	0.300000	1.13148e-05	
0.350000	0.000751886	0.350000	0.00111422	0.350000	0.000972804	0.350000	0.000972804	0.350000	0.000972804	0.350000	0.0011042 	0.350000	1.00123e-05	
0.400000	0.000794472	0.400000	0.00117207	0.400000	0.00102166	0.400000	0.00102166	0.400000	0.00102166	0.400000	0.00116307	0.400000	8.99864e-06	
0.450000	0.00084092	0.450000	0.00122917	0.450000	0.00106104	0.450000	0.00106104	0.450000	0.00106104	0.450000	0.00122098	0.450000	8.18532e-06	
0.500000	0.000884355	0.500000	0.00128438	0.500000	0.00109381	0.500000	0.00109381	0.500000	0.00109381	0.500000	0.00127686	0.500000	7.51697e-06	
0.600000	0.000924207	0.600000	0.00136887	0.600000	0.00114628	0.600000	0.00114628	0.600000	0.00114628	0.600000	0.00136239	0.600000	6.4807e-06	
0.700000	0.000943764	0.700000	0.00142868	0.700000	0.00120217	0.700000	0.00120217	0.700000	0.00120217	0.700000	0.00142296	0.700000	5.71182e-06	
0.800000	0.000986705	0.800000	0.00147149	0.800000	0.00125184	0.800000	0.00125184	0.800000	0.00125184	0.800000	0.00146638	0.800000	5.1168e-06	
0.900000	0.0010254 	0.900000	0.00150928	0.900000	0.00129155	0.900000	0.00129155	0.900000	0.00129155	0.900000	0.00150464	0.900000	4.64153e-06	
1.000000	0.00105624	1.000000	0.00153735	1.000000	0.00132357	1.000000	0.00132357	1.000000	0.00132357	1.000000	0.0015331 	1.000000	4.25247e-06	
1.250000	0.00110593	1.250000	0.00157678	1.250000	0.00137915	1.250000	0.00137915	1.250000	0.00137915	1.250000	0.00157325	1.250000	3.52919e-06	
1.500000	0.00112696	1.500000	0.00158261	1.500000	0.00141069	1.500000	0.00141069	1.500000	0.00141069	1.500000	0.00157959	1.500000	3.02762e-06	
1.750000	0.00112622	1.750000	0.00156122	1.750000	0.00142665	1.750000	0.00142665	1.750000	0.00142665	1.750000	0.00155857	1.750000	2.65788e-06	
2.000000	0.00112034	2.000000	0.00153772	2.000000	0.00143218	2.000000	0.00143218	2.000000	0.00143218	2.000000	0.00153535	2.000000	2.37322e-06	
2.250000	0.00111296	2.250000	0.00151321	2.250000	0.00143058	2.250000	0.00143058	2.250000	0.00143058	2.250000	0.00151106	2.250000	2.14684e-06	
2.500000	0.00158902	2.500000	0.00148817	2.500000	0.00142405	2.500000	0.00142405	2.500000	0.00142405	2.500000	0.0014862 	2.500000	1.96219e-06	
3.000000	0.00153434	3.000000	0.00143784	3.000000	0.0014017 	3.000000	0.0014017 	3.000000	0.00140171	3.000000	0.00143616	3.000000	1.67847e-06	
3.500000	0.00147622	3.500000	0.00138974	3.500000	0.0013725 	3.500000	0.0013725 	3.500000	0.0013725 	3.500000	0.00138827	3.500000	1.47008e-06	
4.000000	0.00141892	4.000000	0.00134421	4.000000	0.0013402 	4.000000	0.0013402 	4.000000	0.0013402 	4.000000	0.0013429 	4.000000	1.31011e-06	
4.500000	0.00136418	4.500000	0.00130131	4.500000	0.0013025 	4.500000	0.0013025 	4.500000	0.0013025 	4.500000	0.00130012	4.500000	1.18319e-06	
5.000000	0.00131266	5.000000	0.00126093	5.000000	0.00126541	5.000000	0.00126541	5.000000	0.00126541	5.000000	0.00125985	5.000000	1.07989e-06	
5.500000	0.00126451	5.500000	0.00122285	5.500000	0.00123028	5.500000	0.00123028	5.500000	0.00123028	5.500000	0.00122186	5.500000	9.94069e-07	
6.000000	0.00121965	6.000000	0.00118688	6.000000	0.00119702	6.000000	0.00119702	6.000000	0.00119702	6.000000	0.00118596	6.000000	9.21565e-07	
6.500000	0.00117787	6.500000	0.00115307	6.500000	0.00116551	6.500000	0.00116551	6.500000	0.00116551	6.500000	0.00115221	6.500000	8.59452e-07	
7.000000	0.00113896	7.000000	0.00112122	7.000000	0.00113565	7.000000	0.00113565	7.000000	0.00113565	7.000000	0.00112042	7.000000	8.05607e-07	
7.500000	0.00110267	7.500000	0.00109069	7.500000	0.00110731	7.500000	0.00110731	7.500000	0.00110731	7.500000	0.00108993	7.500000	7.58456e-07	
8.000000	0.00106879	8.000000	0.00106209	8.000000	0.00108039	8.000000	0.00108039	8.000000	0.00108039	8.000000	0.00106137	8.000000	7.16802e-07	
8.500000	0.00103709	8.500000	0.00103518	8.500000	0.0010548 	8.500000	0.0010548 	8.500000	0.0010548 	8.500000	0.0010345 	8.500000	6.7972e-07	
9.000000	0.00100738	9.000000	0.00100978	9.000000	0.00103044	9.000000	0.00103044	9.000000	0.00103044	9.000000	0.00100913	9.000000	6.46484e-07	
9.500000	0.000979488	9.500000	0.000985712	9.500000	0.00100722	9.500000	0.00100722	9.500000	0.00100722	9.500000	0.000985096	9.500000	6.16514e-07	
10.000000	0.000953257	10.000000	0.000922737	10.000000	0.000985066	10.000000	0.000985066	10.000000	0.000985067	10.000000	0.000922147	10.000000	5.89344e-07	
11.000000	0.000905221	11.000000	0.000893761	11.000000	0.00093558	11.000000	0.000945291	11.000000	0.000951771	11.000000	0.000893219	11.000000	5.41942e-07	
12.000000	0.000862301	12.000000	0.000866017	12.000000	0.000891246	12.000000	0.000909029	12.000000	0.000920163	12.000000	0.000865515	12.000000	5.01948e-07	
13.000000	0.000823715	13.000000	0.000839624	13.000000	0.00085132	13.000000	0.000875868	13.000000	0.00089029	13.000000	0.000839156	13.000000	4.67724e-07	
14.000000	0.00078883	14.000000	0.000814602	14.000000	0.000815204	14.000000	0.000845448	14.000000	0.000862129	14.000000	0.000814164	14.000000	4.38088e-07	
15.000000	0.00075713	15.000000	0.000790924	15.000000	0.000782417	15.000000	0.000817462	15.000000	0.000835619	15.000000	0.000790512	15.000000	4.1216e-07	
16.000000	0.000728188	16.000000	0.000768533	16.000000	0.000752544	16.000000	0.000791643	16.000000	0.000810683	16.000000	0.000768143	16.000000	3.89275e-07	
17.000000	0.000701651	17.000000	0.000747359	17.000000	0.000725234	17.000000	0.000767764	17.000000	0.000787236	17.000000	0.000746991	17.000000	3.68918e-07	
18.000000	0.000677225	18.000000	0.00072733	18.000000	0.000700195	18.000000	0.000745627	18.000000	0.000765146	18.000000	0.00072698	18.000000	3.50685e-07	
19.000000	0.000654661	19.000000	0.00070837	19.000000	0.000677173	19.000000	0.000725059	19.000000	0.000744371	19.000000	0.000708036	19.000000	3.34256e-07	
20.000000	0.000633749	20.000000	0.000690408	20.000000	0.00065595	20.000000	0.000705912	20.000000	0.000724836	20.000000	0.000690088	20.000000	3.19371e-07	
21.000000	0.000614308	21.000000	0.000673373	21.000000	0.000636346	21.000000	0.000688053	21.000000	0.000706384	21.000000	0.000673067	21.000000	3.05819e-07	
22.000000	0.000596185	22.000000	0.000657203	22.000000	0.000618209	22.000000	0.000671368	22.000000	0.00068903	22.000000	0.000656909	22.000000	2.93425e-07	
23.000000	0.000579247	23.000000	0.000641836	23.000000	0.000601402	23.000000	0.000655754	23.000000	0.000672643	23.000000	0.000641554	23.000000	2.82045e-07	
24.000000	0.000563377	24.000000	0.000627218	24.000000	0.000585804	24.000000	0.000641122	24.000000	0.00065719	24.000000	0.000626947	24.000000	2.71557e-07	
25.000000	0.000548474	25.000000	0.000613298	25.000000	0.000571298	25.000000	0.000627391	25.000000	0.000642595	25.000000	0.000613036	25.000000	2.61858e-07	
27.000000	0.00052123	27.000000	0.000587364	27.000000	0.000545147	27.000000	0.000602354	27.000000	0.000615775	27.000000	0.00058712	27.000000	2.44492e-07	
29.000000	0.000496925	29.000000	0.000563702	29.000000	0.000522363	29.000000	0.000580156	29.000000	0.000591789	29.000000	0.000563473	29.000000	2.29387e-07	
31.000000	0.000475096	31.000000	0.000542031	31.000000	0.000503236	31.000000	0.000558403	31.000000	0.000567193	31.000000	0.000541815	31.000000	2.16121e-07	
33.000000	0.000455372	33.000000	0.000522111	33.000000	0.000486489	33.000000	0.000536713	33.000000	0.000542239	33.000000	0.000521907	33.000000	2.04373e-07	
35.000000	0.000437456	35.000000	0.000503741	35.000000	0.000470919	35.000000	0.000516805	35.000000	0.000519769	35.000000	0.000503547	35.000000	1.93893e-07	
38.000000	0.000413448	38.000000	0.000478716	38.000000	0.000449582	38.000000	0.000489827	38.000000	0.000489938	38.000000	0.000478536	38.000000	1.80128e-07	
41.000000	0.000392314	41.000000	0.000456306	41.000000	0.000430295	41.000000	0.000465799	41.000000	0.000463912	41.000000	0.000456138	41.000000	1.68268e-07	
44.000000	0.000373555	44.000000	0.000436122	44.000000	0.000412796	44.000000	0.000444257	44.000000	0.000440981	44.000000	0.000435964	44.000000	1.57939e-07	
47.000000	0.000356782	47.000000	0.000417846	47.000000	0.000396872	47.000000	0.000424832	47.000000	0.000420605	47.000000	0.000417697	47.000000	1.48858e-07	
50.000000	0.000341687	50.000000	0.00040122	50.000000	0.000382272	50.000000	0.000407225	50.000000	0.00040236	50.000000	0.000401079	50.000000	1.40809e-07	
55.000000	0.000319612	55.000000	0.000376611	55.000000	0.000360497	55.000000	0.000381273	55.000000	0.000375812	55.000000	0.000376481	55.000000	1.29243e-07	
60.000000	0.00030066	60.000000	0.000355216	60.000000	0.000341377	60.000000	0.000358819	60.000000	0.000353123	60.000000	0.000355097	60.000000	1.19506e-07	
65.000000	0.000284198	65.000000	0.000336444	65.000000	0.00032455	65.000000	0.000339199	65.000000	0.00033351	65.000000	0.000336333	65.000000	1.11191e-07	
70.000000	0.000269755	70.000000	0.00031984	70.000000	0.000309531	70.000000	0.000321908	70.000000	0.000316378	70.000000	0.000319736	70.000000	1.04003e-07	
75.000000	0.000256971	75.000000	0.000305047	75.000000	0.000296102	75.000000	0.000306555	75.000000	0.000301754	75.000000	0.00030495	75.000000	9.77252e-08	
80.000000	0.000245569	80.000000	0.000291785	80.000000	0.000284012	80.000000	0.000292832	80.000000	0.000288679	80.000000	0.000291693	80.000000	9.21923e-08	
85.000000	0.000235333	85.000000	0.000279828	85.000000	0.000273033	85.000000	0.000280493	85.000000	0.00027691	85.000000	0.000279741	85.000000	8.72776e-08	
90.000000	0.000226086	90.000000	0.000268992	90.000000	0.000263059	90.000000	0.00026934	90.000000	0.000266274	90.000000	0.000268909	90.000000	8.28814e-08	
95.000000	0.00021769	95.000000	0.000259126	95.000000	0.000253978	95.000000	0.000259209	95.000000	0.000256635	95.000000	0.000259047	95.000000	7.89248e-08	
100.000000	0.000210028	100.000000	0.000250106	100.000000	0.000245615	100.000000	0.000249967	100.000000	0.000247845	100.000000	0.000250031	100.000000	7.53441e-08	
105.000000	0.000203007	105.000000	0.000241828	105.000000	0.000237936	105.000000	0.000241502	105.000000	0.000239789	105.000000	0.000241756	105.000000	7.20875e-08	
110.000000	0.000196546	110.000000	0.000234204	110.000000	0.000230844	110.000000	0.000233722	110.000000	0.000232401	110.000000	0.000234135	110.000000	6.91122e-08	
115.000000	0.000190581	115.000000	0.00022716	115.000000	0.000224264	115.000000	0.000226545	115.000000	0.000225565	115.000000	0.000227094	115.000000	6.63828e-08	
120.000000	0.000185054	120.000000	0.000220632	120.000000	0.00021816	120.000000	0.000219906	120.000000	0.000219256	120.000000	0.000220568	120.000000	6.38696e-08	
125.000000	0.000179917	125.000000	0.000214566	125.000000	0.000212484	125.000000	0.000213746	125.000000	0.000213389	125.000000	0.000214504	125.000000	6.15475e-08	
130.000000	0.00017513	130.000000	0.000208914	130.000000	0.000207177	130.000000	0.000208016	130.000000	0.000207941	130.000000	0.000208855	130.000000	5.93953e-08	
135.000000	0.000170658	135.000000	0.000203636	135.000000	0.000202207	135.000000	0.000202672	135.000000	0.000202844	135.000000	0.000203579	135.000000	5.73947e-08	
140.000000	0.000166469	140.000000	0.000198696	140.000000	0.00019755	140.000000	0.000197677	140.000000	0.000198094	140.000000	0.00019864	140.000000	5.553e-08 	
145.000000	0.000162536	145.000000	0.000194062	145.000000	0.000193186	145.000000	0.000192999	145.000000	0.000193623	145.000000	0.000194008	145.000000	5.37877e-08	
150.000000	0.000158836	150.000000	0.000189708	150.000000	0.000189086	150.000000	0.000188607	150.000000	0.000189439	150.000000	0.000189656	150.000000	5.21558e-08	
155.000000	0.000153535	155.000000	0.000185608	155.000000	0.000185201	155.000000	0.000184477	155.000000	0.000185495	155.000000	0.000185557	155.000000	5.06241e-08	
160.000000	0.000150475	160.000000	0.000181741	160.000000	0.000181531	160.000000	0.000180587	160.000000	0.000181779	160.000000	0.000181692	160.000000	4.91836e-08	
165.000000	0.000147582	165.000000	0.000178089	165.000000	0.000178078	165.000000	0.000176916	165.000000	0.000178276	165.000000	0.000178041	165.000000	4.78261e-08	
170.000000	0.000144844	170.000000	0.000174633	170.000000	0.000174807	170.000000	0.000173447	170.000000	0.00017495	170.000000	0.000174587	170.000000	4.65446e-08	
175.000000	0.000142247	175.000000	0.000171359	175.000000	0.000171696	175.000000	0.000170163	175.000000	0.000171807	175.000000	0.000171314	175.000000	4.53328e-08	
180.000000	0.000139782	180.000000	0.000168252	180.000000	0.000168738	180.000000	0.00016705	180.000000	0.000168826	180.000000	0.000168208	180.000000	4.41851e-08	
185.000000	0.000137438	185.000000	0.000165301	185.000000	0.000165926	185.000000	0.000164095	185.000000	0.000165987	185.000000	0.000165258	185.000000	4.30964e-08	
190.000000	0.000135207	190.000000	0.000162493	190.000000	0.000163252	190.000000	0.000161287	190.000000	0.000163293	190.000000	0.000162451	190.000000	4.20623e-08	
195.000000	0.00013308	195.000000	0.00015982	195.000000	0.000160708	195.000000	0.000158616	195.000000	0.000160728	195.000000	0.000159779	195.000000	4.10787e-08	
200.000000	0.00013105	200.000000	0.00015727	200.000000	0.000158281	200.000000	0.000156071	200.000000	0.000158275	200.000000	0.00015723	200.000000	4.0142e-08	
210.000000	0.000127257	210.000000	0.000152513	210.000000	0.000153739	210.000000	0.000151326	210.000000	0.000153712	210.000000	0.000152474	210.000000	3.8396e-08	
220.000000	0.000123781	220.000000	0.000148161	220.000000	0.000149571	220.000000	0.000146994	220.000000	0.000149529	220.000000	0.000148125	220.000000	3.68015e-08	
230.000000	0.000120584	230.000000	0.000144167	230.000000	0.000145753	230.000000	0.000143024	230.000000	0.000145699	230.000000	0.000144132	230.000000	3.53391e-08	
240.000000	0.000117633	240.000000	0.000140488	240.000000	0.00014223	240.000000	0.000139372	240.000000	0.000142164	240.000000	0.000140454	240.000000	3.3993e-08	
250.000000	0.0001149 	250.000000	0.000137089	250.000000	0.000138975	250.000000	0.000136003	250.000000	0.000138903	250.000000	0.000137056	250.000000	3.27497e-08	
260.000000	0.000112364	260.000000	0.00013394	260.000000	0.000135954	260.000000	0.000132886	260.000000	0.000135876	260.000000	0.000133908	260.000000	3.15976e-08	
270.000000	0.000110002	270.000000	0.000131014	270.000000	0.000133141	270.000000	0.000129993	270.000000	0.000133068	270.000000	0.000130984	270.000000	3.05269e-08	
280.000000	0.000107798	280.000000	0.000128289	280.000000	0.000130524	280.000000	0.000127303	280.000000	0.000130448	280.000000	0.00012826	280.000000	2.95292e-08	
290.000000	0.000105736	290.000000	0.000125746	290.000000	0.000128082	290.000000	0.000124795	290.000000	0.000128008	290.000000	0.000125718	290.000000	2.85972e-08	
300.000000	0.000103803	300.000000	0.000123367	300.000000	0.000125801	300.000000	0.000122452	300.000000	0.000125716	300.000000	0.000123339	300.000000	2.77245e-08	
310.000000	0.000101988	310.000000	0.000121137	310.000000	0.00012366	310.000000	0.000120258	310.000000	0.000123574	310.000000	0.00012111	310.000000	2.69056e-08	
320.000000	0.00010028	320.000000	0.000119043	320.000000	0.000121644	320.000000	0.0001182 	320.000000	0.000121561	320.000000	0.000119017	320.000000	2.61355e-08	
330.000000	9.86698e-05	330.000000	0.000117073	330.000000	0.000119749	330.000000	0.000116267	330.000000	0.000119666	330.000000	0.000117048	330.000000	2.54099e-08	
340.000000	9.71497e-05	340.000000	0.000115217	340.000000	0.000117963	340.000000	0.000114447	340.000000	0.000117886	340.000000	0.000115192	340.000000	2.47252e-08	
350.000000	9.57122e-05	350.000000	0.000113465	350.000000	0.000116271	350.000000	0.000112731	350.000000	0.0001162 	350.000000	0.000113441	350.000000	2.40778e-08	
360.000000	9.43511e-05	360.000000	0.00011181	360.000000	0.000114677	360.000000	0.000111111	360.000000	0.000114609	360.000000	0.000111786	360.000000	2.34647e-08	
370.000000	9.30605e-05	370.000000	0.000110243	370.000000	0.000113174	370.000000	0.00010958	370.000000	0.000113107	370.000000	0.00011022	370.000000	2.28833e-08	
380.000000	9.18351e-05	380.000000	0.000108758	380.000000	0.000111746	380.000000	0.00010813	380.000000	0.000111678	380.000000	0.000108736	380.000000	2.23311e-08	
390.000000	9.06703e-05	390.000000	0.00010735	390.000000	0.000110388	390.000000	0.000106756	390.000000	0.000110324	390.000000	0.000107328	390.000000	2.1806e-08	
400.000000	8.95619e-05	400.000000	0.000106011	400.000000	0.000109099	400.000000	0.000105452	400.000000	0.000109042	400.000000	0.00010599	400.000000	2.13059e-08	
410.000000	8.85059e-05	410.000000	0.000104739	410.000000	0.000107875	410.000000	0.000104213	410.000000	0.000107817	410.000000	0.000104718	410.000000	2.08292e-08	
420.000000	8.74989e-05	420.000000	0.000103527	420.000000	0.00010671	420.000000	0.000103034	420.000000	0.000106653	420.000000	0.000103507	420.000000	2.03742e-08	
430.000000	8.65376e-05	430.000000	0.000102373	430.000000	0.0001056 	430.000000	0.000101912	430.000000	0.000105546	430.000000	0.000102353	430.000000	1.99393e-08	
440.000000	8.56191e-05	440.000000	0.000101271	440.000000	0.000104543	440.000000	0.000100843	440.000000	0.000104488	440.000000	0.000101252	440.000000	1.95234e-08	
450.000000	8.47408e-05	450.000000	0.00010022	450.000000	0.000103534	450.000000	9.98232e-05	450.000000	0.000103477	450.000000	0.000100201	450.000000	1.91252e-08	
460.000000	8.39002e-05	460.000000	9.92151e-05	460.000000	0.000102567	460.000000	9.88494e-05	460.000000	0.000102513	460.000000	9.91964e-05	460.000000	1.87434e-08	
470.000000	8.30951e-05	470.000000	9.82543e-05	470.000000	0.000101641	470.000000	9.79189e-05	470.000000	0.000101593	470.000000	9.82359e-05	470.000000	1.83773e-08	
480.000000	8.23233e-05	480.000000	9.73346e-05	480.000000	0.000100755	480.000000	9.7029e-05	480.000000	0.000100709	480.000000	9.73166e-05	480.000000	1.80257e-08	
490.000000	8.15829e-05	490.000000	9.64537e-05	490.000000	9.99072e-05	490.000000	9.61773e-05	490.000000	9.98625e-05	490.000000	9.6436e-05	490.000000	1.76878e-08	
500.000000	8.08722e-05	500.000000	9.56094e-05	500.000000	9.90952e-05	500.000000	9.53616e-05	500.000000	9.90529e-05	500.000000	9.5592e-05	500.000000	1.73628e-08	
520.000000	7.95335e-05	520.000000	9.40222e-05	520.000000	9.75696e-05	520.000000	9.38299e-05	520.000000	9.75308e-05	520.000000	9.40054e-05	520.000000	1.67488e-08	
540.000000	7.82953e-05	540.000000	9.25582e-05	540.000000	9.61633e-05	540.000000	9.2419e-05	540.000000	9.61263e-05	540.000000	9.2542e-05	540.000000	1.61782e-08	
560.000000	7.71475e-05	560.000000	9.12046e-05	560.000000	9.48647e-05	560.000000	9.11163e-05	560.000000	9.48298e-05	560.000000	9.11889e-05	560.000000	1.56467e-08	
580.000000	7.60814e-05	580.000000	8.99504e-05	580.000000	9.36627e-05	580.000000	8.99107e-05	580.000000	9.36264e-05	580.000000	8.99352e-05	580.000000	1.51503e-08	
600.000000	7.50893e-05	600.000000	8.87859e-05	600.000000	9.25435e-05	600.000000	8.87926e-05	600.000000	9.25128e-05	600.000000	8.87712e-05	600.000000	1.46856e-08	
620.000000	7.41644e-05	620.000000	8.77027e-05	620.000000	9.15003e-05	620.000000	8.77536e-05	620.000000	9.14729e-05	620.000000	8.76885e-05	620.000000	1.42495e-08	
640.000000	7.33008e-05	640.000000	8.66935e-05	640.000000	9.05298e-05	640.000000	8.67863e-05	640.000000	9.05063e-05	640.000000	8.66797e-05	640.000000	1.38396e-08	
660.000000	7.24933e-05	660.000000	8.57517e-05	660.000000	8.96264e-05	660.000000	8.58843e-05	660.000000	8.96041e-05	660.000000	8.57382e-05	660.000000	1.34534e-08	
680.000000	7.17372e-05	680.000000	8.48715e-05	680.000000	8.87838e-05	680.000000	8.50419e-05	680.000000	8.87593e-05	680.000000	8.48584e-05	680.000000	1.3089e-08	
700.000000	7.10284e-05	700.000000	8.40478e-05	700.000000	8.79942e-05	700.000000	8.42538e-05	700.000000	8.79707e-05	700.000000	8.40351e-05	700.000000	1.27446e-08	
720.000000	7.03631e-05	720.000000	8.3276e-05	720.000000	8.72522e-05	720.000000	8.35157e-05	720.000000	8.72297e-05	720.000000	8.32636e-05	720.000000	1.24184e-08	
740.000000	6.97382e-05	740.000000	8.25521e-05	740.000000	8.65558e-05	740.000000	8.28234e-05	740.000000	8.65342e-05	740.000000	8.254e-05 	740.000000	1.21092e-08	
760.000000	6.91505e-05	760.000000	8.18723e-05	760.000000	8.59025e-05	760.000000	8.21733e-05	760.000000	8.58823e-05	760.000000	8.18604e-05	760.000000	1.18155e-08	
780.000000	6.85975e-05	780.000000	8.12333e-05	780.000000	8.52872e-05	780.000000	8.15621e-05	780.000000	8.52674e-05	780.000000	8.12218e-05	780.000000	1.15363e-08	
800.000000	6.80765e-05	800.000000	8.06322e-05	800.000000	8.47056e-05	800.000000	8.09869e-05	800.000000	8.46883e-05	800.000000	8.06209e-05	800.000000	1.12705e-08	
820.000000	6.75856e-05	820.000000	8.00663e-05	820.000000	8.41564e-05	820.000000	8.04451e-05	820.000000	8.41438e-05	820.000000	8.00552e-05	820.000000	1.1017e-08	
840.000000	6.71225e-05	840.000000	7.9533e-05	840.000000	8.36397e-05	840.000000	7.99341e-05	840.000000	8.36294e-05	840.000000	7.95223e-05	840.000000	1.07752e-08	
860.000000	6.66856e-05	860.000000	7.90303e-05	860.000000	8.3154e-05	860.000000	7.94519e-05	860.000000	8.31426e-05	860.000000	7.90198e-05	860.000000	1.05441e-08	
880.000000	6.62731e-05	880.000000	7.8556e-05	880.000000	8.26955e-05	880.000000	7.89964e-05	880.000000	8.26835e-05	880.000000	7.85457e-05	880.000000	1.03231e-08	
900.000000	6.58835e-05	900.000000	7.81083e-05	900.000000	8.22606e-05	900.000000	7.85658e-05	900.000000	8.22503e-05	900.000000	7.80982e-05	900.000000	1.01114e-08	
920.000000	6.55155e-05	920.000000	7.76856e-05	920.000000	8.18474e-05	920.000000	7.81584e-05	920.000000	8.18379e-05	920.000000	7.76757e-05	920.000000	9.90866e-09	
940.000000	6.51676e-05	940.000000	7.72862e-05	940.000000	8.14557e-05	940.000000	7.77728e-05	940.000000	8.14479e-05	940.000000	7.72765e-05	940.000000	9.71414e-09	
960.000000	6.48388e-05	960.000000	7.69087e-05	960.000000	8.10855e-05	960.000000	7.74075e-05	960.000000	8.10792e-05	960.000000	7.68992e-05	960.000000	9.52739e-09	
980.000000	6.4528e-05	980.000000	7.65519e-05	980.000000	8.07358e-05	980.000000	7.70613e-05	980.000000	8.07298e-05	980.000000	7.65425e-05	980.000000	9.34795e-09	
1000.000000	6.42341e-05	1000.000000	7.62145e-05	1000.000000	8.04048e-05	1000.000000	7.67329e-05	1000.000000	8.03965e-05	1000.000000	7.62053e-05	1000.000000	9.17539e-09	
1020.000000	6.39562e-05	1020.000000	7.58953e-05	1020.000000	8.00905e-05	1020.000000	7.64213e-05	1020.000000	8.00806e-05	1020.000000	7.58863e-05	1020.000000	9.00931e-09	
1040.000000	6.36935e-05	1040.000000	7.55935e-05	1040.000000	7.97911e-05	1040.000000	7.61255e-05	1040.000000	7.97811e-05	1040.000000	7.55846e-05	1040.000000	8.84936e-09	
1060.000000	6.34451e-05	1060.000000	7.53079e-05	1060.000000	7.95059e-05	1060.000000	7.58445e-05	1060.000000	7.94971e-05	1060.000000	7.52992e-05	1060.000000	8.6952e-09	
1080.000000	6.32103e-05	1080.000000	7.50377e-05	1080.000000	7.92342e-05	1080.000000	7.55775e-05	1080.000000	7.92252e-05	1080.000000	7.50292e-05	1080.000000	8.54651e-09	
1100.000000	6.29885e-05	1100.000000	7.47822e-05	1100.000000	7.89756e-05	1100.000000	7.53237e-05	1100.000000	7.89672e-05	1100.000000	7.47738e-05	1100.000000	8.40301e-09	
1120.000000	6.27789e-05	1120.000000	7.45405e-05	1120.000000	7.87298e-05	1120.000000	7.50824e-05	1120.000000	7.87223e-05	1120.000000	7.45322e-05	1120.000000	8.26442e-09	
1140.000000	6.25809e-05	1140.000000	7.43119e-05	1140.000000	7.8496e-05	1140.000000	7.48528e-05	1140.000000	7.84897e-05	1140.000000	7.43037e-05	1140.000000	8.1305e-09	
1160.000000	6.23941e-05	1160.000000	7.40957e-05	1160.000000	7.82736e-05	1160.000000	7.46343e-05	1160.000000	7.82675e-05	1160.000000	7.40877e-05	1160.000000	8.001e-09 	
1180.000000	6.22178e-05	1180.000000	7.38914e-05	1180.000000	7.80619e-05	1180.000000	7.44264e-05	1180.000000	7.80554e-05	1180.000000	7.38835e-05	1180.000000	7.87572e-09	
1200.000000	6.20516e-05	1200.000000	7.36983e-05	1200.000000	7.78602e-05	1200.000000	7.42284e-05	1200.000000	7.78538e-05	1200.000000	7.36906e-05	1200.000000	7.75444e-09	
1220.000000	6.1895e-05	1220.000000	7.3516e-05	1220.000000	7.76681e-05	1220.000000	7.40399e-05	1220.000000	7.76621e-05	1220.000000	7.35083e-05	1220.000000	7.63697e-09	
1240.000000	6.17476e-05	1240.000000	7.33438e-05	1240.000000	7.74849e-05	1240.000000	7.38603e-05	1240.000000	7.74799e-05	1240.000000	7.33363e-05	1240.000000	7.52314e-09	
1260.000000	6.1609e-05	1260.000000	7.31813e-05	1260.000000	7.73104e-05	1260.000000	7.36893e-05	1260.000000	7.73053e-05	1260.000000	7.31739e-05	1260.000000	7.41277e-09	
1280.000000	6.14788e-05	1280.000000	7.30282e-05	1280.000000	7.7144e-05	1280.000000	7.35263e-05	1280.000000	7.71386e-05	1280.000000	7.30209e-05	1280.000000	7.30572e-09	
1300.000000	6.13567e-05	1300.000000	7.28839e-05	1300.000000	7.69855e-05	1300.000000	7.3371e-05	1300.000000	7.698e-05 	1300.000000	7.28767e-05	1300.000000	7.20182e-09	
1320.000000	6.12422e-05	1320.000000	7.2748e-05	1320.000000	7.68345e-05	1320.000000	7.32229e-05	1320.000000	7.68291e-05	1320.000000	7.27409e-05	1320.000000	7.10094e-09	
1340.000000	6.11351e-05	1340.000000	7.26202e-05	1340.000000	7.66906e-05	1340.000000	7.30819e-05	1340.000000	7.66855e-05	1340.000000	7.26132e-05	1340.000000	7.00296e-09	
1360.000000	6.10351e-05	1360.000000	7.25002e-05	1360.000000	7.65535e-05	1360.000000	7.29474e-05	1360.000000	7.65482e-05	1360.000000	7.24933e-05	1360.000000	6.90774e-09	
1380.000000	6.09419e-05	1380.000000	7.23875e-05	1380.000000	7.64226e-05	1380.000000	7.28193e-05	1380.000000	7.64166e-05	1380.000000	7.23807e-05	1380.000000	6.81516e-09	
1400.000000	6.08553e-05	1400.000000	7.2282e-05	1400.000000	7.62977e-05	1400.000000	7.26971e-05	1400.000000	7.62914e-05	1400.000000	7.22753e-05	1400.000000	6.72513e-09	
1420.000000	6.07748e-05	1420.000000	7.21832e-05	1420.000000	7.61783e-05	1420.000000	7.25807e-05	1420.000000	7.61722e-05	1420.000000	7.21766e-05	1420.000000	6.63753e-09	
1440.000000	6.07005e-05	1440.000000	7.2091e-05	1440.000000	7.60643e-05	1440.000000	7.24698e-05	1440.000000	7.60589e-05	1440.000000	7.20845e-05	1440.000000	6.55226e-09	
1460.000000	6.06319e-05	1460.000000	7.2005e-05	1460.000000	7.59553e-05	1460.000000	7.23641e-05	1460.000000	7.5951e-05	1460.000000	7.19986e-05	1460.000000	6.46924e-09	
1480.000000	6.05689e-05	1480.000000	7.1925e-05	1480.000000	7.58512e-05	1480.000000	7.22633e-05	1480.000000	7.58474e-05	1480.000000	7.19187e-05	1480.000000	6.38837e-09	
1500.000000	6.05113e-05	1500.000000	7.18508e-05	1500.000000	7.57518e-05	1500.000000	7.21674e-05	1500.000000	7.57485e-05	1500.000000	7.18445e-05	1500.000000	6.30957e-09	
1520.000000	6.04589e-05	1520.000000	7.17822e-05	1520.000000	7.5657e-05	1520.000000	7.2076e-05	1520.000000	7.56545e-05	1520.000000	7.17759e-05	1520.000000	6.23276e-09	
1540.000000	6.04114e-05	1540.000000	7.17188e-05	1540.000000	7.55667e-05	1540.000000	7.1989e-05	1540.000000	7.55651e-05	1540.000000	7.17127e-05	1540.000000	6.15786e-09	
1560.000000	6.03688e-05	1560.000000	7.16606e-05	1560.000000	7.54807e-05	1560.000000	7.19061e-05	1560.000000	7.54801e-05	1560.000000	7.16545e-05	1560.000000	6.08481e-09	
1580.000000	6.03309e-05	1580.000000	7.16073e-05	1580.000000	7.53989e-05	1580.000000	7.18273e-05	1580.000000	7.53993e-05	1580.000000	7.16013e-05	1580.000000	6.01353e-09	
1600.000000	6.02974e-05	1600.000000	7.15588e-05	1600.000000	7.53212e-05	1600.000000	7.17522e-05	1600.000000	7.53219e-05	1600.000000	7.15528e-05	1600.000000	5.94396e-09	
1620.000000	6.02683e-05	1620.000000	7.15148e-05	1620.000000	7.52474e-05	1620.000000	7.16809e-05	1620.000000	7.5248e-05	1620.000000	7.1509e-05	1620.000000	5.87605e-09	
1640.000000	6.02434e-05	1640.000000	7.14753e-05	1640.000000	7.51774e-05	1640.000000	7.1613e-05	1640.000000	7.51777e-05	1640.000000	7.14695e-05	1640.000000	5.80972e-09	
1660.000000	6.02225e-05	1660.000000	7.144e-05 	1660.000000	7.5111e-05	1660.000000	7.15486e-05	1660.000000	7.51111e-05	1660.000000	7.14343e-05	1660.000000	5.74493e-09	
1680.000000	6.02056e-05	1680.000000	7.14088e-05	1680.000000	7.50479e-05	1680.000000	7.14874e-05	1680.000000	7.50478e-05	1680.000000	7.14031e-05	1680.000000	5.68162e-09	
1700.000000	6.01925e-05	1700.000000	7.13816e-05	1700.000000	7.4988e-05	1700.000000	7.14292e-05	1700.000000	7.49879e-05	1700.000000	7.1376e-05	1700.000000	5.61973e-09	
1750.000000	6.01755e-05	1750.000000	7.133e-05 	1750.000000	7.48512e-05	1750.000000	7.12968e-05	1750.000000	7.48503e-05	1750.000000	7.13245e-05	1750.000000	5.47098e-09	
1800.000000	6.01799e-05	1800.000000	7.13003e-05	1800.000000	7.47311e-05	1800.000000	7.11811e-05	1800.000000	7.47295e-05	1800.000000	7.12949e-05	1800.000000	5.33016e-09	
1850.000000	6.02039e-05	1850.000000	7.12907e-05	1850.000000	7.4626e-05	1850.000000	7.10808e-05	1850.000000	7.4625e-05	1850.000000	7.12855e-05	1850.000000	5.19665e-09	
1900.000000	6.02462e-05	1900.000000	7.12998e-05	1900.000000	7.45345e-05	1900.000000	7.09944e-05	1900.000000	7.4534e-05	1900.000000	7.12947e-05	1900.000000	5.0699e-09	
1950.000000	6.03056e-05	1950.000000	7.1326e-05	1950.000000	7.44557e-05	1950.000000	7.09206e-05	1950.000000	7.44557e-05	1950.000000	7.13211e-05	1950.000000	4.9494e-09	
2000.000000	6.03809e-05	2000.000000	7.13681e-05	2000.000000	7.43885e-05	2000.000000	7.08583e-05	2000.000000	7.43897e-05	2000.000000	7.13633e-05	2000.000000	4.83469e-09	
2100.000000	6.05751e-05	2100.000000	7.14955e-05	2100.000000	7.42855e-05	2100.000000	7.07643e-05	2100.000000	7.42877e-05	2100.000000	7.14909e-05	2100.000000	4.62102e-09	
2200.000000	6.08216e-05	2200.000000	7.16738e-05	2200.000000	7.42188e-05	2200.000000	7.07055e-05	2200.000000	7.42224e-05	2200.000000	7.16694e-05	2200.000000	4.42604e-09	
2300.000000	6.11144e-05	2300.000000	7.18964e-05	2300.000000	7.41827e-05	2300.000000	7.06762e-05	2300.000000	7.41861e-05	2300.000000	7.18922e-05	2300.000000	4.24738e-09	
2400.000000	6.14484e-05	2400.000000	7.21578e-05	2400.000000	7.41725e-05	2400.000000	7.06719e-05	2400.000000	7.4176e-05	2400.000000	7.21537e-05	2400.000000	4.08304e-09	
2500.000000	6.18195e-05	2500.000000	7.24533e-05	2500.000000	7.4184e-05	2500.000000	7.06886e-05	2500.000000	7.41867e-05	2500.000000	7.24494e-05	2500.000000	3.93136e-09	
2600.000000	6.22238e-05	2600.000000	7.27789e-05	2600.000000	7.42138e-05	2600.000000	7.07232e-05	2600.000000	7.42164e-05	2600.000000	7.27751e-05	2600.000000	3.7909e-09	
2700.000000	6.26584e-05	2700.000000	7.31312e-05	2700.000000	7.4259e-05	2700.000000	7.0773e-05	2700.000000	7.42609e-05	2700.000000	7.31275e-05	2700.000000	3.66046e-09	
2800.000000	6.31205e-05	2800.000000	7.35073e-05	2800.000000	7.43171e-05	2800.000000	7.08358e-05	2800.000000	7.43195e-05	2800.000000	7.35038e-05	2800.000000	3.53899e-09	
2900.000000	6.36077e-05	2900.000000	7.39048e-05	2900.000000	7.43862e-05	2900.000000	7.09096e-05	2900.000000	7.43885e-05	2900.000000	7.39014e-05	2900.000000	3.42558e-09	
3000.000000	6.41182e-05	3000.000000	7.43214e-05	3000.000000	7.44648e-05	3000.000000	7.09929e-05	3000.000000	7.44679e-05	3000.000000	7.43181e-05	3000.000000	3.31944e-09	
3200.000000	6.52015e-05	3200.000000	7.52047e-05	3200.000000	7.46455e-05	3200.000000	7.11826e-05	3200.000000	7.46497e-05	3200.000000	7.52016e-05	3200.000000	3.12635e-09	
3400.000000	6.63587e-05	3400.000000	7.61447e-05	3400.000000	7.48514e-05	3400.000000	7.1396e-05	3400.000000	7.48561e-05	3400.000000	7.61417e-05	3400.000000	2.95516e-09	
3600.000000	6.75805e-05	3600.000000	7.71316e-05	3600.000000	7.50763e-05	3600.000000	7.16265e-05	3600.000000	7.50804e-05	3600.000000	7.71288e-05	3600.000000	2.8023e-09	
3800.000000	6.88592e-05	3800.000000	7.81577e-05	3800.000000	7.53152e-05	3800.000000	7.18692e-05	3800.000000	7.53171e-05	3800.000000	7.8155e-05	3800.000000	2.66495e-09	
4000.000000	7.01891e-05	4000.000000	7.92168e-05	4000.000000	7.55638e-05	4000.000000	7.21205e-05	4000.000000	7.55627e-05	4000.000000	7.92143e-05	4000.000000	2.54084e-09	
4200.000000	7.15652e-05	4200.000000	8.0304e-05	4200.000000	7.58179e-05	4200.000000	7.23774e-05	4200.000000	7.58146e-05	4200.000000	8.03016e-05	4200.000000	2.42812e-09	
4400.000000	7.29835e-05	4400.000000	8.14151e-05	4400.000000	7.6075e-05	4400.000000	7.26377e-05	4400.000000	7.60697e-05	4400.000000	8.14128e-05	4400.000000	2.32529e-09	
4600.000000	7.44407e-05	4600.000000	8.25469e-05	4600.000000	7.63331e-05	4600.000000	7.28999e-05	4600.000000	7.63272e-05	4600.000000	8.25446e-05	4600.000000	2.23108e-09	
4800.000000	7.59338e-05	4800.000000	8.36964e-05	4800.000000	7.65909e-05	4800.000000	7.31626e-05	4800.000000	7.65852e-05	4800.000000	8.36943e-05	4800.000000	2.14443e-09	
5000.000000	7.74606e-05	5000.000000	8.48614e-05	5000.000000	7.68475e-05	5000.000000	7.34247e-05	5000.000000	7.68429e-05	5000.000000	8.48593e-05	5000.000000	2.06448e-09	
5250.000000	7.94134e-05	5250.000000	8.63364e-05	5250.000000	7.71655e-05	5250.000000	7.37506e-05	5250.000000	7.71633e-05	5250.000000	8.63344e-05	5250.000000	1.97279e-09	
5500.000000	8.14123e-05	5500.000000	8.78292e-05	5500.000000	7.74797e-05	5500.000000	7.40732e-05	5500.000000	7.74806e-05	5500.000000	8.78273e-05	5500.000000	1.88915e-09	
6000.000000	8.5538e-05	6000.000000	9.08582e-05	6000.000000	7.80961e-05	6000.000000	7.47061e-05	6000.000000	7.81031e-05	6000.000000	9.08564e-05	6000.000000	1.74205e-09	
6500.000000	8.98203e-05	6500.000000	9.3932e-05	6500.000000	7.87009e-05	6500.000000	7.53194e-05	6500.000000	7.87063e-05	6500.000000	9.39304e-05	6500.000000	1.61682e-09	
7000.000000	9.42469e-05	7000.000000	9.70392e-05	7000.000000	7.9282e-05	7000.000000	7.59114e-05	7000.000000	7.92882e-05	7000.000000	9.70377e-05	7000.000000	1.50888e-09	
7500.000000	9.88086e-05	7500.000000	0.000100171	7500.000000	7.98424e-05	7500.000000	7.64816e-05	7500.000000	7.98483e-05	7500.000000	0.00010017	7500.000000	1.41485e-09	
8000.000000	0.000103498	8000.000000	0.000103322	8000.000000	8.03803e-05	8000.000000	7.70303e-05	8000.000000	8.03867e-05	8000.000000	0.000103321	8000.000000	1.33217e-09	
8500.000000	0.000108311	8500.000000	0.000106488	8500.000000	8.08968e-05	8500.000000	7.75582e-05	8500.000000	8.0904e-05	8500.000000	0.000106486	8500.000000	1.25889e-09	
9000.000000	0.000113242	9000.000000	0.000109663	9000.000000	8.13938e-05	9000.000000	7.80661e-05	9000.000000	8.14012e-05	9000.000000	0.000109662	9000.000000	1.19348e-09	
9500.000000	0.000118289	9500.000000	0.000112847	9500.000000	8.18723e-05	9500.000000	7.85551e-05	9500.000000	8.18793e-05	9500.000000	0.000112846	9500.000000	1.13472e-09	
10000.000000	0.000123449	10000.000000	0.000116037	10000.000000	8.23333e-05	10000.000000	7.90261e-05	10000.000000	8.2339e-05	10000.000000	0.000116036	10000.000000	1.08164e-09	
11000.000000	0.000134098	11000.000000	0.000122427	11000.000000	8.32034e-05	11000.000000	7.99184e-05	11000.000000	8.3208e-05	11000.000000	0.000122426	11000.000000	9.89481e-10	
12000.000000	0.000145179	12000.000000	0.000128825	12000.000000	8.40099e-05	12000.000000	8.07503e-05	12000.000000	8.40156e-05	12000.000000	0.000128824	12000.000000	9.12191e-10	
13000.000000	0.000156682	13000.000000	0.000135224	13000.000000	8.47616e-05	13000.000000	8.15288e-05	13000.000000	8.47684e-05	13000.000000	0.000135223	13000.000000	8.46411e-10	
14000.000000	0.000168602	14000.000000	0.000141619	14000.000000	8.54662e-05	14000.000000	8.22597e-05	14000.000000	8.54723e-05	14000.000000	0.000141618	14000.000000	7.89725e-10	
15000.000000	0.000180935	15000.000000	0.000148009	15000.000000	8.61281e-05	15000.000000	8.29481e-05	15000.000000	8.61324e-05	15000.000000	0.000148008	15000.000000	7.40355e-10	
16000.000000	0.000193679	16000.000000	0.00015439	16000.000000	8.67495e-05	16000.000000	8.35984e-05	16000.000000	8.67532e-05	16000.000000	0.00015439	16000.000000	6.96957e-10	
17000.000000	0.000206833	17000.000000	0.000160763	17000.000000	8.73342e-05	17000.000000	8.42143e-05	17000.000000	8.73387e-05	17000.000000	0.000160762	17000.000000	6.58501e-10	
18000.000000	0.000220395	18000.000000	0.000167126	18000.000000	8.78862e-05	18000.000000	8.47993e-05	18000.000000	8.78922e-05	18000.000000	0.000167125	18000.000000	6.24181e-10	
19000.000000	0.000234366	19000.000000	0.000173479	19000.000000	8.84094e-05	19000.000000	8.53561e-05	19000.000000	8.84159e-05	19000.000000	0.000173478	19000.000000	5.93357e-10	
20000.000000	0.000248746	20000.000000	0.000179821	20000.000000	8.8907e-05	20000.000000	8.58872e-05	20000.000000	8.89132e-05	20000.000000	0.000179821	20000.000000	5.65517e-10	
21000.000000	0.000263535	21000.000000	0.000186153	21000.000000	8.93806e-05	21000.000000	8.63949e-05	21000.000000	8.93861e-05	21000.000000	0.000186152	21000.000000	5.40244e-10	
22000.000000	0.000278735	22000.000000	0.000192474	22000.000000	8.98298e-05	22000.000000	8.6881e-05	22000.000000	8.9836e-05	22000.000000	0.000192473	22000.000000	5.17194e-10	
23000.000000	0.000294345	23000.000000	0.000198784	23000.000000	9.02584e-05	23000.000000	8.73473e-05	23000.000000	9.02658e-05	23000.000000	0.000198784	23000.000000	4.96085e-10	
24000.000000	0.000310369	24000.000000	0.000205084	24000.000000	9.06686e-05	24000.000000	8.77954e-05	24000.000000	9.06756e-05	24000.000000	0.000205084	24000.000000	4.76678e-10	
25000.000000	0.000326806	25000.000000	0.000211374	25000.000000	9.10613e-05	25000.000000	8.82264e-05	25000.000000	9.10683e-05	25000.000000	0.000211373	25000.000000	4.58775e-10	
26000.000000	0.000343659	26000.000000	0.000217653	26000.000000	9.14372e-05	26000.000000	8.86418e-05	26000.000000	9.14435e-05	26000.000000	0.000217653	26000.000000	4.42205e-10	
27000.000000	0.000360929	27000.000000	0.000223923	27000.000000	9.17974e-05	27000.000000	8.90425e-05	27000.000000	9.18042e-05	27000.000000	0.000223922	27000.000000	4.26823e-10	
28000.000000	0.000378618	28000.000000	0.000230182	28000.000000	9.21431e-05	28000.000000	8.94296e-05	28000.000000	9.21494e-05	28000.000000	0.000230182	28000.000000	4.12505e-10	
29000.000000	0.000396728	29000.000000	0.000236432	29000.000000	9.24755e-05	29000.000000	8.98039e-05	29000.000000	9.24818e-05	29000.000000	0.000236432	29000.000000	3.99143e-10	
30000.000000	0.00041526	30000.000000	0.000242673	30000.000000	9.27956e-05	30000.000000	9.01662e-05	30000.000000	9.28011e-05	30000.000000	0.000242672	30000.000000	3.86644e-10	
32000.000000	0.000453599	32000.000000	0.000255126	32000.000000	9.34007e-05	32000.000000	9.08578e-05	32000.000000	9.34052e-05	32000.000000	0.000255126	32000.000000	3.63916e-10	
34000.000000	0.000493653	34000.000000	0.000267545	34000.000000	9.39633e-05	34000.000000	9.15096e-05	34000.000000	9.39663e-05	34000.000000	0.000267545	34000.000000	3.4378e-10	
36000.000000	0.000535437	36000.000000	0.00027993	36000.000000	9.44861e-05	36000.000000	9.21257e-05	36000.000000	9.44893e-05	36000.000000	0.00027993	36000.000000	3.25812e-10	
38000.000000	0.000578969	38000.000000	0.000292283	38000.000000	9.49733e-05	38000.000000	9.271e-05 	38000.000000	9.49788e-05	38000.000000	0.000292282	38000.000000	3.09678e-10	
40000.000000	0.000624266	40000.000000	0.000304605	40000.000000	9.54295e-05	40000.000000	9.32655e-05	40000.000000	9.54373e-05	40000.000000	0.000304605	40000.000000	2.95108e-10	
42000.000000	0.000671348	42000.000000	0.000316898	42000.000000	9.58586e-05	42000.000000	9.37949e-05	42000.000000	9.58677e-05	42000.000000	0.000316898	42000.000000	2.81883e-10	
44000.000000	0.000720232	44000.000000	0.000329163	44000.000000	9.62645e-05	44000.000000	9.43004e-05	44000.000000	9.62736e-05	44000.000000	0.000329162	44000.000000	2.69824e-10	
46000.000000	0.000770937	46000.000000	0.0003414 	46000.000000	9.66504e-05	46000.000000	9.47843e-05	46000.000000	9.66553e-05	46000.000000	0.0003414 	46000.000000	2.58781e-10	
48000.000000	0.000823483	48000.000000	0.000353612	48000.000000	9.70175e-05	48000.000000	9.52482e-05	48000.000000	9.70168e-05	48000.000000	0.000353612	48000.000000	2.4863e-10	
50000.000000	0.000877888	50000.000000	0.000365799	50000.000000	9.73641e-05	50000.000000	9.56937e-05	50000.000000	9.73582e-05	50000.000000	0.000365799	50000.000000	2.39267e-10	
