! 109Rh energy loss (dE/dX) in He
! apply ZOOM for details
Energy (MeV/u)1	0 - [He-base] F.Hubert et al, AD&ND Tables 46(1990)1	Energy (MeV/u)2	1 - [H -base] J.F.Ziegler et al,Pergamon Press,NY(low energy)	Energy (MeV/u)3	2 - ATIMA 1.2 LS-theory (recommended for high energy)	Energy (MeV/u)4	3 - ATIMA 1.2 without LS-correction	Energy (MeV/u)5	4 - ATIMA 1.4 H.Weick, improved mean charge formula for HI	Energy (MeV/u)6	5 - electrical component of [1] - J.F.Ziegler et al	Energy (MeV/u)7	6 - nuclear component of [1] - J.F.Ziegler et al	
0.001000	11.9109   	0.001000	14.4732   	0.001000	12.2761   	0.001000	12.2761   	0.001000	12.2766   	0.001000	3.61466   	0.001000	10.8585   	
0.002000	12.2825   	0.002000	14.8624   	0.002000	12.1794   	0.002000	12.1794   	0.002000	12.1798   	0.002000	4.68763   	0.002000	10.1747   	
0.005000	12.261    	0.005000	14.6821   	0.005000	11.2419   	0.005000	11.2419   	0.005000	11.2422   	0.005000	6.60969   	0.005000	8.07245   	
0.008000	12.2934   	0.008000	14.608    	0.008000	10.7333   	0.008000	10.7333   	0.008000	10.7335   	0.008000	7.88363   	0.008000	6.72435   	
0.010000	12.3802   	0.010000	14.652    	0.010000	10.5624   	0.010000	10.5624   	0.010000	10.5626   	0.010000	8.57171   	0.010000	6.08024   	
0.015000	12.7183   	0.015000	14.9388   	0.015000	10.4489   	0.015000	10.4489   	0.015000	10.449    	0.015000	9.97933   	0.015000	4.95945   	
0.020000	13.1329   	0.020000	15.3454   	0.020000	10.5678   	0.020000	10.5678   	0.020000	10.5679   	0.020000	11.1161   	0.020000	4.22924   	
0.025000	13.5703   	0.025000	15.7961   	0.025000	10.7965   	0.025000	10.7965   	0.025000	10.7966   	0.025000	12.0863   	0.025000	3.70972   	
0.030000	14.0092   	0.030000	16.2598   	0.030000	11.0813   	0.030000	11.0813   	0.030000	11.0814   	0.030000	12.9416   	0.030000	3.31816   	
0.035000	14.4407   	0.035000	16.7225   	0.035000	11.3959   	0.035000	11.3959   	0.035000	11.396    	0.035000	13.7117   	0.035000	3.01077   	
0.040000	14.8611   	0.040000	17.1779   	0.040000	11.7261   	0.040000	11.7261   	0.040000	11.7262   	0.040000	14.4158   	0.040000	2.76204   	
0.045000	15.2689   	0.045000	17.6228   	0.045000	12.0638   	0.045000	12.0638   	0.045000	12.0638   	0.045000	15.0668   	0.045000	2.55599   	
0.050000	15.6639   	0.050000	18.0561   	0.050000	12.4042   	0.050000	12.4042   	0.050000	12.4042   	0.050000	15.674    	0.050000	2.38209   	
0.055000	16.0464   	0.055000	18.4774   	0.055000	12.7443   	0.055000	12.7443   	0.055000	12.7444   	0.055000	16.2444   	0.055000	2.23306   	
0.060000	16.9811   	0.060000	18.8869   	0.060000	13.0823   	0.060000	13.0823   	0.060000	13.0824   	0.060000	16.7832   	0.060000	2.10371   	
0.070000	18.7718   	0.070000	20.1524   	0.070000	14.1458   	0.070000	14.1458   	0.070000	14.1459   	0.070000	18.2626   	0.070000	1.88975   	
0.080000	20.6819   	0.080000	22.7178   	0.080000	16.3546   	0.080000	16.3546   	0.080000	16.3547   	0.080000	21.0144   	0.080000	1.70343   	
0.090000	22.4273   	0.090000	25.2408   	0.090000	18.6145   	0.090000	18.6145   	0.090000	18.6145   	0.090000	23.6748   	0.090000	1.56597   	
0.100000	24.0159   	0.100000	27.6805   	0.100000	20.8708   	0.100000	20.8708   	0.100000	20.8709   	0.100000	26.2294   	0.100000	1.45109   	
0.120000	26.2245   	0.120000	32.251    	0.120000	25.2694   	0.120000	25.2694   	0.120000	25.2694   	0.120000	30.9816   	0.120000	1.2694    	
0.140000	28.0821   	0.140000	36.3703   	0.140000	29.403    	0.140000	29.403    	0.140000	29.4031   	0.140000	35.2387   	0.140000	1.13165   	
0.160000	29.7707   	0.160000	40.0462   	0.160000	33.1972   	0.160000	33.1972   	0.160000	33.1973   	0.160000	39.023    	0.160000	1.02324   	
0.180000	31.3907   	0.180000	43.3169   	0.180000	36.6255   	0.180000	36.6255   	0.180000	36.6255   	0.180000	42.3814   	0.180000	0.935451  	
0.200000	33.1221   	0.200000	46.3102   	0.200000	39.6915   	0.200000	39.6915   	0.200000	39.6915   	0.200000	45.4474   	0.200000	0.862763  	
0.250000	36.2564   	0.250000	52.8572   	0.250000	45.9339   	0.250000	45.9339   	0.250000	45.934    	0.250000	52.1316   	0.250000	0.72555   	
0.300000	39.1429   	0.300000	57.9108   	0.300000	50.5574   	0.300000	50.5574   	0.300000	50.5574   	0.300000	57.2821   	0.300000	0.628687  	
0.350000	41.7715   	0.350000	61.9009   	0.350000	54.0447   	0.350000	54.0447   	0.350000	54.0448   	0.350000	61.3446   	0.350000	0.556312  	
0.400000	44.1374   	0.400000	65.1152   	0.400000	56.7591   	0.400000	56.7591   	0.400000	56.7591   	0.400000	64.6152   	0.400000	0.49999   	
0.450000	46.7179   	0.450000	68.2872   	0.450000	58.9466   	0.450000	58.9466   	0.450000	58.9467   	0.450000	67.8324   	0.450000	0.454799  	
0.500000	49.1309   	0.500000	71.3544   	0.500000	60.7674   	0.500000	60.7674   	0.500000	60.7674   	0.500000	70.9368   	0.500000	0.417662  	
0.600000	51.3449   	0.600000	76.0486   	0.600000	63.6821   	0.600000	63.6821   	0.600000	63.6822   	0.600000	75.6885   	0.600000	0.360082  	
0.700000	52.4314   	0.700000	79.3709   	0.700000	66.7871   	0.700000	66.7871   	0.700000	66.7871   	0.700000	79.0536   	0.700000	0.317361  	
0.800000	54.817    	0.800000	81.7496   	0.800000	69.5465   	0.800000	69.5465   	0.800000	69.5466   	0.800000	81.4653   	0.800000	0.284299  	
0.900000	56.9664   	0.900000	83.8489   	0.900000	71.753    	0.900000	71.753    	0.900000	71.753    	0.900000	83.591    	0.900000	0.257892  	
1.000000	58.68     	1.000000	85.4084   	1.000000	73.5318   	1.000000	73.5318   	1.000000	73.5318   	1.000000	85.1722   	1.000000	0.236274  	
1.250000	61.4404   	1.250000	87.5991   	1.250000	76.6195   	1.250000	76.6195   	1.250000	76.6196   	1.250000	87.403    	1.250000	0.196087  	
1.500000	62.609    	1.500000	87.923    	1.500000	78.3716   	1.500000	78.3716   	1.500000	78.3717   	1.500000	87.7548   	1.500000	0.168219  	
1.750000	62.5676   	1.750000	86.7347   	1.750000	79.2583   	1.750000	79.2583   	1.750000	79.2584   	1.750000	86.587    	1.750000	0.147675  	
2.000000	62.2412   	2.000000	85.4289   	2.000000	79.5656   	2.000000	79.5656   	2.000000	79.5657   	2.000000	85.297    	2.000000	0.131859  	
2.250000	61.831    	2.250000	84.067    	2.250000	79.4769   	2.250000	79.4769   	2.250000	79.4769   	2.250000	83.9477   	2.250000	0.119281  	
2.500000	88.2787   	2.500000	82.6759   	2.500000	79.114    	2.500000	79.114    	2.500000	79.114    	2.500000	82.5669   	2.500000	0.109021  	
3.000000	85.2409   	3.000000	79.8802   	3.000000	77.8725   	3.000000	77.8725   	3.000000	77.8726   	3.000000	79.7869   	3.000000	0.0932571 	
3.500000	82.0124   	3.500000	77.2079   	3.500000	76.2499   	3.500000	76.2499   	3.500000	76.25     	3.500000	77.1262   	3.500000	0.0816784 	
4.000000	78.8288   	4.000000	74.6786   	4.000000	74.4555   	4.000000	74.4555   	4.000000	74.4555   	4.000000	74.6058   	4.000000	0.0727903 	
4.500000	75.7877   	4.500000	72.2949   	4.500000	72.3609   	4.500000	72.3609   	4.500000	72.361    	4.500000	72.2291   	4.500000	0.0657388 	
5.000000	72.9257   	5.000000	70.0518   	5.000000	70.3005   	5.000000	70.3005   	5.000000	70.3005   	5.000000	69.9918   	5.000000	0.0599992 	
5.500000	70.2508   	5.500000	67.9361   	5.500000	68.349    	5.500000	68.349    	5.500000	68.349    	5.500000	67.8809   	5.500000	0.0552309 	
6.000000	67.7582   	6.000000	65.938    	6.000000	66.5011   	6.000000	66.5011   	6.000000	66.5011   	6.000000	65.8868   	6.000000	0.0512025 	
6.500000	65.4374   	6.500000	64.0596   	6.500000	64.7507   	6.500000	64.7507   	6.500000	64.7507   	6.500000	64.0119   	6.500000	0.0477514 	
7.000000	63.2756   	7.000000	62.2901   	7.000000	63.0914   	7.000000	63.0914   	7.000000	63.0915   	7.000000	62.2453   	7.000000	0.0447597 	
7.500000	61.2597   	7.500000	60.5939   	7.500000	61.5171   	7.500000	61.5171   	7.500000	61.5172   	7.500000	60.5518   	7.500000	0.0421399 	
8.000000	59.377    	8.000000	59.005    	8.000000	60.0218   	8.000000	60.0218   	8.000000	60.0219   	8.000000	58.9652   	8.000000	0.0398256 	
8.500000	57.6159   	8.500000	57.5101   	8.500000	58.6      	8.500000	58.6      	8.500000	58.6      	8.500000	57.4724   	8.500000	0.0377653 	
9.000000	55.9654   	9.000000	56.0988   	9.000000	57.2465   	9.000000	57.2465   	9.000000	57.2465   	9.000000	56.0629   	9.000000	0.0359187 	
9.500000	54.416    	9.500000	54.7618   	9.500000	55.9566   	9.500000	55.9566   	9.500000	55.9566   	9.500000	54.7275   	9.500000	0.0342536 	
10.000000	52.9587   	10.000000	51.2632   	10.000000	54.7259   	10.000000	54.7259   	10.000000	54.7259   	10.000000	51.2304   	10.000000	0.032744  	
11.000000	50.2901   	11.000000	49.6534   	11.000000	51.9767   	11.000000	52.5161   	11.000000	52.8762   	11.000000	49.6233   	11.000000	0.0301103 	
12.000000	47.9056   	12.000000	48.1121   	12.000000	49.5137   	12.000000	50.5016   	12.000000	51.1202   	12.000000	48.0842   	12.000000	0.0278882 	
13.000000	45.7619   	13.000000	46.6458   	13.000000	47.2956   	13.000000	48.6593   	13.000000	49.4606   	13.000000	46.6198   	13.000000	0.0259867 	
14.000000	43.8239   	14.000000	45.2557   	14.000000	45.2891   	14.000000	46.9694   	14.000000	47.8961   	14.000000	45.2313   	14.000000	0.0243401 	
15.000000	42.0628   	15.000000	43.9402   	15.000000	43.4676   	15.000000	45.4145   	15.000000	46.4233   	15.000000	43.9173   	15.000000	0.0228995 	
16.000000	40.4549   	16.000000	42.6963   	16.000000	41.808    	16.000000	43.9802   	16.000000	45.038    	16.000000	42.6746   	16.000000	0.021628  	
17.000000	38.9806   	17.000000	41.52     	17.000000	40.2908   	17.000000	42.6536   	17.000000	43.7353   	17.000000	41.4995   	17.000000	0.020497  	
18.000000	37.6236   	18.000000	40.4072   	18.000000	38.8997   	18.000000	41.4237   	18.000000	42.5081   	18.000000	40.3878   	18.000000	0.019484  	
19.000000	36.3701   	19.000000	39.3539   	19.000000	37.6207   	19.000000	40.2811   	19.000000	41.3539   	19.000000	39.3353   	19.000000	0.0185712 	
20.000000	35.2083   	20.000000	38.356    	20.000000	36.4417   	20.000000	39.2173   	20.000000	40.2686   	20.000000	38.3382   	20.000000	0.0177442 	
21.000000	34.1282   	21.000000	37.4096   	21.000000	35.3526   	21.000000	38.2252   	21.000000	39.2436   	21.000000	37.3926   	21.000000	0.0169912 	
22.000000	33.1214   	22.000000	36.5113   	22.000000	34.3449   	22.000000	37.2982   	22.000000	38.2795   	22.000000	36.495    	22.000000	0.0163026 	
23.000000	32.1804   	23.000000	35.6576   	23.000000	33.4112   	23.000000	36.4308   	23.000000	37.369    	23.000000	35.6419   	23.000000	0.0156703 	
24.000000	31.2987   	24.000000	34.8455   	24.000000	32.5447   	24.000000	35.6179   	24.000000	36.5106   	24.000000	34.8304   	24.000000	0.0150876 	
25.000000	30.4708   	25.000000	34.0721   	25.000000	31.7388   	25.000000	34.8551   	25.000000	35.6997   	25.000000	34.0575   	25.000000	0.0145487 	
27.000000	28.9572   	27.000000	32.6313   	27.000000	30.2859   	27.000000	33.4641   	27.000000	34.2097   	27.000000	32.6178   	27.000000	0.0135839 	
29.000000	27.607    	29.000000	31.3168   	29.000000	29.0202   	29.000000	32.2309   	29.000000	32.8772   	29.000000	31.3041   	29.000000	0.0127446 	
31.000000	26.3942   	31.000000	30.1128   	31.000000	27.9576   	31.000000	31.0224   	31.000000	31.5107   	31.000000	30.1008   	31.000000	0.0120076 	
33.000000	25.2984   	33.000000	29.0062   	33.000000	27.0272   	33.000000	29.8174   	33.000000	30.1244   	33.000000	28.9948   	33.000000	0.0113548 	
35.000000	24.3031   	35.000000	27.9856   	35.000000	26.1622   	35.000000	28.7114   	35.000000	28.8761   	35.000000	27.9748   	35.000000	0.0107726 	
38.000000	22.9693   	38.000000	26.5953   	38.000000	24.9768   	38.000000	27.2126   	38.000000	27.2188   	38.000000	26.5853   	38.000000	0.0100078 	
41.000000	21.7952   	41.000000	25.3504   	41.000000	23.9053   	41.000000	25.8777   	41.000000	25.7729   	41.000000	25.341    	41.000000	0.00934888	
44.000000	20.753    	44.000000	24.229    	44.000000	22.9331   	44.000000	24.6809   	44.000000	24.4989   	44.000000	24.2202   	44.000000	0.008775  	
47.000000	19.8212   	47.000000	23.2137   	47.000000	22.0485   	47.000000	23.6018   	47.000000	23.3669   	47.000000	23.2054   	47.000000	0.00827046	
50.000000	18.9826   	50.000000	22.29     	50.000000	21.2374   	50.000000	22.6236   	50.000000	22.3533   	50.000000	22.2822   	50.000000	0.00782323	
55.000000	17.7562   	55.000000	20.9228   	55.000000	20.0276   	55.000000	21.1819   	55.000000	20.8785   	55.000000	20.9156   	55.000000	0.00718064	
60.000000	16.7034   	60.000000	19.7342   	60.000000	18.9654   	60.000000	19.9344   	60.000000	19.6179   	60.000000	19.7276   	60.000000	0.00663967	
65.000000	15.7888   	65.000000	18.6914   	65.000000	18.0306   	65.000000	18.8444   	65.000000	18.5283   	65.000000	18.6852   	65.000000	0.00617768	
70.000000	14.9864   	70.000000	17.7689   	70.000000	17.1962   	70.000000	17.8838   	70.000000	17.5766   	70.000000	17.7631   	70.000000	0.00577833	
75.000000	14.2762   	75.000000	16.9471   	75.000000	16.4501   	75.000000	17.0309   	75.000000	16.7641   	75.000000	16.9416   	75.000000	0.00542953	
80.000000	13.6427   	80.000000	16.2103   	80.000000	15.7784   	80.000000	16.2685   	80.000000	16.0377   	80.000000	16.2052   	80.000000	0.00512213	
85.000000	13.074    	85.000000	15.546    	85.000000	15.1683   	85.000000	15.583    	85.000000	15.3839   	85.000000	15.5411   	85.000000	0.00484906	
90.000000	12.5603   	90.000000	14.944    	90.000000	14.6144   	90.000000	14.9633   	90.000000	14.793    	90.000000	14.9394   	90.000000	0.00460481	
95.000000	12.0939   	95.000000	14.3959   	95.000000	14.1099   	95.000000	14.4005   	95.000000	14.2575   	95.000000	14.3915   	95.000000	0.00438499	
100.000000	11.6682   	100.000000	13.8948   	100.000000	13.6453   	100.000000	13.8871   	100.000000	13.7692   	100.000000	13.8906   	100.000000	0.00418605	
105.000000	11.2781   	105.000000	13.4349   	105.000000	13.2187   	105.000000	13.4168   	105.000000	13.3216   	105.000000	13.4309   	105.000000	0.00400511	
110.000000	10.9192   	110.000000	13.0114   	110.000000	12.8247   	110.000000	12.9845   	110.000000	12.9111   	110.000000	13.0075   	110.000000	0.0038398 	
115.000000	10.5878   	115.000000	12.62     	115.000000	12.4591   	115.000000	12.5858   	115.000000	12.5314   	115.000000	12.6163   	115.000000	0.00368816	
120.000000	10.2808   	120.000000	12.2574   	120.000000	12.12     	120.000000	12.217    	120.000000	12.1809   	120.000000	12.2538   	120.000000	0.00354853	
125.000000	9.9954    	125.000000	11.9203   	125.000000	11.8047   	125.000000	11.8748   	125.000000	11.8549   	125.000000	11.9169   	125.000000	0.00341952	
130.000000	9.72947   	130.000000	11.6063   	130.000000	11.5099   	130.000000	11.5564   	130.000000	11.5523   	130.000000	11.603    	130.000000	0.00329994	
135.000000	9.48099   	135.000000	11.3131   	135.000000	11.2337   	135.000000	11.2596   	135.000000	11.2691   	135.000000	11.3099   	135.000000	0.00318879	
140.000000	9.24825   	140.000000	11.0387   	140.000000	10.975    	140.000000	10.9821   	140.000000	11.0052   	140.000000	11.0356   	140.000000	0.00308519	
145.000000	9.02977   	145.000000	10.7812   	145.000000	10.7326   	145.000000	10.7221   	145.000000	10.7568   	145.000000	10.7782   	145.000000	0.00298839	
150.000000	8.82424   	150.000000	10.5393   	150.000000	10.5048   	150.000000	10.4782   	150.000000	10.5244   	150.000000	10.5364   	150.000000	0.00289772	
155.000000	8.52974   	155.000000	10.3116   	155.000000	10.2889   	155.000000	10.2487   	155.000000	10.3053   	155.000000	10.3087   	155.000000	0.00281262	
160.000000	8.35971   	160.000000	10.0967   	160.000000	10.0851   	160.000000	10.0326   	160.000000	10.0988   	160.000000	10.094    	160.000000	0.00273258	
165.000000	8.19901   	165.000000	9.89383   	165.000000	9.89323   	165.000000	9.82867   	165.000000	9.90421   	165.000000	9.89117   	165.000000	0.00265716	
170.000000	8.04687   	170.000000	9.70184   	170.000000	9.71149   	170.000000	9.63592   	170.000000	9.71942   	170.000000	9.69926   	170.000000	0.00258596	
175.000000	7.90263   	175.000000	9.51994   	175.000000	9.53868   	175.000000	9.45347   	175.000000	9.54482   	175.000000	9.51742   	175.000000	0.00251864	
180.000000	7.76568   	180.000000	9.34735   	180.000000	9.37435   	180.000000	9.28054   	180.000000	9.37921   	180.000000	9.34489   	180.000000	0.00245487	
185.000000	7.63546   	185.000000	9.18338   	185.000000	9.21812   	185.000000	9.1164    	185.000000	9.22149   	185.000000	9.18098   	185.000000	0.00239439	
190.000000	7.5115    	190.000000	9.02741   	190.000000	9.06958   	190.000000	8.9604    	190.000000	9.07184   	190.000000	9.02507   	190.000000	0.00233693	
195.000000	7.39334   	195.000000	8.87887   	195.000000	8.92819   	195.000000	8.81198   	195.000000	8.92932   	195.000000	8.87658   	195.000000	0.00228229	
200.000000	7.28058   	200.000000	8.73724   	200.000000	8.79338   	200.000000	8.67058   	200.000000	8.79308   	200.000000	8.73501   	200.000000	0.00223024	
210.000000	7.06984   	210.000000	8.47293   	210.000000	8.54108   	210.000000	8.40702   	210.000000	8.53958   	210.000000	8.47079   	210.000000	0.00213324	
220.000000	6.87672   	220.000000	8.23119   	220.000000	8.3094    	220.000000	8.16636   	220.000000	8.30716   	220.000000	8.22914   	220.000000	0.00204464	
230.000000	6.69909   	230.000000	8.00928   	230.000000	8.09734   	230.000000	7.94577   	230.000000	8.09436   	230.000000	8.00732   	230.000000	0.0019634 	
240.000000	6.53514   	240.000000	7.8049    	240.000000	7.90168   	240.000000	7.7429    	240.000000	7.89802   	240.000000	7.80301   	240.000000	0.00188861	
250.000000	6.38336   	250.000000	7.61607   	250.000000	7.72081   	250.000000	7.55573   	250.000000	7.71682   	250.000000	7.61425   	250.000000	0.00181953	
260.000000	6.24242   	260.000000	7.44111   	260.000000	7.55302   	260.000000	7.38254   	260.000000	7.54868   	260.000000	7.43935   	260.000000	0.00175552	
270.000000	6.11121   	270.000000	7.27857   	270.000000	7.39674   	270.000000	7.22185   	270.000000	7.39269   	270.000000	7.27687   	270.000000	0.00169604	
280.000000	5.98876   	280.000000	7.12719   	280.000000	7.25135   	280.000000	7.0724    	280.000000	7.24709   	280.000000	7.12555   	280.000000	0.00164061	
290.000000	5.87422   	290.000000	6.9859    	290.000000	7.11569   	290.000000	6.93306   	290.000000	7.11155   	290.000000	6.98431   	290.000000	0.00158883	
300.000000	5.76685   	300.000000	6.85372   	300.000000	6.98892   	300.000000	6.80288   	300.000000	6.98424   	300.000000	6.85218   	300.000000	0.00154034	
310.000000	5.666     	310.000000	6.72984   	310.000000	6.86999   	310.000000	6.681     	310.000000	6.86524   	310.000000	6.72834   	310.000000	0.00149484	
320.000000	5.5711    	320.000000	6.6135    	320.000000	6.75798   	320.000000	6.56668   	320.000000	6.75338   	320.000000	6.61205   	320.000000	0.00145205	
330.000000	5.48166   	330.000000	6.50407   	330.000000	6.65273   	330.000000	6.45926   	330.000000	6.64809   	330.000000	6.50265   	330.000000	0.00141174	
340.000000	5.3972    	340.000000	6.40095   	340.000000	6.55348   	340.000000	6.35816   	340.000000	6.54921   	340.000000	6.39957   	340.000000	0.0013737 	
350.000000	5.31735   	350.000000	6.30363   	350.000000	6.4595    	350.000000	6.26284   	350.000000	6.45556   	350.000000	6.3023    	350.000000	0.00133773	
360.000000	5.24173   	360.000000	6.21166   	360.000000	6.37095   	360.000000	6.17286   	360.000000	6.36719   	360.000000	6.21036   	360.000000	0.00130367	
370.000000	5.17003   	370.000000	6.12462   	370.000000	6.28744   	370.000000	6.08778   	370.000000	6.28374   	370.000000	6.12335   	370.000000	0.00127137	
380.000000	5.10195   	380.000000	6.04213   	380.000000	6.2081    	380.000000	6.00724   	380.000000	6.20432   	380.000000	6.04089   	380.000000	0.00124069	
390.000000	5.03724   	390.000000	5.96387   	390.000000	6.13266   	390.000000	5.93089   	390.000000	6.12913   	390.000000	5.96266   	390.000000	0.00121151	
400.000000	4.97566   	400.000000	5.88952   	400.000000	6.06107   	400.000000	5.85844   	400.000000	6.05787   	400.000000	5.88834   	400.000000	0.00118373	
410.000000	4.91699   	410.000000	5.81882   	410.000000	5.99306   	410.000000	5.78961   	410.000000	5.98983   	410.000000	5.81766   	410.000000	0.00115724	
420.000000	4.86105   	420.000000	5.75151   	420.000000	5.92833   	420.000000	5.72414   	420.000000	5.92515   	420.000000	5.75038   	420.000000	0.00113196	
430.000000	4.80764   	430.000000	5.68737   	430.000000	5.86669   	430.000000	5.6618    	430.000000	5.86364   	430.000000	5.68626   	430.000000	0.0011078 	
440.000000	4.75662   	440.000000	5.62618   	440.000000	5.80797   	440.000000	5.6024    	440.000000	5.80489   	440.000000	5.6251    	440.000000	0.00108469	
450.000000	4.70782   	450.000000	5.56777   	450.000000	5.75189   	450.000000	5.54574   	450.000000	5.74872   	450.000000	5.56671   	450.000000	0.00106257	
460.000000	4.66112   	460.000000	5.51195   	460.000000	5.69818   	460.000000	5.49163   	460.000000	5.69516   	460.000000	5.51091   	460.000000	0.00104136	
470.000000	4.61639   	470.000000	5.45857   	470.000000	5.64673   	470.000000	5.43994   	470.000000	5.64404   	470.000000	5.45755   	470.000000	0.00102101	
480.000000	4.57351   	480.000000	5.40748   	480.000000	5.5975    	480.000000	5.3905    	480.000000	5.59492   	480.000000	5.40648   	480.000000	0.00100148	
490.000000	4.53238   	490.000000	5.35854   	490.000000	5.5504    	490.000000	5.34318   	490.000000	5.54791   	490.000000	5.35756   	490.000000	0.000982708	
500.000000	4.4929    	500.000000	5.31163   	500.000000	5.50529   	500.000000	5.29787   	500.000000	5.50294   	500.000000	5.31067   	500.000000	0.000964653	
520.000000	4.41853   	520.000000	5.22345   	520.000000	5.42053   	520.000000	5.21277   	520.000000	5.41838   	520.000000	5.22252   	520.000000	0.000930537	
540.000000	4.34974   	540.000000	5.14212   	540.000000	5.34241   	540.000000	5.13439   	540.000000	5.34035   	540.000000	5.14122   	540.000000	0.00089884	
560.000000	4.28597   	560.000000	5.06692   	560.000000	5.27026   	560.000000	5.06202   	560.000000	5.26832   	560.000000	5.06605   	560.000000	0.00086931	
580.000000	4.22675   	580.000000	4.99724   	580.000000	5.20348   	580.000000	4.99504   	580.000000	5.20147   	580.000000	4.9964    	580.000000	0.000841729	
600.000000	4.17163   	600.000000	4.93255   	600.000000	5.14131   	600.000000	4.93292   	600.000000	5.13959   	600.000000	4.93173   	600.000000	0.000815909	
620.000000	4.12024   	620.000000	4.87237   	620.000000	5.08335   	620.000000	4.8752    	620.000000	5.08182   	620.000000	4.87158   	620.000000	0.000791683	
640.000000	4.07227   	640.000000	4.81631   	640.000000	5.02939   	640.000000	4.82146   	640.000000	5.02813   	640.000000	4.81554   	640.000000	0.000768907	
660.000000	4.0274    	660.000000	4.76398   	660.000000	4.97919   	660.000000	4.77135   	660.000000	4.978     	660.000000	4.76324   	660.000000	0.000747453	
680.000000	3.9854    	680.000000	4.71508   	680.000000	4.93241   	680.000000	4.72455   	680.000000	4.93107   	680.000000	4.71436   	680.000000	0.000727207	
700.000000	3.94602   	700.000000	4.66932   	700.000000	4.88857   	700.000000	4.68077   	700.000000	4.88726   	700.000000	4.66861   	700.000000	0.000708069	
720.000000	3.90906   	720.000000	4.62645   	720.000000	4.84735   	720.000000	4.63976   	720.000000	4.84609   	720.000000	4.62576   	720.000000	0.00068995	
740.000000	3.87434   	740.000000	4.58623   	740.000000	4.80865   	740.000000	4.6013    	740.000000	4.80745   	740.000000	4.58555   	740.000000	0.000672768	
760.000000	3.8417    	760.000000	4.54846   	760.000000	4.77236   	760.000000	4.56518   	760.000000	4.77124   	760.000000	4.5478    	760.000000	0.000656453	
780.000000	3.81097   	780.000000	4.51296   	780.000000	4.73818   	780.000000	4.53123   	780.000000	4.73708   	780.000000	4.51232   	780.000000	0.00064094	
800.000000	3.78203   	800.000000	4.47957   	800.000000	4.70587   	800.000000	4.49927   	800.000000	4.7049    	800.000000	4.47894   	800.000000	0.000626169	
820.000000	3.75475   	820.000000	4.44813   	820.000000	4.67536   	820.000000	4.46917   	820.000000	4.67465   	820.000000	4.44751   	820.000000	0.000612089	
840.000000	3.72903   	840.000000	4.4185    	840.000000	4.64665   	840.000000	4.44078   	840.000000	4.64607   	840.000000	4.4179    	840.000000	0.000598651	
860.000000	3.70475   	860.000000	4.39057   	860.000000	4.61966   	860.000000	4.41399   	860.000000	4.61903   	860.000000	4.38999   	860.000000	0.000585812	
880.000000	3.68184   	880.000000	4.36422   	880.000000	4.59419   	880.000000	4.38869   	880.000000	4.59353   	880.000000	4.36365   	880.000000	0.000573533	
900.000000	3.6602    	900.000000	4.33935   	900.000000	4.57003   	900.000000	4.36477   	900.000000	4.56946   	900.000000	4.33879   	900.000000	0.000561776	
920.000000	3.63975   	920.000000	4.31587   	920.000000	4.54708   	920.000000	4.34213   	920.000000	4.54655   	920.000000	4.31532   	920.000000	0.00055051	
940.000000	3.62042   	940.000000	4.29368   	940.000000	4.52532   	940.000000	4.32071   	940.000000	4.52488   	940.000000	4.29314   	940.000000	0.000539702	
960.000000	3.60216   	960.000000	4.27271   	960.000000	4.50475   	960.000000	4.30042   	960.000000	4.50439   	960.000000	4.27218   	960.000000	0.000529327	
980.000000	3.58489   	980.000000	4.25288   	980.000000	4.48532   	980.000000	4.28118   	980.000000	4.48499   	980.000000	4.25236   	980.000000	0.000519357	
1000.000000	3.56856   	1000.000000	4.23414   	1000.000000	4.46693   	1000.000000	4.26294   	1000.000000	4.46647   	1000.000000	4.23363   	1000.000000	0.00050977	
1020.000000	3.55312   	1020.000000	4.21641   	1020.000000	4.44947   	1020.000000	4.24563   	1020.000000	4.44892   	1020.000000	4.21591   	1020.000000	0.000500543	
1040.000000	3.53853   	1040.000000	4.19964   	1040.000000	4.43284   	1040.000000	4.22919   	1040.000000	4.43228   	1040.000000	4.19914   	1040.000000	0.000491657	
1060.000000	3.52473   	1060.000000	4.18377   	1060.000000	4.41699   	1060.000000	4.21358   	1060.000000	4.4165    	1060.000000	4.18329   	1060.000000	0.000483092	
1080.000000	3.51169   	1080.000000	4.16876   	1080.000000	4.4019    	1080.000000	4.19875   	1080.000000	4.4014    	1080.000000	4.16829   	1080.000000	0.000474831	
1100.000000	3.49936   	1100.000000	4.15457   	1100.000000	4.38753   	1100.000000	4.18465   	1100.000000	4.38706   	1100.000000	4.1541    	1100.000000	0.000466858	
1120.000000	3.48771   	1120.000000	4.14114   	1120.000000	4.37388   	1120.000000	4.17124   	1120.000000	4.37346   	1120.000000	4.14068   	1120.000000	0.000459158	
1140.000000	3.47672   	1140.000000	4.12844   	1140.000000	4.36089   	1140.000000	4.15849   	1140.000000	4.36053   	1140.000000	4.12799   	1140.000000	0.000451717	
1160.000000	3.46634   	1160.000000	4.11643   	1160.000000	4.34853   	1160.000000	4.14635   	1160.000000	4.34819   	1160.000000	4.11598   	1160.000000	0.000444523	
1180.000000	3.45654   	1180.000000	4.10508   	1180.000000	4.33677   	1180.000000	4.1348    	1180.000000	4.33641   	1180.000000	4.10464   	1180.000000	0.000437562	
1200.000000	3.44731   	1200.000000	4.09435   	1200.000000	4.32557   	1200.000000	4.1238    	1200.000000	4.32521   	1200.000000	4.09392   	1200.000000	0.000430824	
1220.000000	3.43861   	1220.000000	4.08422   	1220.000000	4.31489   	1220.000000	4.11333   	1220.000000	4.31456   	1220.000000	4.0838    	1220.000000	0.000424298	
1240.000000	3.43042   	1240.000000	4.07465   	1240.000000	4.30472   	1240.000000	4.10335   	1240.000000	4.30443   	1240.000000	4.07424   	1240.000000	0.000417973	
1260.000000	3.42272   	1260.000000	4.06563   	1260.000000	4.29502   	1260.000000	4.09385   	1260.000000	4.29473   	1260.000000	4.06522   	1260.000000	0.000411842	
1280.000000	3.41549   	1280.000000	4.05712   	1280.000000	4.28578   	1280.000000	4.08479   	1280.000000	4.28547   	1280.000000	4.05671   	1280.000000	0.000405894	
1300.000000	3.4087    	1300.000000	4.0491    	1300.000000	4.27697   	1300.000000	4.07616   	1300.000000	4.27666   	1300.000000	4.0487    	1300.000000	0.000400121	
1320.000000	3.40235   	1320.000000	4.04156   	1320.000000	4.26858   	1320.000000	4.06794   	1320.000000	4.26828   	1320.000000	4.04116   	1320.000000	0.000394517	
1340.000000	3.3964    	1340.000000	4.03446   	1340.000000	4.26059   	1340.000000	4.0601    	1340.000000	4.2603    	1340.000000	4.03407   	1340.000000	0.000389073	
1360.000000	3.39084   	1360.000000	4.02779   	1360.000000	4.25297   	1360.000000	4.05263   	1360.000000	4.25267   	1360.000000	4.0274    	1360.000000	0.000383782	
1380.000000	3.38566   	1380.000000	4.02153   	1380.000000	4.2457    	1380.000000	4.04551   	1380.000000	4.24536   	1380.000000	4.02115   	1380.000000	0.000378639	
1400.000000	3.38085   	1400.000000	4.01567   	1400.000000	4.23876   	1400.000000	4.03873   	1400.000000	4.23841   	1400.000000	4.01529   	1400.000000	0.000373637	
1420.000000	3.37638   	1420.000000	4.01018   	1420.000000	4.23213   	1420.000000	4.03226   	1420.000000	4.23179   	1420.000000	4.00981   	1420.000000	0.00036877	
1440.000000	3.37225   	1440.000000	4.00506   	1440.000000	4.2258    	1440.000000	4.0261    	1440.000000	4.22549   	1440.000000	4.00469   	1440.000000	0.000364033	
1460.000000	3.36844   	1460.000000	4.00028   	1460.000000	4.21974   	1460.000000	4.02023   	1460.000000	4.21949   	1460.000000	3.99992   	1460.000000	0.00035942	
1480.000000	3.36494   	1480.000000	3.99584   	1480.000000	4.21396   	1480.000000	4.01463   	1480.000000	4.21374   	1480.000000	3.99548   	1480.000000	0.000354927	
1500.000000	3.36174   	1500.000000	3.99171   	1500.000000	4.20843   	1500.000000	4.0093    	1500.000000	4.20824   	1500.000000	3.99136   	1500.000000	0.000350549	
1520.000000	3.35883   	1520.000000	3.9879    	1520.000000	4.20317   	1520.000000	4.00422   	1520.000000	4.20302   	1520.000000	3.98755   	1520.000000	0.000346281	
1540.000000	3.35619   	1540.000000	3.98438   	1540.000000	4.19815   	1540.000000	3.99939   	1540.000000	4.19805   	1540.000000	3.98404   	1540.000000	0.00034212	
1560.000000	3.35382   	1560.000000	3.98114   	1560.000000	4.19337   	1560.000000	3.99478   	1560.000000	4.19333   	1560.000000	3.98081   	1560.000000	0.000338062	
1580.000000	3.35172   	1580.000000	3.97818   	1580.000000	4.18883   	1580.000000	3.9904    	1580.000000	4.18884   	1580.000000	3.97785   	1580.000000	0.000334102	
1600.000000	3.34986   	1600.000000	3.97549   	1600.000000	4.18451   	1600.000000	3.98624   	1600.000000	4.18455   	1600.000000	3.97516   	1600.000000	0.000330237	
1620.000000	3.34824   	1620.000000	3.97305   	1620.000000	4.18041   	1620.000000	3.98227   	1620.000000	4.18044   	1620.000000	3.97272   	1620.000000	0.000326463	
1640.000000	3.34686   	1640.000000	3.97085   	1640.000000	4.17652   	1640.000000	3.9785    	1640.000000	4.17653   	1640.000000	3.97053   	1640.000000	0.000322778	
1660.000000	3.3457    	1660.000000	3.96889   	1660.000000	4.17283   	1660.000000	3.97492   	1660.000000	4.17283   	1660.000000	3.96857   	1660.000000	0.000319178	
1680.000000	3.34476   	1680.000000	3.96716   	1680.000000	4.16933   	1680.000000	3.97152   	1680.000000	4.16932   	1680.000000	3.96684   	1680.000000	0.000315661	
1700.000000	3.34403   	1700.000000	3.96564   	1700.000000	4.166     	1700.000000	3.96829   	1700.000000	4.16599   	1700.000000	3.96533   	1700.000000	0.000312223	
1750.000000	3.34309   	1750.000000	3.96278   	1750.000000	4.1584    	1750.000000	3.96093   	1750.000000	4.15834   	1750.000000	3.96247   	1750.000000	0.000303958	
1800.000000	3.34333   	1800.000000	3.96113   	1800.000000	4.15173   	1800.000000	3.95451   	1800.000000	4.15163   	1800.000000	3.96083   	1800.000000	0.000296134	
1850.000000	3.34466   	1850.000000	3.9606    	1850.000000	4.14589   	1850.000000	3.94893   	1850.000000	4.14583   	1850.000000	3.96031   	1850.000000	0.000288717	
1900.000000	3.34701   	1900.000000	3.9611    	1900.000000	4.14081   	1900.000000	3.94413   	1900.000000	4.14077   	1900.000000	3.96082   	1900.000000	0.000281675	
1950.000000	3.35031   	1950.000000	3.96256   	1950.000000	4.13643   	1950.000000	3.94003   	1950.000000	4.13642   	1950.000000	3.96228   	1950.000000	0.00027498	
2000.000000	3.35449   	2000.000000	3.9649    	2000.000000	4.13269   	2000.000000	3.93657   	2000.000000	4.13275   	2000.000000	3.96463   	2000.000000	0.000268607	
2100.000000	3.36528   	2100.000000	3.97197   	2100.000000	4.12697   	2100.000000	3.93135   	2100.000000	4.12709   	2100.000000	3.97171   	2100.000000	0.000256736	
2200.000000	3.37898   	2200.000000	3.98188   	2200.000000	4.12327   	2200.000000	3.92808   	2200.000000	4.12346   	2200.000000	3.98163   	2200.000000	0.000245903	
2300.000000	3.39524   	2300.000000	3.99425   	2300.000000	4.12126   	2300.000000	3.92646   	2300.000000	4.12144   	2300.000000	3.99401   	2300.000000	0.000235977	
2400.000000	3.4138    	2400.000000	4.00877   	2400.000000	4.12069   	2400.000000	3.92621   	2400.000000	4.12088   	2400.000000	4.00854   	2400.000000	0.000226847	
2500.000000	3.43441   	2500.000000	4.02518   	2500.000000	4.12134   	2500.000000	3.92714   	2500.000000	4.12147   	2500.000000	4.02496   	2500.000000	0.000218419	
2600.000000	3.45688   	2600.000000	4.04327   	2600.000000	4.123     	2600.000000	3.92906   	2600.000000	4.12312   	2600.000000	4.04306   	2600.000000	0.000210616	
2700.000000	3.48102   	2700.000000	4.06284   	2700.000000	4.12551   	2700.000000	3.93183   	2700.000000	4.12559   	2700.000000	4.06264   	2700.000000	0.000203369	
2800.000000	3.50669   	2800.000000	4.08374   	2800.000000	4.12873   	2800.000000	3.93532   	2800.000000	4.12885   	2800.000000	4.08354   	2800.000000	0.00019662	
2900.000000	3.53376   	2900.000000	4.10582   	2900.000000	4.13257   	2900.000000	3.93942   	2900.000000	4.13268   	2900.000000	4.10563   	2900.000000	0.000190319	
3000.000000	3.56212   	3000.000000	4.12897   	3000.000000	4.13693   	3000.000000	3.94405   	3000.000000	4.13709   	3000.000000	4.12878   	3000.000000	0.000184422	
3200.000000	3.62231   	3200.000000	4.17804   	3200.000000	4.14695   	3200.000000	3.95459   	3200.000000	4.14719   	3200.000000	4.17786   	3200.000000	0.000173694	
3400.000000	3.6866    	3400.000000	4.23026   	3400.000000	4.15839   	3400.000000	3.96644   	3400.000000	4.15866   	3400.000000	4.23009   	3400.000000	0.000164183	
3600.000000	3.75447   	3600.000000	4.28509   	3600.000000	4.17089   	3600.000000	3.97925   	3600.000000	4.17112   	3600.000000	4.28493   	3600.000000	0.00015569	
3800.000000	3.82551   	3800.000000	4.34209   	3800.000000	4.18419   	3800.000000	3.99274   	3800.000000	4.18426   	3800.000000	4.34194   	3800.000000	0.00014806	
4000.000000	3.8994    	4000.000000	4.40093   	4000.000000	4.19802   	4000.000000	4.00669   	4000.000000	4.19791   	4000.000000	4.40079   	4000.000000	0.000141164	
4200.000000	3.97585   	4200.000000	4.46133   	4200.000000	4.21216   	4200.000000	4.02096   	4200.000000	4.2119    	4200.000000	4.4612    	4200.000000	0.000134902	
4400.000000	4.05464   	4400.000000	4.52306   	4400.000000	4.22646   	4400.000000	4.03543   	4400.000000	4.22607   	4400.000000	4.52293   	4400.000000	0.000129189	
4600.000000	4.13559   	4600.000000	4.58594   	4600.000000	4.24081   	4600.000000	4.05      	4600.000000	4.24038   	4600.000000	4.58581   	4600.000000	0.000123954	
4800.000000	4.21855   	4800.000000	4.6498    	4800.000000	4.25514   	4800.000000	4.06459   	4800.000000	4.25471   	4800.000000	4.64968   	4800.000000	0.000119141	
5000.000000	4.30337   	5000.000000	4.71452   	5000.000000	4.26938   	5000.000000	4.07915   	5000.000000	4.26903   	5000.000000	4.71441   	5000.000000	0.000114698	
5250.000000	4.41186   	5250.000000	4.79647   	5250.000000	4.28703   	5250.000000	4.09725   	5250.000000	4.28682   	5250.000000	4.79636   	5250.000000	0.000109604	
5500.000000	4.52291   	5500.000000	4.8794    	5500.000000	4.30445   	5500.000000	4.11518   	5500.000000	4.30445   	5500.000000	4.87929   	5500.000000	0.000104957	
6000.000000	4.75211   	6000.000000	5.04768   	6000.000000	4.33863   	6000.000000	4.15034   	6000.000000	4.33903   	6000.000000	5.04758   	6000.000000	9.67851e-05	
6500.000000	4.99002   	6500.000000	5.21844   	6500.000000	4.37223   	6500.000000	4.18441   	6500.000000	4.37253   	6500.000000	5.21835   	6500.000000	8.98276e-05	
7000.000000	5.23594   	7000.000000	5.39106   	7000.000000	4.40447   	7000.000000	4.2173    	7000.000000	4.40485   	7000.000000	5.39098   	7000.000000	8.38305e-05	
7500.000000	5.48936   	7500.000000	5.56507   	7500.000000	4.43561   	7500.000000	4.24898   	7500.000000	4.43596   	7500.000000	5.56499   	7500.000000	7.8606e-05	
8000.000000	5.74991   	8000.000000	5.74013   	8000.000000	4.46549   	8000.000000	4.27946   	8000.000000	4.46587   	8000.000000	5.74005   	8000.000000	7.40126e-05	
8500.000000	6.01728   	8500.000000	5.91597   	8500.000000	4.49419   	8500.000000	4.30879   	8500.000000	4.4946    	8500.000000	5.9159    	8500.000000	6.99413e-05	
9000.000000	6.29124   	9000.000000	6.09241   	9000.000000	4.5218    	9000.000000	4.33701   	9000.000000	4.52222   	9000.000000	6.09234   	9000.000000	6.63071e-05	
9500.000000	6.57162   	9500.000000	6.26929   	9500.000000	4.54839   	9500.000000	4.36417   	9500.000000	4.54878   	9500.000000	6.26923   	9500.000000	6.30426e-05	
10000.000000	6.85827   	10000.000000	6.44649   	10000.000000	4.574     	10000.000000	4.39034   	10000.000000	4.57431   	10000.000000	6.44643   	10000.000000	6.00935e-05	
11000.000000	7.44991   	11000.000000	6.80152   	11000.000000	4.62234   	11000.000000	4.43991   	11000.000000	4.62257   	11000.000000	6.80146   	11000.000000	5.49735e-05	
12000.000000	8.06549   	12000.000000	7.15694   	12000.000000	4.6671    	12000.000000	4.48613   	12000.000000	4.66742   	12000.000000	7.15689   	12000.000000	5.06795e-05	
13000.000000	8.70455   	13000.000000	7.51242   	13000.000000	4.70883   	13000.000000	4.52938   	13000.000000	4.70923   	13000.000000	7.51237   	13000.000000	4.70248e-05	
14000.000000	9.36677   	14000.000000	7.86772   	14000.000000	4.74796   	14000.000000	4.56998   	14000.000000	4.74832   	14000.000000	7.86768   	14000.000000	4.38755e-05	
15000.000000	10.0519   	15000.000000	8.22269   	15000.000000	4.78474   	15000.000000	4.60823   	15000.000000	4.78498   	15000.000000	8.22265   	15000.000000	4.11326e-05	
16000.000000	10.76     	16000.000000	8.57724   	16000.000000	4.81927   	16000.000000	4.64435   	16000.000000	4.81945   	16000.000000	8.5772    	16000.000000	3.87215e-05	
17000.000000	11.4907   	17000.000000	8.93128   	17000.000000	4.85174   	17000.000000	4.67857   	17000.000000	4.85196   	17000.000000	8.93124   	17000.000000	3.6585e-05	
18000.000000	12.2442   	18000.000000	9.28478   	18000.000000	4.88239   	18000.000000	4.71107   	18000.000000	4.88269   	18000.000000	9.28475   	18000.000000	3.46782e-05	
19000.000000	13.0203   	19000.000000	9.63772   	19000.000000	4.91143   	19000.000000	4.742     	19000.000000	4.91176   	19000.000000	9.63769   	19000.000000	3.29657e-05	
20000.000000	13.8192   	20000.000000	9.99007   	20000.000000	4.93904   	20000.000000	4.77151   	20000.000000	4.93937   	20000.000000	9.99004   	20000.000000	3.14189e-05	
21000.000000	14.6408   	21000.000000	10.3418   	21000.000000	4.96532   	21000.000000	4.79971   	21000.000000	4.96562   	21000.000000	10.3418   	21000.000000	3.00148e-05	
22000.000000	15.4853   	22000.000000	10.693    	22000.000000	4.99024   	22000.000000	4.82672   	22000.000000	4.9906    	22000.000000	10.693    	22000.000000	2.87342e-05	
23000.000000	16.3525   	23000.000000	11.0436   	23000.000000	5.01403   	23000.000000	4.85263   	23000.000000	5.01446   	23000.000000	11.0435   	23000.000000	2.75614e-05	
24000.000000	17.2427   	24000.000000	11.3936   	24000.000000	5.03679   	24000.000000	4.87752   	24000.000000	5.0372    	24000.000000	11.3935   	24000.000000	2.64832e-05	
25000.000000	18.1559   	25000.000000	11.743    	25000.000000	5.05859   	25000.000000	4.90147   	25000.000000	5.05899   	25000.000000	11.743    	25000.000000	2.54885e-05	
26000.000000	19.0922   	26000.000000	12.0918   	26000.000000	5.07945   	26000.000000	4.92454   	26000.000000	5.07982   	26000.000000	12.0918   	26000.000000	2.45679e-05	
27000.000000	20.0516   	27000.000000	12.4401   	27000.000000	5.09945   	27000.000000	4.94681   	27000.000000	5.09983   	27000.000000	12.4401   	27000.000000	2.37134e-05	
28000.000000	21.0343   	28000.000000	12.7879   	28000.000000	5.11864   	28000.000000	4.96831   	28000.000000	5.11899   	28000.000000	12.7879   	28000.000000	2.29179e-05	
29000.000000	22.0404   	29000.000000	13.1351   	29000.000000	5.13709   	29000.000000	4.9891    	29000.000000	5.13744   	29000.000000	13.1351   	29000.000000	2.21755e-05	
30000.000000	23.07     	30000.000000	13.4818   	30000.000000	5.15485   	30000.000000	5.00923   	30000.000000	5.15515   	30000.000000	13.4818   	30000.000000	2.14811e-05	
32000.000000	25.2      	32000.000000	14.1737   	32000.000000	5.18842   	32000.000000	5.04766   	32000.000000	5.18866   	32000.000000	14.1737   	32000.000000	2.02184e-05	
34000.000000	27.4251   	34000.000000	14.8636   	34000.000000	5.21962   	34000.000000	5.08386   	34000.000000	5.21979   	34000.000000	14.8636   	34000.000000	1.90996e-05	
36000.000000	29.7465   	36000.000000	15.5517   	36000.000000	5.2486    	36000.000000	5.1181    	36000.000000	5.2488    	36000.000000	15.5516   	36000.000000	1.81014e-05	
38000.000000	32.1649   	38000.000000	16.2379   	38000.000000	5.27561   	38000.000000	5.15056   	38000.000000	5.27595   	38000.000000	16.2379   	38000.000000	1.7205e-05	
40000.000000	34.6815   	40000.000000	16.9225   	40000.000000	5.30089   	40000.000000	5.18142   	40000.000000	5.30137   	40000.000000	16.9225   	40000.000000	1.63956e-05	
42000.000000	37.2971   	42000.000000	17.6054   	42000.000000	5.32469   	42000.000000	5.21083   	42000.000000	5.32524   	42000.000000	17.6054   	42000.000000	1.56608e-05	
44000.000000	40.0129   	44000.000000	18.2868   	44000.000000	5.3472    	44000.000000	5.23891   	44000.000000	5.34774   	44000.000000	18.2868   	44000.000000	1.49908e-05	
46000.000000	42.8298   	46000.000000	18.9667   	46000.000000	5.36861   	46000.000000	5.26579   	46000.000000	5.3689    	46000.000000	18.9667   	46000.000000	1.43773e-05	
48000.000000	45.749    	48000.000000	19.6451   	48000.000000	5.38898   	48000.000000	5.29157   	48000.000000	5.38894   	48000.000000	19.6451   	48000.000000	1.38134e-05	
50000.000000	48.7715   	50000.000000	20.3222   	50000.000000	5.40821   	50000.000000	5.31632   	50000.000000	5.40786   	50000.000000	20.3222   	50000.000000	1.32931e-05	
