! 111Pd energy loss (dE/dX) in He
! apply ZOOM for details
Energy (MeV/u)1	0 - [He-base] F.Hubert et al, AD&ND Tables 46(1990)1	Energy (MeV/u)2	1 - [H -base] J.F.Ziegler et al,Pergamon Press,NY(low energy)	Energy (MeV/u)3	2 - ATIMA 1.2 LS-theory (recommended for high energy)	Energy (MeV/u)4	3 - ATIMA 1.2 without LS-correction	Energy (MeV/u)5	4 - ATIMA 1.4 H.Weick, improved mean charge formula for HI	Energy (MeV/u)6	5 - electrical component of [1] - J.F.Ziegler et al	Energy (MeV/u)7	6 - nuclear component of [1] - J.F.Ziegler et al	
0.001000	0.000218203	0.001000	0.000265439	0.001000	0.000227438	0.001000	0.000227438	0.001000	0.000227447	0.001000	6.60552e-05	0.001000	0.000199384	
0.002000	0.000225286	0.002000	0.000273093	0.002000	0.000227101	0.002000	0.000227101	0.002000	0.000227109	0.002000	8.5663e-05	0.002000	0.00018743	
0.005000	0.000224932	0.005000	0.000270169	0.005000	0.000212104	0.005000	0.000212104	0.005000	0.00021211	0.005000	0.000120787	0.005000	0.000149382	
0.008000	0.000225329	0.008000	0.000268773	0.008000	0.000204043	0.008000	0.000204043	0.008000	0.000204047	0.008000	0.000144067	0.008000	0.000124706	
0.010000	0.000226779	0.010000	0.000269509	0.010000	0.000201569	0.010000	0.000201569	0.010000	0.000201572	0.010000	0.000156641	0.010000	0.000112868	
0.015000	0.000232649	0.015000	0.000274572	0.015000	0.000200842	0.015000	0.000200842	0.015000	0.000200845	0.015000	0.000182365	0.015000	9.22072e-05	
0.020000	0.000239973	0.020000	0.000281847	0.020000	0.000204149	0.020000	0.000204149	0.020000	0.000204151	0.020000	0.000203139	0.020000	7.87086e-05	
0.025000	0.000247756	0.025000	0.000289957	0.025000	0.000209334	0.025000	0.000209334	0.025000	0.000209336	0.025000	0.000220869	0.025000	6.90881e-05	
0.030000	0.000255599	0.030000	0.000298326	0.030000	0.00021546	0.030000	0.00021546	0.030000	0.000215462	0.030000	0.000236498	0.030000	6.18283e-05	
0.035000	0.00026333	0.035000	0.000306696	0.035000	0.000222065	0.035000	0.000222065	0.035000	0.000222066	0.035000	0.000250572	0.035000	5.61239e-05	
0.040000	0.000270876	0.040000	0.000314943	0.040000	0.000228903	0.040000	0.000228903	0.040000	0.000228904	0.040000	0.000263439	0.040000	5.15046e-05	
0.045000	0.000278207	0.045000	0.000323011	0.045000	0.000235835	0.045000	0.000235835	0.045000	0.000235836	0.045000	0.000275335	0.045000	4.76759e-05	
0.050000	0.000285316	0.050000	0.000330874	0.050000	0.00024278	0.050000	0.00024278	0.050000	0.000242781	0.050000	0.000286431	0.050000	4.44429e-05	
0.055000	0.000292205	0.055000	0.000338525	0.055000	0.000249688	0.055000	0.000249688	0.055000	0.000249689	0.055000	0.000296854	0.055000	4.16711e-05	
0.060000	0.000304824	0.060000	0.000345964	0.060000	0.000256531	0.060000	0.000256531	0.060000	0.000256532	0.060000	0.0003067 	0.060000	3.92646e-05	
0.070000	0.000338612	0.070000	0.000362342	0.070000	0.000271608	0.070000	0.000271608	0.070000	0.000271609	0.070000	0.000327059	0.070000	3.52822e-05	
0.080000	0.000374597	0.080000	0.000410649	0.080000	0.000312559	0.080000	0.000312559	0.080000	0.00031256	0.080000	0.00037884	0.080000	3.18093e-05	
0.090000	0.000407646	0.090000	0.000458337	0.090000	0.000354308	0.090000	0.000354308	0.090000	0.000354309	0.090000	0.000429087	0.090000	2.92495e-05	
0.100000	0.000437841	0.100000	0.00050458	0.100000	0.000395867	0.100000	0.000395867	0.100000	0.000395868	0.100000	0.000477471	0.100000	2.71092e-05	
0.120000	0.000480426	0.120000	0.00059147	0.120000	0.000476592	0.120000	0.000476592	0.120000	0.000476592	0.120000	0.000567747	0.120000	2.37224e-05	
0.140000	0.000516325	0.140000	0.000669985	0.140000	0.000552162	0.140000	0.000552162	0.140000	0.000552163	0.140000	0.000648832	0.140000	2.11535e-05	
0.160000	0.000548887	0.160000	0.000740139	0.160000	0.000621314	0.160000	0.000621314	0.160000	0.000621315	0.160000	0.000721008	0.160000	1.91308e-05	
0.180000	0.000579994	0.180000	0.000802582	0.180000	0.000683634	0.180000	0.000683634	0.180000	0.000683635	0.180000	0.000785089	0.180000	1.74924e-05	
0.200000	0.000610575	0.200000	0.00085818	0.200000	0.000739245	0.200000	0.000739245	0.200000	0.000739245	0.200000	0.000842044	0.200000	1.61355e-05	
0.250000	0.000665042	0.250000	0.000972793	0.250000	0.000852119	0.250000	0.000852119	0.250000	0.00085212	0.250000	0.00095922	0.250000	1.35731e-05	
0.300000	0.000715726	0.300000	0.00106119	0.300000	0.000935427	0.300000	0.000935427	0.300000	0.000935428	0.300000	0.00104943	0.300000	1.17635e-05	
0.350000	0.000762211	0.350000	0.0011311 	0.350000	0.000998123	0.350000	0.000998123	0.350000	0.000998124	0.350000	0.00112069	0.350000	1.0411e-05	
0.400000	0.000804275	0.400000	0.0011876 	0.400000	0.00104687	0.400000	0.00104687	0.400000	0.00104687	0.400000	0.00117824	0.400000	9.3582e-06	
0.450000	0.000848349	0.450000	0.00123976	0.450000	0.00108616	0.450000	0.00108616	0.450000	0.00108616	0.450000	0.00123125	0.450000	8.51332e-06	
0.500000	0.000893161	0.500000	0.00129694	0.500000	0.0011189 	0.500000	0.0011189 	0.500000	0.0011189 	0.500000	0.00128912	0.500000	7.81891e-06	
0.600000	0.0009351 	0.600000	0.00138483	0.600000	0.00117142	0.600000	0.00117142	0.600000	0.00117142	0.600000	0.00137809	0.600000	6.74205e-06	
0.700000	0.000956249	0.700000	0.00144744	0.700000	0.00121559	0.700000	0.00121559	0.700000	0.00121559	0.700000	0.00144149	0.700000	5.94289e-06	
0.800000	0.00100079	0.800000	0.00149258	0.800000	0.0012676 	0.800000	0.0012676 	0.800000	0.0012676 	0.800000	0.00148726	0.800000	5.32433e-06	
0.900000	0.00103999	0.900000	0.0015305 	0.900000	0.00130934	0.900000	0.00130934	0.900000	0.00130934	0.900000	0.00152567	0.900000	4.83019e-06	
1.000000	0.0010723 	1.000000	0.00156048	1.000000	0.00134314	1.000000	0.00134314	1.000000	0.00134314	1.000000	0.00155606	1.000000	4.42564e-06	
1.250000	0.00112488	1.250000	0.00160362	1.250000	0.00140232	1.250000	0.00140232	1.250000	0.00140233	1.250000	0.00159995	1.250000	3.67345e-06	
1.500000	0.00115075	1.500000	0.00161626	1.500000	0.00143657	1.500000	0.00143657	1.500000	0.00143657	1.500000	0.0016131 	1.500000	3.15172e-06	
1.750000	0.00115087	1.750000	0.00159558	1.750000	0.00145459	1.750000	0.00145459	1.750000	0.00145459	1.750000	0.00159281	1.750000	2.76707e-06	
2.000000	0.00114563	2.000000	0.00157256	2.000000	0.00146172	2.000000	0.00146172	2.000000	0.00146172	2.000000	0.00157009	2.000000	2.47091e-06	
2.250000	0.00113875	2.250000	0.00154838	2.250000	0.00146137	2.250000	0.00146137	2.250000	0.00146137	2.250000	0.00154614	2.250000	2.23535e-06	
2.500000	0.00163745	2.500000	0.00152371	2.500000	0.00145581	2.500000	0.00145581	2.500000	0.00145581	2.500000	0.00152167	2.500000	2.0432e-06	
3.000000	0.00158261	3.000000	0.00147351	3.000000	0.00143482	3.000000	0.00143482	3.000000	0.00143482	3.000000	0.00147176	3.000000	1.74792e-06	
3.500000	0.00152385	3.500000	0.0014253 	3.500000	0.00140642	3.500000	0.00140642	3.500000	0.00140642	3.500000	0.00142377	3.500000	1.53102e-06	
4.000000	0.00146563	4.000000	0.00137955	4.000000	0.00137456	4.000000	0.00137456	4.000000	0.00137457	4.000000	0.00137818	4.000000	1.3645e-06	
4.500000	0.00140987	4.500000	0.00133634	4.500000	0.00133831	4.500000	0.00133831	4.500000	0.00133831	4.500000	0.0013351 	4.500000	1.23238e-06	
5.000000	0.00135727	5.000000	0.00129561	5.000000	0.00130089	5.000000	0.00130089	5.000000	0.00130089	5.000000	0.00129448	5.000000	1.12483e-06	
5.500000	0.00130804	5.500000	0.00125723	5.500000	0.00126539	5.500000	0.00126539	5.500000	0.00126539	5.500000	0.00125619	5.500000	1.03548e-06	
6.000000	0.0012621 	6.000000	0.00122081	6.000000	0.00123174	6.000000	0.00123174	6.000000	0.00123174	6.000000	0.00121985	6.000000	9.59991e-07	
6.500000	0.00121929	6.500000	0.00118654	6.500000	0.00119982	6.500000	0.00119982	6.500000	0.00119982	6.500000	0.00118565	6.500000	8.95316e-07	
7.000000	0.00117937	7.000000	0.00115424	7.000000	0.00116954	7.000000	0.00116954	7.000000	0.00116954	7.000000	0.0011534 	7.000000	8.39249e-07	
7.500000	0.00114212	7.500000	0.00112341	7.500000	0.00114078	7.500000	0.00114078	7.500000	0.00114078	7.500000	0.00112262	7.500000	7.90149e-07	
8.000000	0.00110731	8.000000	0.00109426	8.000000	0.00111344	8.000000	0.00111344	8.000000	0.00111344	8.000000	0.00109351	8.000000	7.46772e-07	
8.500000	0.00107473	8.500000	0.00106683	8.500000	0.00108743	8.500000	0.00108743	8.500000	0.00108743	8.500000	0.00106612	8.500000	7.08156e-07	
9.000000	0.00104418	9.000000	0.00104093	9.000000	0.00106265	9.000000	0.00106265	9.000000	0.00106265	9.000000	0.00104025	9.000000	6.73544e-07	
9.500000	0.00101548	9.500000	0.0010164 	9.500000	0.00103901	9.500000	0.00103901	9.500000	0.00103901	9.500000	0.00101576	9.500000	6.42332e-07	
10.000000	0.000988479	10.000000	0.000951774	10.000000	0.00101645	10.000000	0.00101645	10.000000	0.00101645	10.000000	0.000951159	10.000000	6.14035e-07	
11.000000	0.000939005	11.000000	0.000922437	11.000000	0.000965763	11.000000	0.000975943	11.000000	0.000982908	11.000000	0.000921872	11.000000	5.64666e-07	
12.000000	0.000894769	12.000000	0.000894286	12.000000	0.000920302	12.000000	0.000938978	12.000000	0.000950972	12.000000	0.000893763	12.000000	5.23011e-07	
13.000000	0.000854977	13.000000	0.000867458	13.000000	0.000879344	13.000000	0.000905144	13.000000	0.000920718	13.000000	0.000866971	13.000000	4.87364e-07	
14.000000	0.000818983	14.000000	0.000841988	14.000000	0.000842283	14.000000	0.000874084	14.000000	0.000892141	14.000000	0.000841532	14.000000	4.56494e-07	
15.000000	0.000786258	15.000000	0.000817855	15.000000	0.000808604	15.000000	0.000845489	15.000000	0.000865193	15.000000	0.000817425	15.000000	4.29487e-07	
16.000000	0.000756369	16.000000	0.000795009	16.000000	0.000777899	16.000000	0.000819094	16.000000	0.000839808	16.000000	0.000794603	16.000000	4.05648e-07	
17.000000	0.000728953	17.000000	0.000773385	17.000000	0.000749818	17.000000	0.000794667	17.000000	0.000815907	17.000000	0.000773001	17.000000	3.84442e-07	
18.000000	0.000703709	18.000000	0.000752912	18.000000	0.000724055	18.000000	0.000772011	18.000000	0.000793362	18.000000	0.000752546	18.000000	3.65448e-07	
19.000000	0.000680382	19.000000	0.000733516	19.000000	0.000700361	19.000000	0.000750952	19.000000	0.000772137	19.000000	0.000733168	19.000000	3.48333e-07	
20.000000	0.000658755	20.000000	0.000715128	20.000000	0.000678532	20.000000	0.000731338	20.000000	0.000752159	20.000000	0.000714795	20.000000	3.32827e-07	
21.000000	0.000638646	21.000000	0.000697679	21.000000	0.000658372	21.000000	0.000713037	21.000000	0.000733273	21.000000	0.00069736	21.000000	3.18708e-07	
22.000000	0.000619894	22.000000	0.000681105	22.000000	0.000639701	22.000000	0.000695933	22.000000	0.000715495	22.000000	0.000680799	22.000000	3.05796e-07	
23.000000	0.000602363	23.000000	0.000665346	23.000000	0.000622378	23.000000	0.000679922	23.000000	0.000698694	23.000000	0.000665052	23.000000	2.9394e-07	
24.000000	0.000585935	24.000000	0.000650347	24.000000	0.000606285	24.000000	0.000664913	24.000000	0.00068284	24.000000	0.000650064	24.000000	2.83013e-07	
25.000000	0.000570505	25.000000	0.000636056	25.000000	0.000591323	25.000000	0.000650824	25.000000	0.000667857	25.000000	0.000635783	25.000000	2.72908e-07	
27.000000	0.000542287	27.000000	0.000609415	27.000000	0.000564448	27.000000	0.000625125	27.000000	0.000640298	27.000000	0.00060916	27.000000	2.54816e-07	
29.000000	0.000517105	29.000000	0.000585089	29.000000	0.000541026	29.000000	0.000602329	29.000000	0.000615624	29.000000	0.00058485	29.000000	2.39077e-07	
31.000000	0.00049448	31.000000	0.000562792	31.000000	0.000521328	31.000000	0.000579952	31.000000	0.000590178	31.000000	0.000562566	31.000000	2.25255e-07	
33.000000	0.000474031	33.000000	0.000542283	33.000000	0.000504157	33.000000	0.000557603	33.000000	0.000564252	33.000000	0.00054207	33.000000	2.13014e-07	
35.000000	0.000455451	35.000000	0.000523358	35.000000	0.000488235	35.000000	0.000537078	35.000000	0.000540902	35.000000	0.000523156	35.000000	2.02094e-07	
38.000000	0.000430546	38.000000	0.00049756	38.000000	0.000466333	38.000000	0.000509245	38.000000	0.000509889	38.000000	0.000497372	38.000000	1.8775e-07	
41.000000	0.000408615	41.000000	0.00047444	41.000000	0.000446552	41.000000	0.000484437	41.000000	0.000482829	41.000000	0.000474264	41.000000	1.75393e-07	
44.000000	0.000389142	44.000000	0.000453601	44.000000	0.000428563	44.000000	0.000462182	44.000000	0.000458975	44.000000	0.000453437	44.000000	1.64629e-07	
47.000000	0.000371726	47.000000	0.000434722	47.000000	0.000412147	47.000000	0.000442101	47.000000	0.000437779	47.000000	0.000434567	47.000000	1.55166e-07	
50.000000	0.000356049	50.000000	0.000417537	50.000000	0.000397138	50.000000	0.00042389	50.000000	0.000418803	50.000000	0.00041739	50.000000	1.46778e-07	
55.000000	0.000333115	55.000000	0.000392083	55.000000	0.000374692	55.000000	0.00039703	55.000000	0.000391181	55.000000	0.000391948	55.000000	1.34725e-07	
60.000000	0.000313419	60.000000	0.000369938	60.000000	0.000355054	60.000000	0.000373773	60.000000	0.000367582	60.000000	0.000369813	60.000000	1.24578e-07	
65.000000	0.000296306	65.000000	0.000350494	65.000000	0.000337641	65.000000	0.000353437	65.000000	0.000347166	65.000000	0.000350378	65.000000	1.15912e-07	
70.000000	0.000281286	70.000000	0.000333285	70.000000	0.000322143	70.000000	0.000335505	70.000000	0.000329334	70.000000	0.000333177	70.000000	1.08421e-07	
75.000000	0.00026799	75.000000	0.000317946	75.000000	0.000308246	75.000000	0.000319574	75.000000	0.000314182	75.000000	0.000317844	75.000000	1.01878e-07	
80.000000	0.000256128	80.000000	0.000304187	80.000000	0.000295761	80.000000	0.000305327	80.000000	0.00030065	80.000000	0.000304091	80.000000	9.61112e-08	
85.000000	0.000245477	85.000000	0.000291776	85.000000	0.000284409	85.000000	0.000292513	85.000000	0.000288461	85.000000	0.000291685	85.000000	9.09887e-08	
90.000000	0.000235854	90.000000	0.000280525	90.000000	0.000274105	90.000000	0.000280924	90.000000	0.000277435	90.000000	0.000280438	90.000000	8.64068e-08	
95.000000	0.000227114	95.000000	0.000270277	95.000000	0.000264649	95.000000	0.000270395	95.000000	0.000267433	95.000000	0.000270195	95.000000	8.22829e-08	
100.000000	0.000219138	100.000000	0.000260905	100.000000	0.000255997	100.000000	0.000260786	100.000000	0.000258312	100.000000	0.000260827	100.000000	7.85507e-08	
105.000000	0.000211827	105.000000	0.000252301	105.000000	0.000248054	105.000000	0.000251984	105.000000	0.000249951	105.000000	0.000252226	105.000000	7.51562e-08	
110.000000	0.000205099	110.000000	0.000244375	110.000000	0.000240685	110.000000	0.00024389	110.000000	0.000242284	110.000000	0.000244303	110.000000	7.2055e-08	
115.000000	0.000198886	115.000000	0.000237049	115.000000	0.000233865	115.000000	0.000236423	115.000000	0.000235188	115.000000	0.00023698	115.000000	6.921e-08 	
120.000000	0.000193129	120.000000	0.000230259	120.000000	0.000227532	120.000000	0.000229513	120.000000	0.000228638	120.000000	0.000230192	120.000000	6.65904e-08	
125.000000	0.000187779	125.000000	0.000223947	125.000000	0.000221631	125.000000	0.000223101	125.000000	0.000222545	125.000000	0.000223883	125.000000	6.41699e-08	
130.000000	0.000182792	130.000000	0.000218065	130.000000	0.000216133	130.000000	0.000217135	130.000000	0.000216888	130.000000	0.000218003	130.000000	6.19265e-08	
135.000000	0.000178132	135.000000	0.000212571	135.000000	0.000210982	135.000000	0.00021157	135.000000	0.000211594	135.000000	0.000212511	135.000000	5.98411e-08	
140.000000	0.000173766	140.000000	0.000207428	140.000000	0.000206143	140.000000	0.000206368	140.000000	0.00020666	140.000000	0.00020737	140.000000	5.78974e-08	
145.000000	0.000169668	145.000000	0.000202603	145.000000	0.000201597	145.000000	0.000201494	145.000000	0.000202014	145.000000	0.000202547	145.000000	5.60812e-08	
150.000000	0.000165812	150.000000	0.000198068	150.000000	0.000197325	150.000000	0.000196919	150.000000	0.000197665	150.000000	0.000198014	150.000000	5.43801e-08	
155.000000	0.000160284	155.000000	0.000193798	155.000000	0.000193304	155.000000	0.000192616	155.000000	0.000193564	155.000000	0.000193745	155.000000	5.27834e-08	
160.000000	0.000157095	160.000000	0.00018977	160.000000	0.000189507	160.000000	0.000188562	160.000000	0.0001897 	160.000000	0.000189719	160.000000	5.12817e-08	
165.000000	0.00015408	165.000000	0.000185964	165.000000	0.00018591	165.000000	0.000184736	165.000000	0.00018606	165.000000	0.000185915	165.000000	4.98666e-08	
170.000000	0.000151225	170.000000	0.000182363	170.000000	0.000182496	170.000000	0.000181119	170.000000	0.000182602	170.000000	0.000182315	170.000000	4.85307e-08	
175.000000	0.000148519	175.000000	0.000178951	175.000000	0.000179257	175.000000	0.000177696	175.000000	0.000179335	175.000000	0.000178904	175.000000	4.72675e-08	
180.000000	0.000145949	180.000000	0.000175713	180.000000	0.000176187	180.000000	0.000174451	180.000000	0.000176236	180.000000	0.000175667	180.000000	4.60711e-08	
185.000000	0.000143505	185.000000	0.000172637	185.000000	0.000173264	185.000000	0.00017137	185.000000	0.000173284	185.000000	0.000172592	185.000000	4.49362e-08	
190.000000	0.000141179	190.000000	0.00016971	190.000000	0.000170475	190.000000	0.000168442	190.000000	0.000170483	190.000000	0.000169666	190.000000	4.38582e-08	
195.000000	0.000138961	195.000000	0.000166922	195.000000	0.000167826	195.000000	0.000165656	195.000000	0.000167815	195.000000	0.000166879	195.000000	4.28328e-08	
200.000000	0.000136845	200.000000	0.000164264	200.000000	0.000165307	200.000000	0.000163002	200.000000	0.000165264	200.000000	0.000164222	200.000000	4.18563e-08	
210.000000	0.000132889	210.000000	0.000159303	210.000000	0.000160573	210.000000	0.000158054	210.000000	0.000160517	210.000000	0.000159263	210.000000	4.00361e-08	
220.000000	0.000129264	220.000000	0.000154764	220.000000	0.000156239	220.000000	0.000153535	220.000000	0.000156162	220.000000	0.000154726	220.000000	3.83738e-08	
230.000000	0.000125929	230.000000	0.000150597	230.000000	0.000152258	230.000000	0.000149393	230.000000	0.000152172	230.000000	0.000150561	230.000000	3.68493e-08	
240.000000	0.000122852	240.000000	0.000146759	240.000000	0.000148594	240.000000	0.000145583	240.000000	0.000148494	240.000000	0.000146724	240.000000	3.54459e-08	
250.000000	0.000120002	250.000000	0.000143213	250.000000	0.000145202	250.000000	0.000142067	250.000000	0.000145099	250.000000	0.000143179	250.000000	3.41497e-08	
260.000000	0.000117355	260.000000	0.000139926	260.000000	0.000142053	260.000000	0.000138814	260.000000	0.000141948	260.000000	0.000139894	260.000000	3.29486e-08	
270.000000	0.000114891	270.000000	0.000136873	270.000000	0.000139131	270.000000	0.000135796	270.000000	0.000139025	270.000000	0.000136841	270.000000	3.18324e-08	
280.000000	0.000112592	280.000000	0.000134029	280.000000	0.000136409	280.000000	0.000132988	280.000000	0.000136296	280.000000	0.000133998	280.000000	3.07922e-08	
290.000000	0.000110441	290.000000	0.000131375	290.000000	0.000133861	290.000000	0.00013037	290.000000	0.000133755	290.000000	0.000131345	290.000000	2.98205e-08	
300.000000	0.000108424	300.000000	0.000128891	300.000000	0.000131477	300.000000	0.000127924	300.000000	0.000131368	300.000000	0.000128862	300.000000	2.89107e-08	
310.000000	0.00010653	310.000000	0.000126563	310.000000	0.000129241	310.000000	0.000125634	310.000000	0.000129137	310.000000	0.000126535	310.000000	2.80568e-08	
320.000000	0.000104748	320.000000	0.000124377	320.000000	0.000127137	320.000000	0.000123486	320.000000	0.000127039	320.000000	0.00012435	320.000000	2.72539e-08	
330.000000	0.000103068	330.000000	0.00012232	330.000000	0.000125163	330.000000	0.000121467	330.000000	0.000125064	330.000000	0.000122294	330.000000	2.64975e-08	
340.000000	0.000101481	340.000000	0.000120382	340.000000	0.000123304	340.000000	0.000119567	340.000000	0.000123208	340.000000	0.000120356	340.000000	2.57835e-08	
350.000000	9.99811e-05	350.000000	0.000118553	350.000000	0.000121546	350.000000	0.000117776	350.000000	0.00012145	350.000000	0.000118528	350.000000	2.51085e-08	
360.000000	9.85606e-05	360.000000	0.000116824	360.000000	0.000119883	360.000000	0.000116085	360.000000	0.000119791	360.000000	0.0001168 	360.000000	2.44694e-08	
370.000000	9.72136e-05	370.000000	0.000115188	370.000000	0.000118312	370.000000	0.000114486	370.000000	0.000118226	370.000000	0.000115164	370.000000	2.38632e-08	
380.000000	9.59347e-05	380.000000	0.000113638	380.000000	0.000116824	380.000000	0.000112972	380.000000	0.000116736	380.000000	0.000113614	380.000000	2.32875e-08	
390.000000	9.4719e-05	390.000000	0.000112166	390.000000	0.000115412	390.000000	0.000111537	390.000000	0.000115325	390.000000	0.000112144	390.000000	2.27399e-08	
400.000000	9.3562e-05	400.000000	0.000110769	400.000000	0.000114067	400.000000	0.000110175	400.000000	0.000113988	400.000000	0.000110746	400.000000	2.22186e-08	
410.000000	9.24598e-05	410.000000	0.000109439	410.000000	0.000112787	410.000000	0.000108881	410.000000	0.000112711	410.000000	0.000109418	410.000000	2.17215e-08	
420.000000	9.14086e-05	420.000000	0.000108174	420.000000	0.000111569	420.000000	0.000107651	420.000000	0.000111497	420.000000	0.000108153	420.000000	2.12471e-08	
430.000000	9.04052e-05	430.000000	0.000106968	430.000000	0.000110409	430.000000	0.000106479	430.000000	0.000110343	430.000000	0.000106947	430.000000	2.07937e-08	
440.000000	8.94464e-05	440.000000	0.000105818	440.000000	0.000109304	440.000000	0.000105363	440.000000	0.00010924	440.000000	0.000105797	440.000000	2.036e-08 	
450.000000	8.85296e-05	450.000000	0.000104719	450.000000	0.000108249	450.000000	0.000104297	450.000000	0.000108186	450.000000	0.000104699	450.000000	1.99448e-08	
460.000000	8.76521e-05	460.000000	0.00010367	460.000000	0.000107241	460.000000	0.00010328	460.000000	0.000107181	460.000000	0.00010365	460.000000	1.95468e-08	
470.000000	8.68115e-05	470.000000	0.000102666	470.000000	0.000106278	470.000000	0.000102308	470.000000	0.000106221	470.000000	0.000102647	470.000000	1.9165e-08	
480.000000	8.60058e-05	480.000000	0.000101706	480.000000	0.000105357	480.000000	0.000101379	480.000000	0.000105299	480.000000	0.000101687	480.000000	1.87983e-08	
490.000000	8.52329e-05	490.000000	0.000100785	490.000000	0.000104475	490.000000	0.00010049	490.000000	0.000104416	490.000000	0.000100767	490.000000	1.8446e-08	
500.000000	8.44909e-05	500.000000	9.99033e-05	500.000000	0.000103629	500.000000	9.96376e-05	500.000000	0.000103572	500.000000	9.98852e-05	500.000000	1.81072e-08	
520.000000	8.30933e-05	520.000000	9.82452e-05	520.000000	0.000102035	520.000000	9.80378e-05	520.000000	0.000101984	520.000000	9.82277e-05	520.000000	1.74669e-08	
540.000000	8.18005e-05	540.000000	9.67157e-05	540.000000	0.000100564	540.000000	9.65642e-05	540.000000	0.000100519	540.000000	9.66989e-05	540.000000	1.68721e-08	
560.000000	8.06022e-05	560.000000	9.53016e-05	560.000000	9.92062e-05	560.000000	9.52036e-05	560.000000	9.91659e-05	560.000000	9.52853e-05	560.000000	1.63179e-08	
580.000000	7.9489e-05	580.000000	9.39913e-05	580.000000	9.79486e-05	580.000000	9.39443e-05	580.000000	9.79099e-05	580.000000	9.39755e-05	580.000000	1.58002e-08	
600.000000	7.84531e-05	600.000000	9.27746e-05	600.000000	9.67815e-05	600.000000	9.27764e-05	600.000000	9.67476e-05	600.000000	9.27593e-05	600.000000	1.53156e-08	
620.000000	7.74873e-05	620.000000	9.1643e-05	620.000000	9.56969e-05	620.000000	9.16911e-05	620.000000	9.56622e-05	620.000000	9.16281e-05	620.000000	1.4861e-08	
640.000000	7.65856e-05	640.000000	9.05885e-05	640.000000	9.46877e-05	640.000000	9.06807e-05	640.000000	9.46537e-05	640.000000	9.05741e-05	640.000000	1.44335e-08	
660.000000	7.57424e-05	660.000000	8.96045e-05	660.000000	9.37436e-05	660.000000	8.97385e-05	660.000000	9.37122e-05	660.000000	8.95905e-05	660.000000	1.40308e-08	
680.000000	7.49528e-05	680.000000	8.86849e-05	680.000000	9.28579e-05	680.000000	8.88585e-05	680.000000	9.28305e-05	680.000000	8.86712e-05	680.000000	1.36509e-08	
700.000000	7.42127e-05	700.000000	8.78242e-05	700.000000	9.20305e-05	700.000000	8.80353e-05	700.000000	9.20074e-05	700.000000	8.7811e-05	700.000000	1.32917e-08	
720.000000	7.3518e-05	720.000000	8.70179e-05	720.000000	9.12587e-05	720.000000	8.72642e-05	720.000000	9.1234e-05	720.000000	8.70049e-05	720.000000	1.29516e-08	
740.000000	7.28654e-05	740.000000	8.62614e-05	740.000000	9.05343e-05	740.000000	8.6541e-05	740.000000	9.0508e-05	740.000000	8.62488e-05	740.000000	1.26291e-08	
760.000000	7.22517e-05	760.000000	8.55511e-05	760.000000	8.98509e-05	760.000000	8.58619e-05	760.000000	8.98276e-05	760.000000	8.55388e-05	760.000000	1.23229e-08	
780.000000	7.16741e-05	780.000000	8.48835e-05	780.000000	8.92068e-05	780.000000	8.52234e-05	780.000000	8.91857e-05	780.000000	8.48715e-05	780.000000	1.20317e-08	
800.000000	7.11301e-05	800.000000	8.42554e-05	800.000000	8.86007e-05	800.000000	8.46226e-05	800.000000	8.85811e-05	800.000000	8.42437e-05	800.000000	1.17545e-08	
820.000000	7.06174e-05	820.000000	8.36641e-05	820.000000	8.803e-05 	820.000000	8.40565e-05	820.000000	8.80126e-05	820.000000	8.36526e-05	820.000000	1.14902e-08	
840.000000	7.01338e-05	840.000000	8.31069e-05	840.000000	8.74917e-05	840.000000	8.35227e-05	840.000000	8.74756e-05	840.000000	8.30957e-05	840.000000	1.1238e-08	
860.000000	6.96775e-05	860.000000	8.25816e-05	860.000000	8.69833e-05	860.000000	8.3019e-05	860.000000	8.69673e-05	860.000000	8.25706e-05	860.000000	1.09971e-08	
880.000000	6.92467e-05	880.000000	8.2086e-05	880.000000	8.6503e-05	880.000000	8.25431e-05	880.000000	8.64879e-05	880.000000	8.20753e-05	880.000000	1.07666e-08	
900.000000	6.88399e-05	900.000000	8.16183e-05	900.000000	8.60492e-05	900.000000	8.20933e-05	900.000000	8.60356e-05	900.000000	8.16077e-05	900.000000	1.05459e-08	
920.000000	6.84555e-05	920.000000	8.11765e-05	920.000000	8.562e-05 	920.000000	8.16677e-05	920.000000	8.5605e-05	920.000000	8.11662e-05	920.000000	1.03344e-08	
940.000000	6.80922e-05	940.000000	8.07592e-05	940.000000	8.52132e-05	940.000000	8.12649e-05	940.000000	8.51978e-05	940.000000	8.07491e-05	940.000000	1.01316e-08	
960.000000	6.77488e-05	960.000000	8.03648e-05	960.000000	8.48266e-05	960.000000	8.08833e-05	960.000000	8.48128e-05	960.000000	8.03548e-05	960.000000	9.93686e-09	
980.000000	6.74242e-05	980.000000	7.99919e-05	980.000000	8.44588e-05	980.000000	8.05215e-05	980.000000	8.44481e-05	980.000000	7.99822e-05	980.000000	9.74974e-09	
1000.000000	6.71173e-05	1000.000000	7.96393e-05	1000.000000	8.41094e-05	1000.000000	8.01785e-05	1000.000000	8.41e-05  	1000.000000	7.96298e-05	1000.000000	9.56979e-09	
1020.000000	6.6827e-05	1020.000000	7.93059e-05	1020.000000	8.37781e-05	1020.000000	7.9853e-05	1020.000000	8.377e-05 	1020.000000	7.92965e-05	1020.000000	9.3966e-09	
1040.000000	6.65527e-05	1040.000000	7.89904e-05	1040.000000	8.34646e-05	1040.000000	7.95439e-05	1040.000000	8.34572e-05	1040.000000	7.89812e-05	1040.000000	9.2298e-09	
1060.000000	6.62932e-05	1060.000000	7.8692e-05	1060.000000	8.31676e-05	1060.000000	7.92504e-05	1060.000000	8.31607e-05	1060.000000	7.8683e-05	1060.000000	9.06904e-09	
1080.000000	6.6048e-05	1080.000000	7.84098e-05	1080.000000	8.28856e-05	1080.000000	7.89715e-05	1080.000000	8.28767e-05	1080.000000	7.84008e-05	1080.000000	8.91398e-09	
1100.000000	6.58163e-05	1100.000000	7.81427e-05	1100.000000	8.26174e-05	1100.000000	7.87063e-05	1100.000000	8.26072e-05	1100.000000	7.8134e-05	1100.000000	8.76433e-09	
1120.000000	6.55974e-05	1120.000000	7.78901e-05	1120.000000	8.23615e-05	1120.000000	7.84542e-05	1120.000000	8.23514e-05	1120.000000	7.78815e-05	1120.000000	8.6198e-09	
1140.000000	6.53906e-05	1140.000000	7.76513e-05	1140.000000	8.21174e-05	1140.000000	7.82143e-05	1140.000000	8.21084e-05	1140.000000	7.76428e-05	1140.000000	8.48014e-09	
1160.000000	6.51955e-05	1160.000000	7.74254e-05	1160.000000	8.18845e-05	1160.000000	7.79861e-05	1160.000000	8.18764e-05	1160.000000	7.74171e-05	1160.000000	8.3451e-09	
1180.000000	6.50114e-05	1180.000000	7.72119e-05	1180.000000	8.16625e-05	1180.000000	7.77689e-05	1180.000000	8.16548e-05	1180.000000	7.72037e-05	1180.000000	8.21444e-09	
1200.000000	6.48378e-05	1200.000000	7.70102e-05	1200.000000	8.14509e-05	1200.000000	7.7562e-05	1200.000000	8.14442e-05	1200.000000	7.70021e-05	1200.000000	8.08797e-09	
1220.000000	6.46743e-05	1220.000000	7.68196e-05	1220.000000	8.12495e-05	1220.000000	7.73651e-05	1220.000000	8.1244e-05	1220.000000	7.68116e-05	1220.000000	7.96547e-09	
1240.000000	6.45204e-05	1240.000000	7.66397e-05	1240.000000	8.10577e-05	1240.000000	7.71775e-05	1240.000000	8.10537e-05	1240.000000	7.66319e-05	1240.000000	7.84676e-09	
1260.000000	6.43756e-05	1260.000000	7.647e-05 	1260.000000	8.0875e-05	1260.000000	7.69988e-05	1260.000000	8.08712e-05	1260.000000	7.64622e-05	1260.000000	7.73166e-09	
1280.000000	6.42397e-05	1280.000000	7.63099e-05	1280.000000	8.07009e-05	1280.000000	7.68285e-05	1280.000000	8.06971e-05	1280.000000	7.63023e-05	1280.000000	7.62002e-09	
1300.000000	6.41121e-05	1300.000000	7.61591e-05	1300.000000	8.0535e-05	1300.000000	7.66662e-05	1300.000000	8.05314e-05	1300.000000	7.61516e-05	1300.000000	7.51167e-09	
1320.000000	6.39925e-05	1320.000000	7.60171e-05	1320.000000	8.0377e-05	1320.000000	7.65116e-05	1320.000000	8.03738e-05	1320.000000	7.60097e-05	1320.000000	7.40647e-09	
1340.000000	6.38807e-05	1340.000000	7.58836e-05	1340.000000	8.02264e-05	1340.000000	7.63642e-05	1340.000000	8.02238e-05	1340.000000	7.58763e-05	1340.000000	7.30428e-09	
1360.000000	6.37763e-05	1360.000000	7.57582e-05	1360.000000	8.00828e-05	1360.000000	7.62237e-05	1360.000000	8.00804e-05	1360.000000	7.5751e-05	1360.000000	7.20498e-09	
1380.000000	6.36789e-05	1380.000000	7.56405e-05	1380.000000	7.99458e-05	1380.000000	7.60899e-05	1380.000000	7.9943e-05	1380.000000	7.56334e-05	1380.000000	7.10843e-09	
1400.000000	6.35884e-05	1400.000000	7.55302e-05	1400.000000	7.98152e-05	1400.000000	7.59623e-05	1400.000000	7.98122e-05	1400.000000	7.55232e-05	1400.000000	7.01454e-09	
1420.000000	6.35044e-05	1420.000000	7.5427e-05	1420.000000	7.96906e-05	1420.000000	7.58406e-05	1420.000000	7.96877e-05	1420.000000	7.54201e-05	1420.000000	6.92318e-09	
1440.000000	6.34268e-05	1440.000000	7.53306e-05	1440.000000	7.95717e-05	1440.000000	7.57247e-05	1440.000000	7.95693e-05	1440.000000	7.53238e-05	1440.000000	6.83426e-09	
1460.000000	6.33552e-05	1460.000000	7.52408e-05	1460.000000	7.94583e-05	1460.000000	7.56143e-05	1460.000000	7.94566e-05	1460.000000	7.5234e-05	1460.000000	6.74767e-09	
1480.000000	6.32894e-05	1480.000000	7.51572e-05	1480.000000	7.935e-05 	1480.000000	7.55091e-05	1480.000000	7.93484e-05	1480.000000	7.51506e-05	1480.000000	6.66334e-09	
1500.000000	6.32292e-05	1500.000000	7.50797e-05	1500.000000	7.92468e-05	1500.000000	7.54088e-05	1500.000000	7.9245e-05	1500.000000	7.50731e-05	1500.000000	6.58116e-09	
1520.000000	6.31745e-05	1520.000000	7.50079e-05	1520.000000	7.91483e-05	1520.000000	7.53133e-05	1520.000000	7.91468e-05	1520.000000	7.50014e-05	1520.000000	6.50105e-09	
1540.000000	6.3125e-05	1540.000000	7.49417e-05	1540.000000	7.90545e-05	1540.000000	7.52224e-05	1540.000000	7.90535e-05	1540.000000	7.49353e-05	1540.000000	6.42294e-09	
1560.000000	6.30805e-05	1560.000000	7.48809e-05	1560.000000	7.89651e-05	1560.000000	7.51359e-05	1560.000000	7.89647e-05	1560.000000	7.48745e-05	1560.000000	6.34676e-09	
1580.000000	6.30409e-05	1580.000000	7.48252e-05	1580.000000	7.888e-05 	1580.000000	7.50535e-05	1580.000000	7.88804e-05	1580.000000	7.48189e-05	1580.000000	6.27242e-09	
1600.000000	6.30059e-05	1600.000000	7.47745e-05	1600.000000	7.87989e-05	1600.000000	7.49751e-05	1600.000000	7.87996e-05	1600.000000	7.47683e-05	1600.000000	6.19987e-09	
1620.000000	6.29756e-05	1620.000000	7.47286e-05	1620.000000	7.87218e-05	1620.000000	7.49006e-05	1620.000000	7.87223e-05	1620.000000	7.47224e-05	1620.000000	6.12904e-09	
1640.000000	6.29496e-05	1640.000000	7.46873e-05	1640.000000	7.86485e-05	1640.000000	7.48297e-05	1640.000000	7.86489e-05	1640.000000	7.46812e-05	1640.000000	6.05987e-09	
1660.000000	6.29278e-05	1660.000000	7.46504e-05	1660.000000	7.85788e-05	1660.000000	7.47624e-05	1660.000000	7.85793e-05	1660.000000	7.46444e-05	1660.000000	5.99229e-09	
1680.000000	6.29101e-05	1680.000000	7.46178e-05	1680.000000	7.85125e-05	1680.000000	7.46984e-05	1680.000000	7.85132e-05	1680.000000	7.46119e-05	1680.000000	5.92627e-09	
1700.000000	6.28965e-05	1700.000000	7.45893e-05	1700.000000	7.84496e-05	1700.000000	7.46377e-05	1700.000000	7.84506e-05	1700.000000	7.45835e-05	1700.000000	5.86173e-09	
1750.000000	6.28788e-05	1750.000000	7.45354e-05	1750.000000	7.8306e-05	1750.000000	7.44993e-05	1750.000000	7.83069e-05	1750.000000	7.45297e-05	1750.000000	5.70659e-09	
1800.000000	6.28834e-05	1800.000000	7.45044e-05	1800.000000	7.81805e-05	1800.000000	7.43785e-05	1800.000000	7.81808e-05	1800.000000	7.44988e-05	1800.000000	5.55973e-09	
1850.000000	6.29085e-05	1850.000000	7.44944e-05	1850.000000	7.80713e-05	1850.000000	7.42737e-05	1850.000000	7.80716e-05	1850.000000	7.4489e-05	1850.000000	5.42049e-09	
1900.000000	6.29528e-05	1900.000000	7.45039e-05	1900.000000	7.79768e-05	1900.000000	7.41834e-05	1900.000000	7.79765e-05	1900.000000	7.44986e-05	1900.000000	5.2883e-09	
1950.000000	6.30149e-05	1950.000000	7.45313e-05	1950.000000	7.78956e-05	1950.000000	7.41063e-05	1950.000000	7.78948e-05	1950.000000	7.45261e-05	1950.000000	5.16262e-09	
2000.000000	6.30936e-05	2000.000000	7.45753e-05	2000.000000	7.78264e-05	2000.000000	7.40413e-05	2000.000000	7.78258e-05	2000.000000	7.45702e-05	2000.000000	5.04298e-09	
2100.000000	6.32966e-05	2100.000000	7.47084e-05	2100.000000	7.77198e-05	2100.000000	7.39431e-05	2100.000000	7.77193e-05	2100.000000	7.47035e-05	2100.000000	4.82014e-09	
2200.000000	6.35543e-05	2200.000000	7.48947e-05	2200.000000	7.76499e-05	2200.000000	7.38817e-05	2200.000000	7.76511e-05	2200.000000	7.48901e-05	2200.000000	4.61679e-09	
2300.000000	6.38603e-05	2300.000000	7.51273e-05	2300.000000	7.76113e-05	2300.000000	7.38511e-05	2300.000000	7.76131e-05	2300.000000	7.51229e-05	2300.000000	4.43046e-09	
2400.000000	6.42094e-05	2400.000000	7.54005e-05	2400.000000	7.75995e-05	2400.000000	7.38466e-05	2400.000000	7.76026e-05	2400.000000	7.53962e-05	2400.000000	4.25906e-09	
2500.000000	6.45971e-05	2500.000000	7.57092e-05	2500.000000	7.76105e-05	2500.000000	7.3864e-05	2500.000000	7.76137e-05	2500.000000	7.57051e-05	2500.000000	4.10086e-09	
2600.000000	6.50197e-05	2600.000000	7.60494e-05	2600.000000	7.76409e-05	2600.000000	7.39002e-05	2600.000000	7.76447e-05	2600.000000	7.60455e-05	2600.000000	3.95436e-09	
2700.000000	6.54738e-05	2700.000000	7.64176e-05	2700.000000	7.76877e-05	2700.000000	7.39523e-05	2700.000000	7.76912e-05	2700.000000	7.64137e-05	2700.000000	3.81832e-09	
2800.000000	6.59567e-05	2800.000000	7.68106e-05	2800.000000	7.77484e-05	2800.000000	7.40179e-05	2800.000000	7.77524e-05	2800.000000	7.68069e-05	2800.000000	3.69162e-09	
2900.000000	6.64659e-05	2900.000000	7.72259e-05	2900.000000	7.78211e-05	2900.000000	7.40951e-05	2900.000000	7.78244e-05	2900.000000	7.72224e-05	2900.000000	3.57333e-09	
3000.000000	6.69993e-05	3000.000000	7.76613e-05	3000.000000	7.79038e-05	3000.000000	7.41822e-05	3000.000000	7.79073e-05	3000.000000	7.76578e-05	3000.000000	3.46264e-09	
3200.000000	6.81314e-05	3200.000000	7.85842e-05	3200.000000	7.8094e-05	3200.000000	7.43804e-05	3200.000000	7.80972e-05	3200.000000	7.8581e-05	3200.000000	3.26124e-09	
3400.000000	6.93406e-05	3400.000000	7.95665e-05	3400.000000	7.83093e-05	3400.000000	7.46034e-05	3400.000000	7.83128e-05	3400.000000	7.95634e-05	3400.000000	3.08268e-09	
3600.000000	7.06173e-05	3600.000000	8.05977e-05	3600.000000	7.85427e-05	3600.000000	7.48443e-05	3600.000000	7.85471e-05	3600.000000	8.05948e-05	3600.000000	2.92325e-09	
3800.000000	7.19535e-05	3800.000000	8.16699e-05	3800.000000	7.8789e-05	3800.000000	7.50979e-05	3800.000000	7.87942e-05	3800.000000	8.16672e-05	3800.000000	2.77999e-09	
4000.000000	7.33432e-05	4000.000000	8.27767e-05	4000.000000	7.90445e-05	4000.000000	7.53605e-05	4000.000000	7.90507e-05	4000.000000	8.2774e-05	4000.000000	2.65054e-09	
4200.000000	7.47812e-05	4200.000000	8.39127e-05	4200.000000	7.93064e-05	4200.000000	7.56289e-05	4200.000000	7.93138e-05	4200.000000	8.39102e-05	4200.000000	2.53297e-09	
4400.000000	7.62632e-05	4400.000000	8.50738e-05	4400.000000	7.95724e-05	4400.000000	7.5901e-05	4400.000000	7.95802e-05	4400.000000	8.50714e-05	4400.000000	2.42571e-09	
4600.000000	7.77858e-05	4600.000000	8.62564e-05	4600.000000	7.98407e-05	4600.000000	7.61749e-05	4600.000000	7.98492e-05	4600.000000	8.62541e-05	4600.000000	2.32744e-09	
4800.000000	7.93461e-05	4800.000000	8.74576e-05	4800.000000	8.01102e-05	4800.000000	7.64494e-05	4800.000000	8.01186e-05	4800.000000	8.74553e-05	4800.000000	2.23707e-09	
5000.000000	8.09415e-05	5000.000000	8.86749e-05	5000.000000	8.03795e-05	5000.000000	7.67234e-05	5000.000000	8.03878e-05	5000.000000	8.86728e-05	5000.000000	2.15366e-09	
5250.000000	8.29821e-05	5250.000000	9.02162e-05	5250.000000	8.07149e-05	5250.000000	7.70638e-05	5250.000000	8.07223e-05	5250.000000	9.02141e-05	5250.000000	2.05803e-09	
5500.000000	8.50708e-05	5500.000000	9.17761e-05	5500.000000	8.10475e-05	5500.000000	7.7401e-05	5500.000000	8.10536e-05	5500.000000	9.17741e-05	5500.000000	1.97078e-09	
6000.000000	8.93819e-05	6000.000000	9.49412e-05	6000.000000	8.16996e-05	6000.000000	7.80624e-05	6000.000000	8.17037e-05	6000.000000	9.49394e-05	6000.000000	1.81735e-09	
6500.000000	9.38566e-05	6500.000000	9.81531e-05	6500.000000	8.23254e-05	6500.000000	7.87032e-05	6500.000000	8.23335e-05	6500.000000	9.81515e-05	6500.000000	1.68672e-09	
7000.000000	9.84822e-05	7000.000000	0.0001014 	7000.000000	8.29366e-05	7000.000000	7.93218e-05	7000.000000	8.29411e-05	7000.000000	0.000101398	7000.000000	1.57413e-09	
7500.000000	0.000103249	7500.000000	0.000104673	7500.000000	8.35176e-05	7500.000000	7.99177e-05	7500.000000	8.35258e-05	7500.000000	0.000104671	7500.000000	1.47604e-09	
8000.000000	0.000108149	8000.000000	0.000107965	8000.000000	8.40818e-05	8000.000000	8.0491e-05	8000.000000	8.4088e-05	8000.000000	0.000107964	8000.000000	1.38979e-09	
8500.000000	0.000113178	8500.000000	0.000111273	8500.000000	8.46238e-05	8500.000000	8.10426e-05	8500.000000	8.46279e-05	8500.000000	0.000111272	8500.000000	1.31335e-09	
9000.000000	0.000118331	9000.000000	0.000114591	9000.000000	8.51409e-05	9000.000000	8.15734e-05	9000.000000	8.51469e-05	9000.000000	0.00011459	9000.000000	1.24512e-09	
9500.000000	0.000123605	9500.000000	0.000117918	9500.000000	8.56381e-05	9500.000000	8.20843e-05	9500.000000	8.5646e-05	9500.000000	0.000117917	9500.000000	1.18382e-09	
10000.000000	0.000128996	10000.000000	0.000121251	10000.000000	8.61181e-05	10000.000000	8.25765e-05	10000.000000	8.61257e-05	10000.000000	0.00012125	10000.000000	1.12845e-09	
11000.000000	0.000140125	11000.000000	0.000127929	11000.000000	8.70245e-05	11000.000000	8.35088e-05	11000.000000	8.70325e-05	11000.000000	0.000127928	11000.000000	1.03232e-09	
12000.000000	0.000151703	12000.000000	0.000134614	12000.000000	8.78639e-05	12000.000000	8.43782e-05	12000.000000	8.78751e-05	12000.000000	0.000134613	12000.000000	9.5169e-10	
13000.000000	0.000163723	13000.000000	0.0001413 	13000.000000	8.86485e-05	13000.000000	8.51916e-05	13000.000000	8.86603e-05	13000.000000	0.000141299	13000.000000	8.83068e-10	
14000.000000	0.000176179	14000.000000	0.000147983	14000.000000	8.93873e-05	14000.000000	8.59554e-05	14000.000000	8.93944e-05	14000.000000	0.000147982	14000.000000	8.23934e-10	
15000.000000	0.000189066	15000.000000	0.00015466	15000.000000	9.00829e-05	15000.000000	8.66747e-05	15000.000000	9.00827e-05	15000.000000	0.000154659	15000.000000	7.7243e-10	
16000.000000	0.000202383	16000.000000	0.000161328	16000.000000	9.07346e-05	16000.000000	8.73542e-05	16000.000000	9.073e-05 	16000.000000	0.000161328	16000.000000	7.27157e-10	
17000.000000	0.000216127	17000.000000	0.000167987	17000.000000	9.13451e-05	17000.000000	8.79978e-05	17000.000000	9.13402e-05	17000.000000	0.000167987	17000.000000	6.87039e-10	
18000.000000	0.000230299	18000.000000	0.000174636	18000.000000	9.19191e-05	18000.000000	8.8609e-05	18000.000000	9.1917e-05	18000.000000	0.000174636	18000.000000	6.51235e-10	
19000.000000	0.000244898	19000.000000	0.000181275	19000.000000	9.24609e-05	19000.000000	8.91908e-05	19000.000000	9.24626e-05	19000.000000	0.000181274	19000.000000	6.19078e-10	
20000.000000	0.000259924	20000.000000	0.000187902	20000.000000	9.29746e-05	20000.000000	8.97458e-05	20000.000000	9.29805e-05	20000.000000	0.000187902	20000.000000	5.90034e-10	
21000.000000	0.000275378	21000.000000	0.000194518	21000.000000	9.34639e-05	21000.000000	9.02763e-05	21000.000000	9.3473e-05	21000.000000	0.000194518	21000.000000	5.63668e-10	
22000.000000	0.00029126	22000.000000	0.000201123	22000.000000	9.39325e-05	22000.000000	9.07843e-05	22000.000000	9.39414e-05	22000.000000	0.000201123	22000.000000	5.39621e-10	
23000.000000	0.000307573	23000.000000	0.000207717	23000.000000	9.43811e-05	23000.000000	9.12715e-05	23000.000000	9.43888e-05	23000.000000	0.000207717	23000.000000	5.17598e-10	
24000.000000	0.000324316	24000.000000	0.0002143 	24000.000000	9.48088e-05	24000.000000	9.17397e-05	24000.000000	9.48152e-05	24000.000000	0.0002143 	24000.000000	4.97352e-10	
25000.000000	0.000341492	25000.000000	0.000220873	25000.000000	9.52161e-05	25000.000000	9.21902e-05	25000.000000	9.52237e-05	25000.000000	0.000220872	25000.000000	4.78674e-10	
26000.000000	0.000359103	26000.000000	0.000227434	26000.000000	9.56058e-05	26000.000000	9.26242e-05	26000.000000	9.56141e-05	26000.000000	0.000227434	26000.000000	4.61387e-10	
27000.000000	0.000377149	27000.000000	0.000233985	27000.000000	9.59799e-05	27000.000000	9.30429e-05	27000.000000	9.59891e-05	27000.000000	0.000233985	27000.000000	4.4534e-10	
28000.000000	0.000395633	28000.000000	0.000240526	28000.000000	9.63393e-05	28000.000000	9.34473e-05	28000.000000	9.63481e-05	28000.000000	0.000240526	28000.000000	4.30402e-10	
29000.000000	0.000414556	29000.000000	0.000247057	29000.000000	9.66849e-05	29000.000000	9.38385e-05	29000.000000	9.66936e-05	29000.000000	0.000247057	29000.000000	4.16462e-10	
30000.000000	0.000433921	30000.000000	0.000253578	30000.000000	9.70174e-05	30000.000000	9.42171e-05	30000.000000	9.70254e-05	30000.000000	0.000253578	30000.000000	4.03421e-10	
32000.000000	0.000473983	32000.000000	0.000266591	32000.000000	9.76459e-05	32000.000000	9.49397e-05	32000.000000	9.76529e-05	32000.000000	0.000266591	32000.000000	3.79709e-10	
34000.000000	0.000515837	34000.000000	0.000279568	34000.000000	9.82304e-05	34000.000000	9.56208e-05	34000.000000	9.82355e-05	34000.000000	0.000279568	34000.000000	3.58701e-10	
36000.000000	0.000559498	36000.000000	0.000292509	36000.000000	9.87733e-05	36000.000000	9.62646e-05	36000.000000	9.87784e-05	36000.000000	0.000292509	36000.000000	3.39956e-10	
38000.000000	0.000604986	38000.000000	0.000305417	38000.000000	9.92792e-05	38000.000000	9.68752e-05	38000.000000	9.92862e-05	38000.000000	0.000305417	38000.000000	3.23123e-10	
40000.000000	0.00065232	40000.000000	0.000318293	40000.000000	9.97526e-05	40000.000000	9.74556e-05	40000.000000	9.97617e-05	40000.000000	0.000318293	40000.000000	3.07922e-10	
42000.000000	0.000701517	42000.000000	0.000331139	42000.000000	0.000100198	42000.000000	9.80087e-05	42000.000000	0.000100208	42000.000000	0.000331138	42000.000000	2.94124e-10	
44000.000000	0.000752598	44000.000000	0.000343955	44000.000000	0.000100619	44000.000000	9.85371e-05	44000.000000	0.000100628	44000.000000	0.000343954	44000.000000	2.81542e-10	
46000.000000	0.000805582	46000.000000	0.000356742	46000.000000	0.000101019	46000.000000	9.90426e-05	46000.000000	0.000101024	46000.000000	0.000356742	46000.000000	2.70021e-10	
48000.000000	0.000860489	48000.000000	0.000369503	48000.000000	0.0001014 	48000.000000	9.95274e-05	48000.000000	0.000101398	48000.000000	0.000369503	48000.000000	2.5943e-10	
50000.000000	0.000917339	50000.000000	0.000382238	50000.000000	0.000101759	50000.000000	9.99929e-05	50000.000000	0.000101752	50000.000000	0.000382237	50000.000000	2.49661e-10	
