! 109Pd energy loss (dE/dX) in He
! apply ZOOM for details
Energy (MeV/u)1	0 - [He-base] F.Hubert et al, AD&ND Tables 46(1990)1	Energy (MeV/u)2	1 - [H -base] J.F.Ziegler et al,Pergamon Press,NY(low energy)	Energy (MeV/u)3	2 - ATIMA 1.2 LS-theory (recommended for high energy)	Energy (MeV/u)4	3 - ATIMA 1.2 without LS-correction	Energy (MeV/u)5	4 - ATIMA 1.4 H.Weick, improved mean charge formula for HI	Energy (MeV/u)6	5 - electrical component of [1] - J.F.Ziegler et al	Energy (MeV/u)7	6 - nuclear component of [1] - J.F.Ziegler et al	
0.001000	12.1104   	0.001000	14.7397   	0.001000	12.6285   	0.001000	12.6285   	0.001000	12.6291   	0.001000	3.66973   	0.001000	11.07     	
0.002000	12.5062   	0.002000	15.1662   	0.002000	12.6111   	0.002000	12.6111   	0.002000	12.6116   	0.002000	4.75905   	0.002000	10.4071   	
0.005000	12.4902   	0.005000	15.0059   	0.005000	11.7801   	0.005000	11.7801   	0.005000	11.7804   	0.005000	6.71039   	0.005000	8.29547   	
0.008000	12.514    	0.008000	14.9293   	0.008000	11.3332   	0.008000	11.3332   	0.008000	11.3334   	0.008000	8.00374   	0.008000	6.92556   	
0.010000	12.5952   	0.010000	14.9706   	0.010000	11.1961   	0.010000	11.1961   	0.010000	11.1963   	0.010000	8.7023    	0.010000	6.26829   	
0.015000	12.9223   	0.015000	15.2525   	0.015000	11.1564   	0.015000	11.1564   	0.015000	11.1565   	0.015000	10.1314   	0.015000	5.12108   	
0.020000	13.3298   	0.020000	15.657    	0.020000	11.3404   	0.020000	11.3404   	0.020000	11.3405   	0.020000	11.2855   	0.020000	4.37149   	
0.025000	13.7625   	0.025000	16.1077   	0.025000	11.6287   	0.025000	11.6287   	0.025000	11.6288   	0.025000	12.2705   	0.025000	3.83724   	
0.030000	14.1985   	0.030000	16.5728   	0.030000	11.9692   	0.030000	11.9692   	0.030000	11.9693   	0.030000	13.1388   	0.030000	3.43407   	
0.035000	14.6282   	0.035000	17.0379   	0.035000	12.3362   	0.035000	12.3362   	0.035000	12.3363   	0.035000	13.9207   	0.035000	3.11727   	
0.040000	15.0476   	0.040000	17.4962   	0.040000	12.7162   	0.040000	12.7162   	0.040000	12.7163   	0.040000	14.6355   	0.040000	2.86073   	
0.045000	15.455    	0.045000	17.9445   	0.045000	13.1014   	0.045000	13.1014   	0.045000	13.1014   	0.045000	15.2964   	0.045000	2.64809   	
0.050000	15.85     	0.050000	18.3814   	0.050000	13.4872   	0.050000	13.4872   	0.050000	13.4873   	0.050000	15.9129   	0.050000	2.46853   	
0.055000	16.2328   	0.055000	18.8065   	0.055000	13.8711   	0.055000	13.8711   	0.055000	13.8712   	0.055000	16.4919   	0.055000	2.31459   	
0.060000	16.934    	0.060000	19.2198   	0.060000	14.2513   	0.060000	14.2513   	0.060000	14.2514   	0.060000	17.0389   	0.060000	2.18093   	
0.070000	18.8111   	0.070000	20.1297   	0.070000	15.089    	0.070000	15.089    	0.070000	15.089    	0.070000	18.17     	0.070000	1.95974   	
0.080000	20.8104   	0.080000	22.8135   	0.080000	17.364    	0.080000	17.364    	0.080000	17.3641   	0.080000	21.0467   	0.080000	1.76685   	
0.090000	22.6465   	0.090000	25.4629   	0.090000	19.6835   	0.090000	19.6835   	0.090000	19.6835   	0.090000	23.8382   	0.090000	1.62468   	
0.100000	24.3241   	0.100000	28.032    	0.100000	21.9923   	0.100000	21.9923   	0.100000	21.9924   	0.100000	26.5262   	0.100000	1.5058    	
0.120000	26.69     	0.120000	32.8592   	0.120000	26.4771   	0.120000	26.4771   	0.120000	26.4771   	0.120000	31.5415   	0.120000	1.31769   	
0.140000	28.6844   	0.140000	37.2212   	0.140000	30.6755   	0.140000	30.6755   	0.140000	30.6755   	0.140000	36.0462   	0.140000	1.175     	
0.160000	30.4934   	0.160000	41.1187   	0.160000	34.5173   	0.160000	34.5173   	0.160000	34.5173   	0.160000	40.056    	0.160000	1.06266   	
0.180000	32.2216   	0.180000	44.5877   	0.180000	37.9795   	0.180000	37.9795   	0.180000	37.9796   	0.180000	43.6161   	0.180000	0.971655  	
0.200000	33.9206   	0.200000	47.6765   	0.200000	41.069    	0.200000	41.069    	0.200000	41.0691   	0.200000	46.7802   	0.200000	0.896284  	
0.250000	36.9466   	0.250000	54.044    	0.250000	47.3398   	0.250000	47.3398   	0.250000	47.3399   	0.250000	53.29     	0.250000	0.753955  	
0.300000	39.7624   	0.300000	58.955    	0.300000	51.9681   	0.300000	51.9681   	0.300000	51.9681   	0.300000	58.3016   	0.300000	0.653439  	
0.350000	42.3449   	0.350000	62.8389   	0.350000	55.4512   	0.350000	55.4512   	0.350000	55.4513   	0.350000	62.2606   	0.350000	0.578312  	
0.400000	44.6818   	0.400000	65.9775   	0.400000	58.1595   	0.400000	58.1595   	0.400000	58.1596   	0.400000	65.4576   	0.400000	0.519834  	
0.450000	47.1304   	0.450000	68.8757   	0.450000	60.3423   	0.450000	60.3423   	0.450000	60.3424   	0.450000	68.4028   	0.450000	0.472903  	
0.500000	49.6199   	0.500000	72.0523   	0.500000	62.1608   	0.500000	62.1608   	0.500000	62.1608   	0.500000	71.618    	0.500000	0.434331  	
0.600000	51.9499   	0.600000	76.9352   	0.600000	65.0788   	0.600000	65.0788   	0.600000	65.0789   	0.600000	76.5607   	0.600000	0.374514  	
0.700000	53.1249   	0.700000	80.4131   	0.700000	67.5328   	0.700000	67.5328   	0.700000	67.5328   	0.700000	80.083    	0.700000	0.330123  	
0.800000	55.5993   	0.800000	82.9213   	0.800000	70.422    	0.800000	70.422    	0.800000	70.4221   	0.800000	82.6256   	0.800000	0.295763  	
0.900000	57.7774   	0.900000	85.0276   	0.900000	72.7413   	0.900000	72.7413   	0.900000	72.7413   	0.900000	84.7593   	0.900000	0.268315  	
1.000000	59.5721   	1.000000	86.6934   	1.000000	74.619    	1.000000	74.619    	1.000000	74.6191   	1.000000	86.4476   	1.000000	0.245842  	
1.250000	62.4936   	1.250000	89.09     	1.250000	77.9069   	1.250000	77.9069   	1.250000	77.9069   	1.250000	88.8859   	1.250000	0.204059  	
1.500000	63.9307   	1.500000	89.7919   	1.500000	79.8092   	1.500000	79.8092   	1.500000	79.8093   	1.500000	89.6169   	1.500000	0.175078  	
1.750000	63.9373   	1.750000	88.6431   	1.750000	80.8107   	1.750000	80.8107   	1.750000	80.8108   	1.750000	88.4894   	1.750000	0.153711  	
2.000000	63.6462   	2.000000	87.3645   	2.000000	81.2067   	2.000000	81.2067   	2.000000	81.2068   	2.000000	87.2272   	2.000000	0.137259  	
2.250000	63.2641   	2.250000	86.0209   	2.250000	81.1871   	2.250000	81.1871   	2.250000	81.1872   	2.250000	85.8967   	2.250000	0.124174  	
2.500000	90.9693   	2.500000	84.6508   	2.500000	80.8783   	2.500000	80.8783   	2.500000	80.8784   	2.500000	84.5373   	2.500000	0.1135    	
3.000000	87.923    	3.000000	81.8616   	3.000000	79.7121   	3.000000	79.7121   	3.000000	79.7122   	3.000000	81.7645   	3.000000	0.0970979 	
3.500000	84.6582   	3.500000	79.1834   	3.500000	78.1344   	3.500000	78.1344   	3.500000	78.1344   	3.500000	79.0983   	3.500000	0.0850489 	
4.000000	81.4241   	4.000000	76.6415   	4.000000	76.3647   	4.000000	76.3647   	4.000000	76.3648   	4.000000	76.5657   	4.000000	0.0757989 	
4.500000	78.3258   	4.500000	74.241    	4.500000	74.3506   	4.500000	74.3506   	4.500000	74.3507   	4.500000	74.1725   	4.500000	0.0684597 	
5.000000	75.4039   	5.000000	71.9781   	5.000000	72.2716   	5.000000	72.2716   	5.000000	72.2717   	5.000000	71.9156   	5.000000	0.0624855 	
5.500000	72.6688   	5.500000	69.8459   	5.500000	70.2996   	5.500000	70.2996   	5.500000	70.2996   	5.500000	69.7884   	5.500000	0.0575219 	
6.000000	70.1168   	6.000000	67.8227   	6.000000	68.4299   	6.000000	68.4299   	6.000000	68.4299   	6.000000	67.7694   	6.000000	0.0533284 	
6.500000	67.7382   	6.500000	65.9191   	6.500000	66.6568   	6.500000	66.6568   	6.500000	66.6568   	6.500000	65.8694   	6.500000	0.0497357 	
7.000000	65.5207   	7.000000	64.1244   	7.000000	64.9743   	7.000000	64.9743   	7.000000	64.9744   	7.000000	64.0778   	7.000000	0.0466211 	
7.500000	63.4512   	7.500000	62.4118   	7.500000	63.3766   	7.500000	63.3766   	7.500000	63.3767   	7.500000	62.3679   	7.500000	0.0438936 	
8.000000	61.5172   	8.000000	60.792    	8.000000	61.8578   	8.000000	61.8578   	8.000000	61.8579   	8.000000	60.7505   	8.000000	0.041484  	
8.500000	59.707    	8.500000	59.2681   	8.500000	60.4126   	8.500000	60.4126   	8.500000	60.4126   	8.500000	59.2287   	8.500000	0.0393389 	
9.000000	58.0097   	9.000000	57.8293   	9.000000	59.0358   	9.000000	59.0358   	9.000000	59.0359   	9.000000	57.7919   	9.000000	0.0374161 	
9.500000	56.4155   	9.500000	56.4668   	9.500000	57.7229   	9.500000	57.7229   	9.500000	57.723    	9.500000	56.4311   	9.500000	0.0356823 	
10.000000	54.9155   	10.000000	52.8763   	10.000000	56.4695   	10.000000	56.4695   	10.000000	56.4695   	10.000000	52.8422   	10.000000	0.0341104 	
11.000000	52.1669   	11.000000	51.2465   	11.000000	53.6535   	11.000000	54.2191   	11.000000	54.606    	11.000000	51.2151   	11.000000	0.0313679 	
12.000000	49.7094   	12.000000	49.6826   	12.000000	51.1279   	12.000000	52.1654   	12.000000	52.8318   	12.000000	49.6535   	12.000000	0.0290539 	
13.000000	47.4987   	13.000000	48.1921   	13.000000	48.8524   	13.000000	50.2858   	13.000000	51.151    	13.000000	48.1651   	13.000000	0.0270737 	
14.000000	45.499    	14.000000	46.7771   	14.000000	46.7935   	14.000000	48.5602   	14.000000	49.5634   	14.000000	46.7518   	14.000000	0.0253589 	
15.000000	43.681    	15.000000	45.4364   	15.000000	44.9225   	15.000000	46.9716   	15.000000	48.0663   	15.000000	45.4125   	15.000000	0.0238586 	
16.000000	42.0205   	16.000000	44.1672   	16.000000	43.2166   	16.000000	45.5052   	16.000000	46.656    	16.000000	44.1446   	16.000000	0.0225343 	
17.000000	40.4974   	17.000000	42.9658   	17.000000	41.6565   	17.000000	44.1482   	17.000000	45.3282   	17.000000	42.9445   	17.000000	0.0213563 	
18.000000	39.0949   	18.000000	41.8284   	18.000000	40.2253   	18.000000	42.8895   	18.000000	44.0756   	18.000000	41.8081   	18.000000	0.0203012 	
19.000000	37.799    	19.000000	40.7509   	19.000000	38.9089   	19.000000	41.7195   	19.000000	42.8965   	19.000000	40.7316   	19.000000	0.0193505 	
20.000000	36.5975   	20.000000	39.7293   	20.000000	37.6962   	20.000000	40.6299   	20.000000	41.7866   	20.000000	39.7109   	20.000000	0.018489  	
21.000000	35.4803   	21.000000	38.7599   	21.000000	36.5762   	21.000000	39.6132   	21.000000	40.7374   	21.000000	38.7422   	21.000000	0.0177047 	
22.000000	34.4385   	22.000000	37.8391   	22.000000	35.539    	22.000000	38.663    	22.000000	39.7497   	22.000000	37.8222   	22.000000	0.0169875 	
23.000000	33.4646   	23.000000	36.9636   	23.000000	34.5766   	23.000000	37.7735   	23.000000	38.8163   	23.000000	36.9473   	23.000000	0.0163288 	
24.000000	32.5519   	24.000000	36.1304   	24.000000	33.6825   	24.000000	36.9396   	24.000000	37.9356   	24.000000	36.1146   	24.000000	0.0157218 	
25.000000	31.6947   	25.000000	35.3364   	25.000000	32.8513   	25.000000	36.1569   	25.000000	37.1032   	25.000000	35.3213   	25.000000	0.0151605 	
27.000000	30.1271   	27.000000	33.8564   	27.000000	31.3582   	27.000000	34.7292   	27.000000	35.5721   	27.000000	33.8422   	27.000000	0.0141554 	
29.000000	28.7281   	29.000000	32.5049   	29.000000	30.057    	29.000000	33.4627   	29.000000	34.2013   	29.000000	32.4916   	29.000000	0.0132811 	
31.000000	27.4711   	31.000000	31.2662   	31.000000	28.9626   	31.000000	32.2196   	31.000000	32.7877   	31.000000	31.2537   	31.000000	0.0125133 	
33.000000	26.3351   	33.000000	30.1268   	33.000000	28.0087   	33.000000	30.9779   	33.000000	31.3473   	33.000000	30.115    	33.000000	0.0118333 	
35.000000	25.3028   	35.000000	29.0754   	35.000000	27.1242   	35.000000	29.8376   	35.000000	30.0501   	35.000000	29.0642   	35.000000	0.0112267 	
38.000000	23.9192   	38.000000	27.6422   	38.000000	25.9074   	38.000000	28.2914   	38.000000	28.3271   	38.000000	27.6318   	38.000000	0.0104299 	
41.000000	22.7008   	41.000000	26.3578   	41.000000	24.8084   	41.000000	26.9132   	41.000000	26.8238   	41.000000	26.348    	41.000000	0.0097434 	
44.000000	21.619    	44.000000	25.2001   	44.000000	23.809    	44.000000	25.6768   	44.000000	25.4986   	44.000000	25.1909   	44.000000	0.00914547	
47.000000	20.6514   	47.000000	24.1512   	47.000000	22.8971   	47.000000	24.5612   	47.000000	24.3211   	47.000000	24.1426   	47.000000	0.00861978	
50.000000	19.7805   	50.000000	23.1965   	50.000000	22.0632   	50.000000	23.5494   	50.000000	23.2668   	50.000000	23.1884   	50.000000	0.00815379	
55.000000	18.5064   	55.000000	21.7824   	55.000000	20.8162   	55.000000	22.0572   	55.000000	21.7323   	55.000000	21.7749   	55.000000	0.00748423	
60.000000	17.4122   	60.000000	20.5521   	60.000000	19.7252   	60.000000	20.7651   	60.000000	20.4212   	60.000000	20.5452   	60.000000	0.00692054	
65.000000	16.4614   	65.000000	19.4719   	65.000000	18.7578   	65.000000	19.6354   	65.000000	19.287    	65.000000	19.4655   	65.000000	0.00643914	
70.000000	15.627    	70.000000	18.5159   	70.000000	17.8969   	70.000000	18.6391   	70.000000	18.2963   	70.000000	18.5098   	70.000000	0.006023  	
75.000000	14.8883   	75.000000	17.6637   	75.000000	17.1248   	75.000000	17.7541   	75.000000	17.4546   	75.000000	17.658    	75.000000	0.00565952	
80.000000	14.2294   	80.000000	16.8993   	80.000000	16.4311   	80.000000	16.9626   	80.000000	16.7028   	80.000000	16.894    	80.000000	0.00533918	
85.000000	13.6376   	85.000000	16.2098   	85.000000	15.8005   	85.000000	16.2507   	85.000000	16.0256   	85.000000	16.2047   	85.000000	0.00505462	
90.000000	13.103    	90.000000	15.5847   	90.000000	15.228    	90.000000	15.6069   	90.000000	15.4131   	90.000000	15.5799   	90.000000	0.00480008	
95.000000	12.6174   	95.000000	15.0154   	95.000000	14.7027   	95.000000	15.0219   	95.000000	14.8574   	95.000000	15.0108   	95.000000	0.00457099	
100.000000	12.1743   	100.000000	14.4947   	100.000000	14.2221   	100.000000	14.4881   	100.000000	14.3507   	100.000000	14.4904   	100.000000	0.00436366	
105.000000	11.7682   	105.000000	14.0167   	105.000000	13.7808   	105.000000	13.9991   	105.000000	13.8862   	105.000000	14.0126   	105.000000	0.00417509	
110.000000	11.3944   	110.000000	13.5764   	110.000000	13.3714   	110.000000	13.5494   	110.000000	13.4602   	110.000000	13.5724   	110.000000	0.00400281	
115.000000	11.0492   	115.000000	13.1694   	115.000000	12.9925   	115.000000	13.1346   	115.000000	13.066    	115.000000	13.1655   	115.000000	0.00384477	
120.000000	10.7294   	120.000000	12.7921   	120.000000	12.6407   	120.000000	12.7507   	120.000000	12.7021   	120.000000	12.7884   	120.000000	0.00369924	
125.000000	10.4321   	125.000000	12.4415   	125.000000	12.3128   	125.000000	12.3945   	125.000000	12.3636   	125.000000	12.4379   	125.000000	0.00356478	
130.000000	10.1551   	130.000000	12.1147   	130.000000	12.0074   	130.000000	12.063    	130.000000	12.0493   	130.000000	12.1113   	130.000000	0.00344016	
135.000000	9.8962    	135.000000	11.8095   	135.000000	11.7212   	135.000000	11.7539   	135.000000	11.7552   	135.000000	11.8062   	135.000000	0.00332431	
140.000000	9.65369   	140.000000	11.5238   	140.000000	11.4524   	140.000000	11.4649   	140.000000	11.4811   	140.000000	11.5206   	140.000000	0.00321633	
145.000000	9.42601   	145.000000	11.2557   	145.000000	11.1998   	145.000000	11.1941   	145.000000	11.223    	145.000000	11.2526   	145.000000	0.00311544	
150.000000	9.21181   	150.000000	11.0038   	150.000000	10.9625   	150.000000	10.9399   	150.000000	10.9814   	150.000000	11.0008   	150.000000	0.00302094	
155.000000	8.90469   	155.000000	10.7666   	155.000000	10.7391   	155.000000	10.7009   	155.000000	10.7536   	155.000000	10.7636   	155.000000	0.00293224	
160.000000	8.72748   	160.000000	10.5428   	160.000000	10.5282   	160.000000	10.4756   	160.000000	10.5389   	160.000000	10.5399   	160.000000	0.00284882	
165.000000	8.55998   	165.000000	10.3314   	165.000000	10.3283   	165.000000	10.2631   	165.000000	10.3367   	165.000000	10.3286   	165.000000	0.00277021	
170.000000	8.40141   	170.000000	10.1313   	170.000000	10.1387   	170.000000	10.0622   	170.000000	10.1446   	170.000000	10.1286   	170.000000	0.002696  	
175.000000	8.25104   	175.000000	9.94173   	175.000000	9.95874   	175.000000	9.87199   	175.000000	9.96308   	175.000000	9.9391    	175.000000	0.00262582	
180.000000	8.10827   	180.000000	9.76184   	180.000000	9.78816   	180.000000	9.6917    	180.000000	9.7909    	180.000000	9.75928   	180.000000	0.00255936	
185.000000	7.97252   	185.000000	9.59092   	185.000000	9.62577   	185.000000	9.52056   	185.000000	9.6269    	185.000000	9.58842   	185.000000	0.00249631	
190.000000	7.84327   	190.000000	9.42832   	190.000000	9.47082   	190.000000	9.3579    	190.000000	9.47127   	190.000000	9.42588   	190.000000	0.00243643	
195.000000	7.72007   	195.000000	9.27345   	195.000000	9.32367   	195.000000	9.20312   	195.000000	9.32305   	195.000000	9.27107   	195.000000	0.00237946	
200.000000	7.60249   	200.000000	9.12578   	200.000000	9.18374   	200.000000	9.05566   	200.000000	9.18133   	200.000000	9.12345   	200.000000	0.00232521	
210.000000	7.38274   	210.000000	8.85014   	210.000000	8.92072   	210.000000	8.78077   	210.000000	8.91761   	210.000000	8.84792   	210.000000	0.0022241 	
220.000000	7.18134   	220.000000	8.59801   	220.000000	8.68007   	220.000000	8.52972   	220.000000	8.67567   	220.000000	8.59588   	220.000000	0.00213176	
230.000000	6.99608   	230.000000	8.36653   	230.000000	8.45883   	230.000000	8.2996    	230.000000	8.45402   	230.000000	8.36448   	230.000000	0.00204707	
240.000000	6.82508   	240.000000	8.1533    	240.000000	8.25524   	240.000000	8.08793   	240.000000	8.24967   	240.000000	8.15133   	240.000000	0.00196911	
250.000000	6.66676   	250.000000	7.95627   	250.000000	8.0668    	250.000000	7.89263   	250.000000	8.06106   	250.000000	7.95437   	250.000000	0.0018971 	
260.000000	6.51974   	260.000000	7.77369   	260.000000	7.89182   	260.000000	7.7119    	260.000000	7.88602   	260.000000	7.77186   	260.000000	0.00183037	
270.000000	6.38286   	270.000000	7.60406   	270.000000	7.72949   	270.000000	7.5442    	270.000000	7.72361   	270.000000	7.60229   	270.000000	0.00176837	
280.000000	6.25511   	280.000000	7.44607   	280.000000	7.5783    	280.000000	7.38821   	280.000000	7.57199   	280.000000	7.44436   	280.000000	0.00171058	
290.000000	6.1356    	290.000000	7.29858   	290.000000	7.4367    	290.000000	7.24278   	290.000000	7.43086   	290.000000	7.29693   	290.000000	0.0016566 	
300.000000	6.02357   	300.000000	7.16061   	300.000000	7.30425   	300.000000	7.10689   	300.000000	7.29824   	300.000000	7.159     	300.000000	0.00160606	
310.000000	5.91834   	310.000000	7.03128   	310.000000	7.18009   	310.000000	6.97967   	310.000000	7.17427   	310.000000	7.02972   	310.000000	0.00155863	
320.000000	5.81932   	320.000000	6.90982   	320.000000	7.06325   	320.000000	6.86033   	320.000000	7.05772   	320.000000	6.90831   	320.000000	0.00151402	
330.000000	5.72598   	330.000000	6.79556   	330.000000	6.95354   	330.000000	6.74818   	330.000000	6.94801   	330.000000	6.79409   	330.000000	0.001472  	
340.000000	5.63784   	340.000000	6.68789   	340.000000	6.85024   	340.000000	6.64263   	340.000000	6.8449    	340.000000	6.68646   	340.000000	0.00143234	
350.000000	5.55451   	350.000000	6.58628   	350.000000	6.75254   	350.000000	6.54311   	350.000000	6.74722   	350.000000	6.58488   	350.000000	0.00139484	
360.000000	5.47559   	360.000000	6.49024   	360.000000	6.66018   	360.000000	6.44916   	360.000000	6.65508   	360.000000	6.48888   	360.000000	0.00135934	
370.000000	5.40075   	370.000000	6.39934   	370.000000	6.57288   	370.000000	6.36033   	370.000000	6.56812   	370.000000	6.39801   	370.000000	0.00132566	
380.000000	5.3297    	380.000000	6.3132    	380.000000	6.49024   	380.000000	6.27623   	380.000000	6.48533   	380.000000	6.3119    	380.000000	0.00129368	
390.000000	5.26216   	390.000000	6.23146   	390.000000	6.41179   	390.000000	6.19651   	390.000000	6.40696   	390.000000	6.2302    	390.000000	0.00126326	
400.000000	5.19789   	400.000000	6.15381   	400.000000	6.33707   	400.000000	6.12085   	400.000000	6.33268   	400.000000	6.15258   	400.000000	0.0012343 	
410.000000	5.13665   	410.000000	6.07997   	410.000000	6.26593   	410.000000	6.04897   	410.000000	6.26173   	410.000000	6.07876   	410.000000	0.00120669	
420.000000	5.07826   	420.000000	6.00967   	420.000000	6.19826   	420.000000	5.9806    	420.000000	6.1943    	420.000000	6.00849   	420.000000	0.00118033	
430.000000	5.02251   	430.000000	5.94267   	430.000000	6.13385   	430.000000	5.91551   	430.000000	6.13017   	430.000000	5.94151   	430.000000	0.00115514	
440.000000	4.96925   	440.000000	5.87876   	440.000000	6.07243   	440.000000	5.85347   	440.000000	6.0689    	440.000000	5.87763   	440.000000	0.00113105	
450.000000	4.91831   	450.000000	5.81775   	450.000000	6.01382   	450.000000	5.7943    	450.000000	6.01033   	450.000000	5.81664   	450.000000	0.00110798	
460.000000	4.86956   	460.000000	5.75944   	460.000000	5.95782   	460.000000	5.73779   	460.000000	5.95448   	460.000000	5.75835   	460.000000	0.00108587	
470.000000	4.82286   	470.000000	5.70368   	470.000000	5.90431   	470.000000	5.6838    	470.000000	5.90117   	470.000000	5.70261   	470.000000	0.00106466	
480.000000	4.7781    	480.000000	5.65031   	480.000000	5.85314   	480.000000	5.63217   	480.000000	5.84993   	480.000000	5.64926   	480.000000	0.0010443 	
490.000000	4.73516   	490.000000	5.59918   	490.000000	5.80417   	490.000000	5.58275   	490.000000	5.8009    	490.000000	5.59816   	490.000000	0.00102473	
500.000000	4.69394   	500.000000	5.55018   	500.000000	5.75719   	500.000000	5.53542   	500.000000	5.75399   	500.000000	5.54918   	500.000000	0.0010059 	
520.000000	4.61629   	520.000000	5.45807   	520.000000	5.66861   	520.000000	5.44655   	520.000000	5.66578   	520.000000	5.45709   	520.000000	0.000970335	
540.000000	4.54447   	540.000000	5.3731    	540.000000	5.58689   	540.000000	5.36468   	540.000000	5.58437   	540.000000	5.37216   	540.000000	0.000937288	
560.000000	4.4779    	560.000000	5.29453   	560.000000	5.51145   	560.000000	5.28909   	560.000000	5.50922   	560.000000	5.29363   	560.000000	0.0009065 	
580.000000	4.41606   	580.000000	5.22174   	580.000000	5.44159   	580.000000	5.21913   	580.000000	5.43944   	580.000000	5.22086   	580.000000	0.000877745	
600.000000	4.3585    	600.000000	5.15415   	600.000000	5.37675   	600.000000	5.15424   	600.000000	5.37487   	600.000000	5.1533    	600.000000	0.000850824	
620.000000	4.30485   	620.000000	5.09128   	620.000000	5.31649   	620.000000	5.09395   	620.000000	5.31457   	620.000000	5.09045   	620.000000	0.000825566	
640.000000	4.25475   	640.000000	5.0327    	640.000000	5.26043   	640.000000	5.03782   	640.000000	5.25854   	640.000000	5.0319    	640.000000	0.00080182	
660.000000	4.20791   	660.000000	4.97803   	660.000000	5.20798   	660.000000	4.98547   	660.000000	5.20623   	660.000000	4.97725   	660.000000	0.000779451	
680.000000	4.16405   	680.000000	4.92694   	680.000000	5.15877   	680.000000	4.93658   	680.000000	5.15725   	680.000000	4.92618   	680.000000	0.000758342	
700.000000	4.12293   	700.000000	4.87912   	700.000000	5.1128    	700.000000	4.89085   	700.000000	5.11153   	700.000000	4.87839   	700.000000	0.000738389	
720.000000	4.08433   	720.000000	4.83433   	720.000000	5.06993   	720.000000	4.84801   	720.000000	5.06856   	720.000000	4.83361   	720.000000	0.000719497	
740.000000	4.04808   	740.000000	4.7923    	740.000000	5.02968   	740.000000	4.80783   	740.000000	5.02823   	740.000000	4.7916    	740.000000	0.000701582	
760.000000	4.01398   	760.000000	4.75284   	760.000000	4.99171   	760.000000	4.7701    	760.000000	4.99043   	760.000000	4.75216   	760.000000	0.000684572	
780.000000	3.9819    	780.000000	4.71575   	780.000000	4.95593   	780.000000	4.73463   	780.000000	4.95477   	780.000000	4.71508   	780.000000	0.000668396	
800.000000	3.95167   	800.000000	4.68086   	800.000000	4.92226   	800.000000	4.70125   	800.000000	4.92118   	800.000000	4.6802    	800.000000	0.000652996	
820.000000	3.92319   	820.000000	4.648     	820.000000	4.89056   	820.000000	4.66981   	820.000000	4.88959   	820.000000	4.64737   	820.000000	0.000638315	
840.000000	3.89632   	840.000000	4.61705   	840.000000	4.86065   	840.000000	4.64015   	840.000000	4.85976   	840.000000	4.61643   	840.000000	0.000624304	
860.000000	3.87097   	860.000000	4.58787   	860.000000	4.83241   	860.000000	4.61216   	860.000000	4.83152   	860.000000	4.58726   	860.000000	0.000610917	
880.000000	3.84704   	880.000000	4.56034   	880.000000	4.80572   	880.000000	4.58573   	880.000000	4.80489   	880.000000	4.55974   	880.000000	0.000598113	
900.000000	3.82444   	900.000000	4.53435   	900.000000	4.78051   	900.000000	4.56074   	900.000000	4.77976   	900.000000	4.53376   	900.000000	0.000585855	
920.000000	3.80308   	920.000000	4.50981   	920.000000	4.75667   	920.000000	4.5371    	920.000000	4.75584   	920.000000	4.50923   	920.000000	0.000574107	
940.000000	3.7829    	940.000000	4.48662   	940.000000	4.73406   	940.000000	4.51472   	940.000000	4.73322   	940.000000	4.48606   	940.000000	0.000562839	
960.000000	3.76382   	960.000000	4.46471   	960.000000	4.71259   	960.000000	4.49351   	960.000000	4.71183   	960.000000	4.46416   	960.000000	0.00055202	
980.000000	3.74579   	980.000000	4.44399   	980.000000	4.69215   	980.000000	4.47342   	980.000000	4.69156   	980.000000	4.44345   	980.000000	0.000541625	
1000.000000	3.72874   	1000.000000	4.42441   	1000.000000	4.67274   	1000.000000	4.45436   	1000.000000	4.67223   	1000.000000	4.42388   	1000.000000	0.000531628	
1020.000000	3.71261   	1020.000000	4.40588   	1020.000000	4.65434   	1020.000000	4.43628   	1020.000000	4.65389   	1020.000000	4.40536   	1020.000000	0.000522007	
1040.000000	3.69737   	1040.000000	4.38836   	1040.000000	4.63692   	1040.000000	4.41911   	1040.000000	4.63652   	1040.000000	4.38784   	1040.000000	0.000512741	
1060.000000	3.68296   	1060.000000	4.37178   	1060.000000	4.62042   	1060.000000	4.4028    	1060.000000	4.62004   	1060.000000	4.37128   	1060.000000	0.00050381	
1080.000000	3.66933   	1080.000000	4.3561    	1080.000000	4.60476   	1080.000000	4.3873    	1080.000000	4.60427   	1080.000000	4.3556    	1080.000000	0.000495197	
1100.000000	3.65646   	1100.000000	4.34126   	1100.000000	4.58985   	1100.000000	4.37257   	1100.000000	4.5893    	1100.000000	4.34078   	1100.000000	0.000486883	
1120.000000	3.6443    	1120.000000	4.32723   	1120.000000	4.57564   	1120.000000	4.35857   	1120.000000	4.57508   	1120.000000	4.32675   	1120.000000	0.000478854	
1140.000000	3.63281   	1140.000000	4.31396   	1140.000000	4.56208   	1140.000000	4.34524   	1140.000000	4.56158   	1140.000000	4.31349   	1140.000000	0.000471096	
1160.000000	3.62197   	1160.000000	4.30141   	1160.000000	4.54914   	1160.000000	4.33256   	1160.000000	4.54869   	1160.000000	4.30095   	1160.000000	0.000463594	
1180.000000	3.61174   	1180.000000	4.28955   	1180.000000	4.53681   	1180.000000	4.32049   	1180.000000	4.53639   	1180.000000	4.28909   	1180.000000	0.000456336	
1200.000000	3.6021    	1200.000000	4.27834   	1200.000000	4.52505   	1200.000000	4.309     	1200.000000	4.52469   	1200.000000	4.27789   	1200.000000	0.000449309	
1220.000000	3.59302   	1220.000000	4.26776   	1220.000000	4.51386   	1220.000000	4.29806   	1220.000000	4.51356   	1220.000000	4.26731   	1220.000000	0.000442504	
1240.000000	3.58447   	1240.000000	4.25776   	1240.000000	4.5032    	1240.000000	4.28764   	1240.000000	4.50299   	1240.000000	4.25733   	1240.000000	0.00043591	
1260.000000	3.57642   	1260.000000	4.24833   	1260.000000	4.49305   	1260.000000	4.27771   	1260.000000	4.49285   	1260.000000	4.2479    	1260.000000	0.000429516	
1280.000000	3.56887   	1280.000000	4.23944   	1280.000000	4.48338   	1280.000000	4.26825   	1280.000000	4.48318   	1280.000000	4.23902   	1280.000000	0.000423314	
1300.000000	3.56178   	1300.000000	4.23106   	1300.000000	4.47417   	1300.000000	4.25923   	1300.000000	4.47397   	1300.000000	4.23064   	1300.000000	0.000417294	
1320.000000	3.55514   	1320.000000	4.22317   	1320.000000	4.46539   	1320.000000	4.25064   	1320.000000	4.46522   	1320.000000	4.22276   	1320.000000	0.00041145	
1340.000000	3.54893   	1340.000000	4.21576   	1340.000000	4.45703   	1340.000000	4.24246   	1340.000000	4.45689   	1340.000000	4.21535   	1340.000000	0.000405774	
1360.000000	3.54313   	1360.000000	4.20879   	1360.000000	4.44906   	1360.000000	4.23465   	1360.000000	4.44892   	1360.000000	4.20839   	1360.000000	0.000400257	
1380.000000	3.53772   	1380.000000	4.20225   	1380.000000	4.44147   	1380.000000	4.22721   	1380.000000	4.44128   	1380.000000	4.20185   	1380.000000	0.000394894	
1400.000000	3.53269   	1400.000000	4.19612   	1400.000000	4.43422   	1400.000000	4.22013   	1400.000000	4.43402   	1400.000000	4.19573   	1400.000000	0.000389678	
1420.000000	3.52802   	1420.000000	4.19039   	1420.000000	4.4273    	1420.000000	4.21337   	1420.000000	4.4271    	1420.000000	4.19001   	1420.000000	0.000384603	
1440.000000	3.52371   	1440.000000	4.18504   	1440.000000	4.4207    	1440.000000	4.20693   	1440.000000	4.42052   	1440.000000	4.18466   	1440.000000	0.000379663	
1460.000000	3.51973   	1460.000000	4.18004   	1460.000000	4.41439   	1460.000000	4.20079   	1460.000000	4.41426   	1460.000000	4.17967   	1460.000000	0.000374853	
1480.000000	3.51608   	1480.000000	4.1754    	1480.000000	4.40838   	1480.000000	4.19495   	1480.000000	4.40825   	1480.000000	4.17503   	1480.000000	0.000370167	
1500.000000	3.51274   	1500.000000	4.17109   	1500.000000	4.40263   	1500.000000	4.18938   	1500.000000	4.40251   	1500.000000	4.17073   	1500.000000	0.000365602	
1520.000000	3.50969   	1520.000000	4.16711   	1520.000000	4.39716   	1520.000000	4.18407   	1520.000000	4.39705   	1520.000000	4.16675   	1520.000000	0.000361152	
1540.000000	3.50694   	1540.000000	4.16343   	1540.000000	4.39194   	1540.000000	4.17902   	1540.000000	4.39187   	1540.000000	4.16307   	1540.000000	0.000356813	
1560.000000	3.50447   	1560.000000	4.16005   	1560.000000	4.38696   	1560.000000	4.17422   	1560.000000	4.38693   	1560.000000	4.1597    	1560.000000	0.000352581	
1580.000000	3.50227   	1580.000000	4.15696   	1580.000000	4.38223   	1580.000000	4.16964   	1580.000000	4.38225   	1580.000000	4.15661   	1580.000000	0.000348451	
1600.000000	3.50033   	1600.000000	4.15414   	1600.000000	4.37772   	1600.000000	4.16528   	1600.000000	4.37776   	1600.000000	4.15379   	1600.000000	0.000344421	
1620.000000	3.49864   	1620.000000	4.15159   	1620.000000	4.37343   	1620.000000	4.16114   	1620.000000	4.37347   	1620.000000	4.15125   	1620.000000	0.000340486	
1640.000000	3.4972    	1640.000000	4.14929   	1640.000000	4.36936   	1640.000000	4.15721   	1640.000000	4.36939   	1640.000000	4.14896   	1640.000000	0.000336643	
1660.000000	3.49599   	1660.000000	4.14724   	1660.000000	4.36548   	1660.000000	4.15346   	1660.000000	4.36552   	1660.000000	4.14691   	1660.000000	0.000332889	
1680.000000	3.49501   	1680.000000	4.14543   	1680.000000	4.3618    	1680.000000	4.14991   	1680.000000	4.36185   	1680.000000	4.1451    	1680.000000	0.000329221	
1700.000000	3.49425   	1700.000000	4.14385   	1700.000000	4.35831   	1700.000000	4.14654   	1700.000000	4.35838   	1700.000000	4.14353   	1700.000000	0.000325636	
1750.000000	3.49327   	1750.000000	4.14086   	1750.000000	4.35033   	1750.000000	4.13885   	1750.000000	4.35039   	1750.000000	4.14054   	1750.000000	0.000317017	
1800.000000	3.49352   	1800.000000	4.13913   	1800.000000	4.34336   	1800.000000	4.13214   	1800.000000	4.34338   	1800.000000	4.13882   	1800.000000	0.000308859	
1850.000000	3.49492   	1850.000000	4.13858   	1850.000000	4.3373    	1850.000000	4.12632   	1850.000000	4.33732   	1850.000000	4.13828   	1850.000000	0.000301124	
1900.000000	3.49738   	1900.000000	4.1391    	1900.000000	4.33205   	1900.000000	4.1213    	1900.000000	4.33204   	1900.000000	4.13881   	1900.000000	0.00029378	
1950.000000	3.50083   	1950.000000	4.14063   	1950.000000	4.32753   	1950.000000	4.11702   	1950.000000	4.32749   	1950.000000	4.14034   	1950.000000	0.000286799	
2000.000000	3.5052    	2000.000000	4.14307   	2000.000000	4.32369   	2000.000000	4.1134    	2000.000000	4.32366   	2000.000000	4.14279   	2000.000000	0.000280153	
2100.000000	3.51648   	2100.000000	4.15046   	2100.000000	4.31776   	2100.000000	4.10795   	2100.000000	4.31775   	2100.000000	4.1502    	2100.000000	0.000267773	
2200.000000	3.53079   	2200.000000	4.16082   	2200.000000	4.31388   	2200.000000	4.10454   	2200.000000	4.31396   	2200.000000	4.16056   	2200.000000	0.000256476	
2300.000000	3.54779   	2300.000000	4.17374   	2300.000000	4.31174   	2300.000000	4.10284   	2300.000000	4.31185   	2300.000000	4.17349   	2300.000000	0.000246125	
2400.000000	3.56719   	2400.000000	4.18891   	2400.000000	4.31108   	2400.000000	4.10259   	2400.000000	4.31126   	2400.000000	4.18868   	2400.000000	0.000236603	
2500.000000	3.58873   	2500.000000	4.20607   	2500.000000	4.3117    	2500.000000	4.10356   	2500.000000	4.31188   	2500.000000	4.20584   	2500.000000	0.000227815	
2600.000000	3.61221   	2600.000000	4.22497   	2600.000000	4.31338   	2600.000000	4.10557   	2600.000000	4.31361   	2600.000000	4.22475   	2600.000000	0.000219677	
2700.000000	3.63744   	2700.000000	4.24542   	2700.000000	4.31598   	2700.000000	4.10846   	2700.000000	4.31619   	2700.000000	4.24521   	2700.000000	0.000212119	
2800.000000	3.66426   	2800.000000	4.26726   	2800.000000	4.31936   	2800.000000	4.11211   	2800.000000	4.31959   	2800.000000	4.26705   	2800.000000	0.000205081	
2900.000000	3.69255   	2900.000000	4.29033   	2900.000000	4.32339   	2900.000000	4.11639   	2900.000000	4.32359   	2900.000000	4.29013   	2900.000000	0.000198509	
3000.000000	3.72218   	3000.000000	4.31451   	3000.000000	4.32799   	3000.000000	4.12123   	3000.000000	4.3282    	3000.000000	4.31432   	3000.000000	0.00019236	
3200.000000	3.78508   	3200.000000	4.36579   	3200.000000	4.33855   	3200.000000	4.13224   	3200.000000	4.33875   	3200.000000	4.36561   	3200.000000	0.000181172	
3400.000000	3.85226   	3400.000000	4.42036   	3400.000000	4.35051   	3400.000000	4.14463   	3400.000000	4.35073   	3400.000000	4.42019   	3400.000000	0.000171252	
3600.000000	3.92318   	3600.000000	4.47765   	3600.000000	4.36348   	3600.000000	4.15801   	3600.000000	4.36374   	3600.000000	4.47749   	3600.000000	0.000162395	
3800.000000	3.99742   	3800.000000	4.53722   	3800.000000	4.37717   	3800.000000	4.17211   	3800.000000	4.37748   	3800.000000	4.53706   	3800.000000	0.000154437	
4000.000000	4.07462   	4000.000000	4.5987    	4000.000000	4.39137   	4000.000000	4.18669   	4000.000000	4.39173   	4000.000000	4.59856   	4000.000000	0.000147245	
4200.000000	4.15451   	4200.000000	4.66182   	4200.000000	4.40593   	4200.000000	4.20161   	4200.000000	4.40635   	4200.000000	4.66168   	4200.000000	0.000140714	
4400.000000	4.23684   	4400.000000	4.72632   	4400.000000	4.42071   	4400.000000	4.21672   	4400.000000	4.42115   	4400.000000	4.72619   	4400.000000	0.000134756	
4600.000000	4.32143   	4600.000000	4.79202   	4600.000000	4.43563   	4600.000000	4.23194   	4600.000000	4.43609   	4600.000000	4.79189   	4600.000000	0.000129297	
4800.000000	4.40812   	4800.000000	4.85875   	4800.000000	4.4506    	4800.000000	4.24719   	4800.000000	4.45106   	4800.000000	4.85863   	4800.000000	0.000124276	
5000.000000	4.49675   	5000.000000	4.92638   	5000.000000	4.46557   	5000.000000	4.26241   	5000.000000	4.46602   	5000.000000	4.92627   	5000.000000	0.000119643	
5250.000000	4.61012   	5250.000000	5.01201   	5250.000000	4.4842    	5250.000000	4.28132   	5250.000000	4.4846    	5250.000000	5.0119    	5250.000000	0.00011433	
5500.000000	4.72616   	5500.000000	5.09867   	5500.000000	4.50268   	5500.000000	4.30006   	5500.000000	4.50301   	5500.000000	5.09856   	5500.000000	0.000109483	
6000.000000	4.96566   	6000.000000	5.27451   	6000.000000	4.53891   	6000.000000	4.3368    	6000.000000	4.53913   	6000.000000	5.27441   	6000.000000	0.000100959	
6500.000000	5.21426   	6500.000000	5.45295   	6500.000000	4.57367   	6500.000000	4.3724    	6500.000000	4.57413   	6500.000000	5.45286   	6500.000000	9.37028e-05	
7000.000000	5.47123   	7000.000000	5.63333   	7000.000000	4.60763   	7000.000000	4.40677   	7000.000000	4.60789   	7000.000000	5.63324   	7000.000000	8.74477e-05	
7500.000000	5.73605   	7500.000000	5.81516   	7500.000000	4.63995   	7500.000000	4.43987   	7500.000000	4.64038   	7500.000000	5.81508   	7500.000000	8.19985e-05	
8000.000000	6.0083    	8000.000000	5.99808   	8000.000000	4.67127   	8000.000000	4.47172   	8000.000000	4.67161   	8000.000000	5.998     	8000.000000	7.72073e-05	
8500.000000	6.28769   	8500.000000	6.18183   	8500.000000	4.70136   	8500.000000	4.50237   	8500.000000	4.70162   	8500.000000	6.18175   	8500.000000	7.29608e-05	
9000.000000	6.57396   	9000.000000	6.36619   	9000.000000	4.73011   	9000.000000	4.53185   	9000.000000	4.73046   	9000.000000	6.36612   	9000.000000	6.91702e-05	
9500.000000	6.86694   	9500.000000	6.55102   	9500.000000	4.75776   	9500.000000	4.56024   	9500.000000	4.75819   	9500.000000	6.55095   	9500.000000	6.57651e-05	
10000.000000	7.16646   	10000.000000	6.73619   	10000.000000	4.78444   	10000.000000	4.58758   	10000.000000	4.78485   	10000.000000	6.73612   	10000.000000	6.2689e-05	
11000.000000	7.7847    	11000.000000	7.10716   	11000.000000	4.83482   	11000.000000	4.63938   	11000.000000	4.83524   	11000.000000	7.10711   	11000.000000	5.73485e-05	
12000.000000	8.42794   	12000.000000	7.47856   	12000.000000	4.88148   	12000.000000	4.68768   	12000.000000	4.88206   	12000.000000	7.47851   	12000.000000	5.28694e-05	
13000.000000	9.09572   	13000.000000	7.85002   	13000.000000	4.92508   	13000.000000	4.73287   	13000.000000	4.9257    	13000.000000	7.84997   	13000.000000	4.90573e-05	
14000.000000	9.7877    	14000.000000	8.22128   	14000.000000	4.96612   	14000.000000	4.7753    	14000.000000	4.9665    	14000.000000	8.22124   	14000.000000	4.57722e-05	
15000.000000	10.5037   	15000.000000	8.59221   	15000.000000	5.00476   	15000.000000	4.81526   	15000.000000	5.00476   	15000.000000	8.59217   	15000.000000	4.2911e-05	
16000.000000	11.2435   	16000.000000	8.96268   	16000.000000	5.04096   	16000.000000	4.85301   	16000.000000	5.04074   	16000.000000	8.96264   	16000.000000	4.0396e-05	
17000.000000	12.0071   	17000.000000	9.33264   	17000.000000	5.07489   	17000.000000	4.88877   	17000.000000	5.07466   	17000.000000	9.3326    	17000.000000	3.81673e-05	
18000.000000	12.7944   	18000.000000	9.70203   	18000.000000	5.1068    	18000.000000	4.92272   	18000.000000	5.10672   	18000.000000	9.70199   	18000.000000	3.61782e-05	
19000.000000	13.6054   	19000.000000	10.0708   	19000.000000	5.13693   	19000.000000	4.95505   	19000.000000	5.13705   	19000.000000	10.0708   	19000.000000	3.43918e-05	
20000.000000	14.4402   	20000.000000	10.439    	20000.000000	5.1655    	20000.000000	4.98588   	20000.000000	5.16585   	20000.000000	10.439    	20000.000000	3.27784e-05	
21000.000000	15.2988   	21000.000000	10.8066   	21000.000000	5.19273   	21000.000000	5.01535   	21000.000000	5.19323   	21000.000000	10.8065   	21000.000000	3.13136e-05	
22000.000000	16.1811   	22000.000000	11.1735   	22000.000000	5.21879   	22000.000000	5.04357   	22000.000000	5.21927   	22000.000000	11.1735   	22000.000000	2.99777e-05	
23000.000000	17.0874   	23000.000000	11.5399   	23000.000000	5.24374   	23000.000000	5.07064   	23000.000000	5.24415   	23000.000000	11.5398   	23000.000000	2.87543e-05	
24000.000000	18.0176   	24000.000000	11.9056   	24000.000000	5.26752   	24000.000000	5.09665   	24000.000000	5.26786   	24000.000000	11.9056   	24000.000000	2.76296e-05	
25000.000000	18.9718   	25000.000000	12.2707   	25000.000000	5.29017   	25000.000000	5.12168   	25000.000000	5.29058   	25000.000000	12.2707   	25000.000000	2.6592e-05	
26000.000000	19.9501   	26000.000000	12.6352   	26000.000000	5.31184   	26000.000000	5.14579   	26000.000000	5.31229   	26000.000000	12.6352   	26000.000000	2.56316e-05	
27000.000000	20.9527   	27000.000000	12.9992   	27000.000000	5.33265   	27000.000000	5.16905   	27000.000000	5.33315   	27000.000000	12.9992   	27000.000000	2.47401e-05	
28000.000000	21.9796   	28000.000000	13.3626   	28000.000000	5.35266   	28000.000000	5.19152   	28000.000000	5.35311   	28000.000000	13.3625   	28000.000000	2.39103e-05	
29000.000000	23.0309   	29000.000000	13.7254   	29000.000000	5.37188   	29000.000000	5.21325   	29000.000000	5.37233   	29000.000000	13.7254   	29000.000000	2.31358e-05	
30000.000000	24.1067   	30000.000000	14.0877   	30000.000000	5.39038   	30000.000000	5.23428   	30000.000000	5.39079   	30000.000000	14.0876   	30000.000000	2.24114e-05	
32000.000000	26.3324   	32000.000000	14.8106   	32000.000000	5.42534   	32000.000000	5.27443   	32000.000000	5.4257    	32000.000000	14.8106   	32000.000000	2.10941e-05	
34000.000000	28.6576   	34000.000000	15.5316   	34000.000000	5.45786   	34000.000000	5.31226   	34000.000000	5.45811   	34000.000000	15.5315   	34000.000000	1.99271e-05	
36000.000000	31.0832   	36000.000000	16.2505   	36000.000000	5.48807   	36000.000000	5.34804   	36000.000000	5.48832   	36000.000000	16.2505   	36000.000000	1.88857e-05	
38000.000000	33.6104   	38000.000000	16.9676   	38000.000000	5.51623   	38000.000000	5.38195   	38000.000000	5.51658   	38000.000000	16.9676   	38000.000000	1.79506e-05	
40000.000000	36.24     	40000.000000	17.683    	40000.000000	5.54258   	40000.000000	5.4142    	40000.000000	5.54305   	40000.000000	17.6829   	40000.000000	1.71061e-05	
42000.000000	38.9732   	42000.000000	18.3966   	42000.000000	5.56736   	42000.000000	5.44493   	42000.000000	5.56788   	42000.000000	18.3966   	42000.000000	1.63396e-05	
44000.000000	41.811    	44000.000000	19.1086   	44000.000000	5.5908    	44000.000000	5.47428   	44000.000000	5.59129   	44000.000000	19.1086   	44000.000000	1.56406e-05	
46000.000000	44.7545   	46000.000000	19.819    	46000.000000	5.61307   	46000.000000	5.50237   	46000.000000	5.61331   	46000.000000	19.819    	46000.000000	1.50006e-05	
48000.000000	47.8049   	48000.000000	20.5279   	48000.000000	5.63426   	48000.000000	5.5293    	48000.000000	5.63415   	48000.000000	20.5279   	48000.000000	1.44122e-05	
50000.000000	50.9633   	50000.000000	21.2354   	50000.000000	5.65424   	50000.000000	5.55516   	50000.000000	5.65383   	50000.000000	21.2354   	50000.000000	1.38695e-05	
