! 114Ag energy loss (dE/dX) in He
! apply ZOOM for details
Energy (MeV/u)1	0 - [He-base] F.Hubert et al, AD&ND Tables 46(1990)1	Energy (MeV/u)2	1 - [H -base] J.F.Ziegler et al,Pergamon Press,NY(low energy)	Energy (MeV/u)3	2 - ATIMA 1.2 LS-theory (recommended for high energy)	Energy (MeV/u)4	3 - ATIMA 1.2 without LS-correction	Energy (MeV/u)5	4 - ATIMA 1.4 H.Weick, improved mean charge formula for HI	Energy (MeV/u)6	5 - electrical component of [1] - J.F.Ziegler et al	Energy (MeV/u)7	6 - nuclear component of [1] - J.F.Ziegler et al	
0.001000	0.000222113	0.001000	0.000270456	0.001000	0.000231573	0.001000	0.000231573	0.001000	0.000231582	0.001000	6.71127e-05	0.001000	0.000203343	
0.002000	0.000229587	0.002000	0.000278778	0.002000	0.000231664	0.002000	0.000231664	0.002000	0.000231672	0.002000	8.70344e-05	0.002000	0.000191744	
0.005000	0.000229266	0.005000	0.000276215	0.005000	0.00021661	0.005000	0.00021661	0.005000	0.000216615	0.005000	0.000122721	0.005000	0.000153494	
0.008000	0.00022948	0.008000	0.000274783	0.008000	0.000208244	0.008000	0.000208244	0.008000	0.000208248	0.008000	0.000146374	0.008000	0.00012841	
0.010000	0.000230817	0.010000	0.000275477	0.010000	0.000205585	0.010000	0.000205585	0.010000	0.000205588	0.010000	0.000159149	0.010000	0.000116328	
0.015000	0.000236473	0.015000	0.000280464	0.015000	0.000204495	0.015000	0.000204495	0.015000	0.000204498	0.015000	0.000185284	0.015000	9.51792e-05	
0.020000	0.00024366	0.020000	0.000287715	0.020000	0.000207551	0.020000	0.000207551	0.020000	0.000207553	0.020000	0.000206391	0.020000	8.13238e-05	
0.025000	0.000251356	0.025000	0.000295837	0.025000	0.000212558	0.025000	0.000212558	0.025000	0.00021256	0.025000	0.000224405	0.025000	7.14322e-05	
0.030000	0.000259144	0.030000	0.000304243	0.030000	0.000218554	0.030000	0.000218554	0.030000	0.000218555	0.030000	0.000240284	0.030000	6.39588e-05	
0.035000	0.000266842	0.035000	0.000312665	0.035000	0.000225062	0.035000	0.000225062	0.035000	0.000225064	0.035000	0.000254583	0.035000	5.80813e-05	
0.040000	0.00027437	0.040000	0.000320975	0.040000	0.000231829	0.040000	0.000231829	0.040000	0.00023183	0.040000	0.000267656	0.040000	5.33185e-05	
0.045000	0.000281694	0.045000	0.000329112	0.045000	0.000238707	0.045000	0.000238707	0.045000	0.000238708	0.045000	0.000279743	0.045000	4.93686e-05	
0.050000	0.000288803	0.050000	0.000337049	0.050000	0.000245612	0.050000	0.000245612	0.050000	0.000245613	0.050000	0.000291017	0.050000	4.60317e-05	
0.055000	0.000295699	0.055000	0.000344776	0.055000	0.000252491	0.055000	0.000252491	0.055000	0.000252492	0.055000	0.000301607	0.055000	4.31697e-05	
0.060000	0.000303753	0.060000	0.000352294	0.060000	0.000259313	0.060000	0.000259313	0.060000	0.000259314	0.060000	0.00031161	0.060000	4.06839e-05	
0.070000	0.00034163	0.070000	0.000366723	0.070000	0.000272715	0.070000	0.000272715	0.070000	0.000272716	0.070000	0.000330154	0.070000	3.65687e-05	
0.080000	0.000381832	0.080000	0.00041527	0.080000	0.000310055	0.080000	0.000310055	0.080000	0.000310056	0.080000	0.000381979	0.080000	3.32905e-05	
0.090000	0.0004191 	0.090000	0.000468658	0.090000	0.00035163	0.090000	0.00035163	0.090000	0.000351631	0.090000	0.00043833	0.090000	3.03285e-05	
0.100000	0.000453392	0.100000	0.000521052	0.100000	0.000393424	0.100000	0.000393424	0.100000	0.000393425	0.100000	0.000492937	0.100000	2.81147e-05	
0.120000	0.000500953	0.120000	0.000620115	0.120000	0.000474826	0.120000	0.000474826	0.120000	0.000474827	0.120000	0.000595504	0.120000	2.46101e-05	
0.140000	0.000535316	0.140000	0.000701562	0.140000	0.000551262	0.140000	0.000551262	0.140000	0.000551263	0.140000	0.000679611	0.140000	2.19504e-05	
0.160000	0.000566522	0.160000	0.000770173	0.160000	0.000621385	0.160000	0.000621385	0.160000	0.000621386	0.160000	0.000750317	0.160000	1.98554e-05	
0.180000	0.000596477	0.180000	0.000830977	0.180000	0.000684724	0.180000	0.000684724	0.180000	0.000684725	0.180000	0.000812819	0.180000	1.81579e-05	
0.200000	0.000626093	0.200000	0.000884947	0.200000	0.000741364	0.200000	0.000741364	0.200000	0.000741364	0.200000	0.000868195	0.200000	1.67517e-05	
0.250000	0.000678362	0.250000	0.000995879	0.250000	0.000856703	0.250000	0.000856703	0.250000	0.000856704	0.250000	0.000981784	0.250000	1.40953e-05	
0.300000	0.000727585	0.300000	0.00108135	0.300000	0.000942209	0.300000	0.000942209	0.300000	0.00094221	0.300000	0.00106913	0.300000	1.22185e-05	
0.350000	0.000773092	0.350000	0.00114905	0.350000	0.00100682	0.350000	0.00100682	0.350000	0.00100682	0.350000	0.00113824	0.350000	1.08154e-05	
0.400000	0.000814512	0.400000	0.00120395	0.400000	0.00105723	0.400000	0.00105723	0.400000	0.00105723	0.400000	0.00119422	0.400000	9.72302e-06	
0.450000	0.000855705	0.450000	0.00124978	0.450000	0.00109798	0.450000	0.00109798	0.450000	0.00109798	0.450000	0.00124093	0.450000	8.84616e-06	
0.500000	0.000903187	0.500000	0.00131108	0.500000	0.00113201	0.500000	0.00113201	0.500000	0.00113201	0.500000	0.00130296	0.500000	8.12537e-06	
0.600000	0.000949226	0.600000	0.0014058 	0.600000	0.00118675	0.600000	0.00118675	0.600000	0.00118675	0.600000	0.00139879	0.600000	7.00737e-06	
0.700000	0.000973371	0.700000	0.00147371	0.700000	0.00122988	0.700000	0.00122988	0.700000	0.00122988	0.700000	0.00146754	0.700000	6.17752e-06	
0.800000	0.00102082	0.800000	0.00152304	0.800000	0.00128281	0.800000	0.00128281	0.800000	0.00128282	0.800000	0.0015175 	0.800000	5.53509e-06	
0.900000	0.00106068	0.900000	0.00156162	0.900000	0.0013266 	0.900000	0.0013266 	0.900000	0.0013266 	0.900000	0.0015566 	0.900000	5.02182e-06	
1.000000	0.00109418	1.000000	0.00159297	1.000000	0.00136219	1.000000	0.00136219	1.000000	0.0013622 	1.000000	0.00158837	1.000000	4.60155e-06	
1.250000	0.00114904	1.250000	0.00163864	1.250000	0.00142501	1.250000	0.00142501	1.250000	0.00142501	1.250000	0.00163482	1.250000	3.82002e-06	
1.500000	0.00117884	1.500000	0.00165538	1.500000	0.001462  	1.500000	0.001462  	1.500000	0.001462  	1.500000	0.00165211	1.500000	3.27785e-06	
1.750000	0.00117843	1.750000	0.00163442	1.750000	0.00148212	1.750000	0.00148212	1.750000	0.00148213	1.750000	0.00163155	1.750000	2.87806e-06	
2.000000	0.00117249	2.000000	0.00160981	2.000000	0.00149089	2.000000	0.00149089	2.000000	0.00149089	2.000000	0.00160724	2.000000	2.57021e-06	
2.250000	0.0011652 	2.250000	0.00158456	2.250000	0.00149181	2.250000	0.00149181	2.250000	0.00149181	2.250000	0.00158223	2.250000	2.32533e-06	
2.500000	0.00168597	2.500000	0.00155915	2.500000	0.00148726	2.500000	0.00148726	2.500000	0.00148726	2.500000	0.00155703	2.500000	2.12556e-06	
3.000000	0.00163106	3.000000	0.00150902	3.000000	0.00146768	3.000000	0.00146768	3.000000	0.00146768	3.000000	0.0015072 	3.000000	1.81855e-06	
3.500000	0.00157169	3.500000	0.00146074	3.500000	0.00144013	3.500000	0.00144013	3.500000	0.00144013	3.500000	0.00145915	3.500000	1.59299e-06	
4.000000	0.00151261	4.000000	0.00141479	4.000000	0.00140877	4.000000	0.00140877	4.000000	0.00140877	4.000000	0.00141337	4.000000	1.41982e-06	
4.500000	0.00145584	4.500000	0.00137111	4.500000	0.00137409	4.500000	0.00137409	4.500000	0.00137409	4.500000	0.00136983	4.500000	1.28241e-06	
5.000000	0.00140219	5.000000	0.00132961	5.000000	0.00133636	5.000000	0.00133636	5.000000	0.00133636	5.000000	0.00132844	5.000000	1.17055e-06	
5.500000	0.00135189	5.500000	0.00129064	5.500000	0.00130051	5.500000	0.00130051	5.500000	0.00130051	5.500000	0.00128956	5.500000	1.07761e-06	
6.000000	0.0013049 	6.000000	0.00125414	6.000000	0.00126648	6.000000	0.00126648	6.000000	0.00126648	6.000000	0.00125314	6.000000	9.99084e-07	
6.500000	0.00126106	6.500000	0.00121974	6.500000	0.00123417	6.500000	0.00123417	6.500000	0.00123417	6.500000	0.00121881	6.500000	9.31805e-07	
7.000000	0.00122015	7.000000	0.00118719	7.000000	0.00120349	7.000000	0.00120349	7.000000	0.00120349	7.000000	0.00118631	7.000000	8.73478e-07	
7.500000	0.00118194	7.500000	0.00115624	7.500000	0.00117432	7.500000	0.00117432	7.500000	0.00117432	7.500000	0.00115542	7.500000	8.22397e-07	
8.000000	0.00114621	8.000000	0.00112653	8.000000	0.00114657	8.000000	0.00114657	8.000000	0.00114657	8.000000	0.00112575	8.000000	7.77269e-07	
8.500000	0.00111274	8.500000	0.00109858	8.500000	0.00112015	8.500000	0.00112015	8.500000	0.00112015	8.500000	0.00109784	8.500000	7.37092e-07	
9.000000	0.00108135	9.000000	0.00107219	9.000000	0.00109496	9.000000	0.00109496	9.000000	0.00109496	9.000000	0.00107149	9.000000	7.0108e-07	
9.500000	0.00105185	9.500000	0.0010472 	9.500000	0.00107092	9.500000	0.00107092	9.500000	0.00107092	9.500000	0.00104653	9.500000	6.68606e-07	
10.000000	0.00102408	10.000000	0.000980894	10.000000	0.00104796	10.000000	0.00104796	10.000000	0.00104796	10.000000	0.000980255	10.000000	6.39163e-07	
11.000000	0.000973171	11.000000	0.000951218	11.000000	0.000996073	11.000000	0.00100673	11.000000	0.0010142 	11.000000	0.00095063	11.000000	5.87793e-07	
12.000000	0.000927618	12.000000	0.000922678	12.000000	0.000949501	12.000000	0.000969078	12.000000	0.000981964	12.000000	0.000922134	12.000000	5.44448e-07	
13.000000	0.000886618	13.000000	0.000895432	13.000000	0.00090751	13.000000	0.000934584	13.000000	0.000951354	13.000000	0.000894924	13.000000	5.07354e-07	
14.000000	0.000849511	14.000000	0.000869526	14.000000	0.000869496	14.000000	0.000902894	14.000000	0.000922382	14.000000	0.000869051	14.000000	4.75229e-07	
15.000000	0.000815759	15.000000	0.00084495	15.000000	0.000834948	15.000000	0.0008737 	15.000000	0.000895015	15.000000	0.000844503	15.000000	4.47123e-07	
16.000000	0.000784918	16.000000	0.000821659	16.000000	0.000803429	16.000000	0.000846736	16.000000	0.000869197	16.000000	0.000821237	16.000000	4.22314e-07	
17.000000	0.000756619	17.000000	0.000799593	17.000000	0.000774577	17.000000	0.000821769	17.000000	0.000844857	17.000000	0.000799193	17.000000	4.00244e-07	
18.000000	0.000730553	18.000000	0.000778684	18.000000	0.000748095	18.000000	0.0007986 	18.000000	0.000821868	18.000000	0.000778303	18.000000	3.80477e-07	
19.000000	0.000706458	19.000000	0.00075886	19.000000	0.000723732	19.000000	0.000777055	19.000000	0.000800204	19.000000	0.000758498	19.000000	3.62664e-07	
20.000000	0.000684113	20.000000	0.000740052	20.000000	0.000701274	20.000000	0.00075698	20.000000	0.000779793	20.000000	0.000739706	20.000000	3.46525e-07	
21.000000	0.000663329	21.000000	0.000722194	21.000000	0.000680529	21.000000	0.000738242	21.000000	0.000760479	21.000000	0.000721862	21.000000	3.3183e-07	
22.000000	0.000643944	22.000000	0.00070522	22.000000	0.000661326	22.000000	0.000720723	22.000000	0.000742284	22.000000	0.000704902	22.000000	3.18391e-07	
23.000000	0.000625817	23.000000	0.000689073	23.000000	0.000643522	23.000000	0.000704319	23.000000	0.000725076	23.000000	0.000688767	23.000000	3.0605e-07	
24.000000	0.000608826	24.000000	0.000673696	24.000000	0.000626994	24.000000	0.000688936	24.000000	0.000708827	24.000000	0.000673402	24.000000	2.94677e-07	
25.000000	0.000592864	25.000000	0.000659039	25.000000	0.00061162	25.000000	0.000674492	25.000000	0.000693459	25.000000	0.000658755	25.000000	2.84159e-07	
27.000000	0.000563666	27.000000	0.000631696	27.000000	0.000583888	27.000000	0.000648136	27.000000	0.000665168	27.000000	0.000631431	27.000000	2.65326e-07	
29.000000	0.000537598	29.000000	0.000606709	29.000000	0.000559733	29.000000	0.000624747	29.000000	0.00063981	29.000000	0.00060646	29.000000	2.48943e-07	
31.000000	0.00051417	31.000000	0.000583789	31.000000	0.000539554	31.000000	0.000601749	31.000000	0.000613513	31.000000	0.000583554	31.000000	2.34555e-07	
33.000000	0.000492989	33.000000	0.000562694	33.000000	0.000521957	33.000000	0.000578741	33.000000	0.000586609	33.000000	0.000562472	33.000000	2.21813e-07	
35.000000	0.000473738	35.000000	0.000543215	35.000000	0.000505688	35.000000	0.000557599	35.000000	0.00056237	35.000000	0.000543004	35.000000	2.10444e-07	
38.000000	0.000447927	38.000000	0.000516644	38.000000	0.00048323	38.000000	0.000528912	38.000000	0.000530167	38.000000	0.000516449	38.000000	1.95513e-07	
41.000000	0.000425189	41.000000	0.000492814	41.000000	0.000462966	41.000000	0.000503324	41.000000	0.000502052	41.000000	0.000492632	41.000000	1.82648e-07	
44.000000	0.000404995	44.000000	0.000471322	44.000000	0.000444481	44.000000	0.000480354	44.000000	0.000477269	44.000000	0.00047115	44.000000	1.71442e-07	
47.000000	0.000386928	47.000000	0.000451837	47.000000	0.000427631	47.000000	0.000459617	47.000000	0.000455231	47.000000	0.000451676	47.000000	1.6159e-07	
50.000000	0.00037066	50.000000	0.000434092	50.000000	0.000412195	50.000000	0.000440799	50.000000	0.000435508	50.000000	0.000433939	50.000000	1.52857e-07	
55.000000	0.000346857	55.000000	0.000407791	55.000000	0.00038911	55.000000	0.000413027	55.000000	0.000406787	55.000000	0.00040765	55.000000	1.40308e-07	
60.000000	0.000326407	60.000000	0.000384891	60.000000	0.000368862	60.000000	0.000388961	60.000000	0.000382265	60.000000	0.000384761	60.000000	1.29743e-07	
65.000000	0.000308633	65.000000	0.000364771	65.000000	0.000350918	65.000000	0.000367905	65.000000	0.000361031	65.000000	0.000364651	65.000000	1.2072e-07	
70.000000	0.00029303	70.000000	0.000346954	70.000000	0.000334928	70.000000	0.000349327	70.000000	0.000342479	70.000000	0.000346841	70.000000	1.1292e-07	
75.000000	0.000279213	75.000000	0.000331064	75.000000	0.000320609	75.000000	0.000332813	75.000000	0.000326784	75.000000	0.000330957	75.000000	1.06107e-07	
80.000000	0.000266886	80.000000	0.000316804	80.000000	0.000307689	80.000000	0.000318039	80.000000	0.000312778	80.000000	0.000316704	80.000000	1.00103e-07	
85.000000	0.000255813	85.000000	0.000303935	85.000000	0.000295972	85.000000	0.000304744	85.000000	0.000300168	85.000000	0.000303841	85.000000	9.4769e-08	
90.000000	0.000245807	90.000000	0.000292264	90.000000	0.000285296	90.000000	0.000292716	90.000000	0.000288755	90.000000	0.000292174	90.000000	8.99978e-08	
95.000000	0.000236718	95.000000	0.000281631	95.000000	0.000275529	95.000000	0.000281784	95.000000	0.000278397	95.000000	0.000281545	95.000000	8.57035e-08	
100.000000	0.000228423	100.000000	0.000271902	100.000000	0.000266588	100.000000	0.000271805	100.000000	0.000268941	100.000000	0.000271821	100.000000	8.18171e-08	
105.000000	0.000220818	105.000000	0.000262969	105.000000	0.000258345	105.000000	0.000262659	105.000000	0.000260271	105.000000	0.00026289	105.000000	7.82823e-08	
110.000000	0.000213819	110.000000	0.000254736	110.000000	0.000250722	110.000000	0.000254248	110.000000	0.000252321	110.000000	0.000254661	110.000000	7.50528e-08	
115.000000	0.000207355	115.000000	0.000247126	115.000000	0.000243648	115.000000	0.000246487	115.000000	0.000244963	115.000000	0.000247054	115.000000	7.20901e-08	
120.000000	0.000201364	120.000000	0.000240069	120.000000	0.000237082	120.000000	0.000239303	120.000000	0.000238171	120.000000	0.00024   	120.000000	6.93621e-08	
125.000000	0.000195796	125.000000	0.000233509	125.000000	0.00023097	125.000000	0.000232635	125.000000	0.000231851	125.000000	0.000233442	125.000000	6.68415e-08	
130.000000	0.000190605	130.000000	0.000227394	130.000000	0.000225255	130.000000	0.00022643	130.000000	0.000225982	130.000000	0.00022733	130.000000	6.45052e-08	
135.000000	0.000185754	135.000000	0.000221681	135.000000	0.000219916	135.000000	0.000220641	135.000000	0.000220489	135.000000	0.000221619	135.000000	6.23335e-08	
140.000000	0.00018121	140.000000	0.000216332	140.000000	0.000214909	140.000000	0.000215229	140.000000	0.000215369	140.000000	0.000216272	140.000000	6.03092e-08	
145.000000	0.000176944	145.000000	0.000211314	145.000000	0.000210194	145.000000	0.000210157	145.000000	0.000210548	145.000000	0.000211255	145.000000	5.84177e-08	
150.000000	0.000172929	150.000000	0.000206596	150.000000	0.00020575	150.000000	0.000205395	150.000000	0.000206034	150.000000	0.000206539	150.000000	5.66462e-08	
155.000000	0.00016717	155.000000	0.000202152	155.000000	0.000201566	155.000000	0.000200916	155.000000	0.000201777	155.000000	0.000202097	155.000000	5.49834e-08	
160.000000	0.000163849	160.000000	0.00019796	160.000000	0.000197615	160.000000	0.000196696	160.000000	0.000197764	160.000000	0.000197907	160.000000	5.34194e-08	
165.000000	0.000160709	165.000000	0.000193999	165.000000	0.000193871	165.000000	0.000192713	165.000000	0.000193982	165.000000	0.000193948	165.000000	5.19456e-08	
170.000000	0.000157737	170.000000	0.000190251	170.000000	0.000190326	170.000000	0.000188947	170.000000	0.000190391	170.000000	0.0001902 	170.000000	5.05543e-08	
175.000000	0.000154918	175.000000	0.000186698	175.000000	0.000186969	175.000000	0.000185382	175.000000	0.000186999	175.000000	0.000186649	175.000000	4.92387e-08	
180.000000	0.000152242	180.000000	0.000183327	180.000000	0.000183783	180.000000	0.000182002	180.000000	0.00018378	180.000000	0.000183279	180.000000	4.79926e-08	
185.000000	0.000149697	185.000000	0.000180123	185.000000	0.000180753	185.000000	0.000178793	185.000000	0.000180714	185.000000	0.000180076	185.000000	4.68107e-08	
190.000000	0.000147273	190.000000	0.000177075	190.000000	0.000177863	190.000000	0.000175744	190.000000	0.000177805	190.000000	0.000177029	190.000000	4.56879e-08	
195.000000	0.000144963	195.000000	0.000174172	195.000000	0.000175101	195.000000	0.000172841	195.000000	0.000175033	195.000000	0.000174127	195.000000	4.462e-08 	
200.000000	0.000142759	200.000000	0.000171403	200.000000	0.000172463	200.000000	0.000170076	200.000000	0.000172383	200.000000	0.000171359	200.000000	4.36029e-08	
210.000000	0.000138638	210.000000	0.000166234	210.000000	0.000167561	210.000000	0.000164921	210.000000	0.000167451	210.000000	0.000166193	210.000000	4.17072e-08	
220.000000	0.000134861	220.000000	0.000161505	220.000000	0.000163048	220.000000	0.000160212	220.000000	0.000162924	220.000000	0.000161466	220.000000	3.99758e-08	
230.000000	0.000131387	230.000000	0.000157163	230.000000	0.000158914	230.000000	0.000155895	230.000000	0.000158777	230.000000	0.000157125	230.000000	3.8388e-08	
240.000000	0.000128179	240.000000	0.000153163	240.000000	0.000155099	240.000000	0.000151923	240.000000	0.000154949	240.000000	0.000153126	240.000000	3.69263e-08	
250.000000	0.000125209	250.000000	0.000149466	250.000000	0.00015157	250.000000	0.000148259	250.000000	0.000151417	250.000000	0.000149431	250.000000	3.55762e-08	
260.000000	0.000122452	260.000000	0.00014604	260.000000	0.000148296	260.000000	0.000144867	260.000000	0.000148141	260.000000	0.000146006	260.000000	3.43252e-08	
270.000000	0.000119884	270.000000	0.000142857	270.000000	0.000145246	270.000000	0.00014172	270.000000	0.000145101	270.000000	0.000142824	270.000000	3.31625e-08	
280.000000	0.000117487	280.000000	0.000139892	280.000000	0.000142408	280.000000	0.000138793	280.000000	0.000142262	280.000000	0.00013986	280.000000	3.20791e-08	
290.000000	0.000115245	290.000000	0.000137124	290.000000	0.00013976	290.000000	0.000136063	290.000000	0.00013962	290.000000	0.000137093	290.000000	3.1067e-08	
300.000000	0.000113143	300.000000	0.000134534	300.000000	0.000137278	300.000000	0.000133513	300.000000	0.000137137	300.000000	0.000134504	300.000000	3.01193e-08	
310.000000	0.000111168	310.000000	0.000132106	310.000000	0.000134946	310.000000	0.000131124	310.000000	0.000134815	310.000000	0.000132077	310.000000	2.923e-08 	
320.000000	0.00010931	320.000000	0.000129826	320.000000	0.000132758	320.000000	0.000128884	320.000000	0.000132632	320.000000	0.000129797	320.000000	2.83937e-08	
330.000000	0.000107559	330.000000	0.00012768	330.000000	0.000130701	330.000000	0.000126779	330.000000	0.000130576	330.000000	0.000127653	330.000000	2.76057e-08	
340.000000	0.000105905	340.000000	0.000125659	340.000000	0.000128764	340.000000	0.000124797	340.000000	0.000128645	340.000000	0.000125632	340.000000	2.68621e-08	
350.000000	0.000104341	350.000000	0.000123751	350.000000	0.000126937	350.000000	0.000122929	350.000000	0.000126814	350.000000	0.000123725	350.000000	2.6159e-08	
360.000000	0.00010286	360.000000	0.000121947	360.000000	0.000125207	360.000000	0.000121165	360.000000	0.000125087	360.000000	0.000121922	360.000000	2.54932e-08	
370.000000	0.000101455	370.000000	0.00012024	370.000000	0.000123566	370.000000	0.000119497	370.000000	0.000123456	370.000000	0.000120216	370.000000	2.48617e-08	
380.000000	0.000100122	380.000000	0.000118623	380.000000	0.000122011	380.000000	0.000117918	380.000000	0.000121903	380.000000	0.000118598	380.000000	2.4262e-08	
390.000000	9.88541e-05	390.000000	0.000117088	390.000000	0.000120538	390.000000	0.000116421	390.000000	0.000120434	390.000000	0.000117064	390.000000	2.36917e-08	
400.000000	9.76477e-05	400.000000	0.000115629	400.000000	0.00011914	400.000000	0.000115  	400.000000	0.000119042	400.000000	0.000115606	400.000000	2.31486e-08	
410.000000	9.64983e-05	410.000000	0.000114242	410.000000	0.000117809	410.000000	0.000113651	410.000000	0.000117712	410.000000	0.00011422	410.000000	2.26308e-08	
420.000000	9.54021e-05	420.000000	0.000112922	420.000000	0.000116538	420.000000	0.000112367	420.000000	0.000116448	420.000000	0.0001129 	420.000000	2.21366e-08	
430.000000	9.43557e-05	430.000000	0.000111664	430.000000	0.000115326	430.000000	0.000111144	430.000000	0.000115246	430.000000	0.000111642	430.000000	2.16644e-08	
440.000000	9.33559e-05	440.000000	0.000110463	440.000000	0.000114176	440.000000	0.000109979	440.000000	0.000114097	440.000000	0.000110442	440.000000	2.12126e-08	
450.000000	9.23997e-05	450.000000	0.000109317	450.000000	0.00011308	450.000000	0.000108868	450.000000	0.000112999	450.000000	0.000109296	450.000000	2.078e-08 	
460.000000	9.14845e-05	460.000000	0.000108222	460.000000	0.000112031	460.000000	0.000107807	460.000000	0.000111951	460.000000	0.000108202	460.000000	2.03654e-08	
470.000000	9.06079e-05	470.000000	0.000107175	470.000000	0.000111024	470.000000	0.000106793	470.000000	0.000110952	470.000000	0.000107155	470.000000	1.99677e-08	
480.000000	8.97676e-05	480.000000	0.000106172	480.000000	0.000110061	480.000000	0.000105823	480.000000	0.000109991	480.000000	0.000106152	480.000000	1.95858e-08	
490.000000	8.89615e-05	490.000000	0.000105212	490.000000	0.000109139	490.000000	0.000104895	490.000000	0.000109071	490.000000	0.000105192	490.000000	1.92188e-08	
500.000000	8.81876e-05	500.000000	0.000104291	500.000000	0.000108257	500.000000	0.000104006	500.000000	0.000108192	500.000000	0.000104272	500.000000	1.88658e-08	
520.000000	8.67298e-05	520.000000	0.000102561	520.000000	0.0001066 	520.000000	0.000102337	520.000000	0.000106537	520.000000	0.000102542	520.000000	1.81989e-08	
540.000000	8.53815e-05	540.000000	0.000100964	540.000000	0.000105066	540.000000	0.000100799	540.000000	0.00010501	540.000000	0.000100947	540.000000	1.75792e-08	
560.000000	8.41315e-05	560.000000	9.94884e-05	560.000000	0.000103648	560.000000	9.93795e-05	560.000000	0.0001036 	560.000000	9.94714e-05	560.000000	1.70018e-08	
580.000000	8.29704e-05	580.000000	9.81207e-05	580.000000	0.000102341	580.000000	9.80654e-05	580.000000	0.000102291	580.000000	9.81043e-05	580.000000	1.64626e-08	
600.000000	8.18897e-05	600.000000	9.68509e-05	600.000000	0.000101126	600.000000	9.68467e-05	600.000000	0.00010108	600.000000	9.68349e-05	600.000000	1.59578e-08	
620.000000	8.08823e-05	620.000000	9.56697e-05	620.000000	9.99911e-05	620.000000	9.57141e-05	620.000000	9.99483e-05	620.000000	9.56542e-05	620.000000	1.54841e-08	
640.000000	7.99416e-05	640.000000	9.4569e-05	640.000000	9.89353e-05	640.000000	9.46598e-05	640.000000	9.88966e-05	640.000000	9.4554e-05	640.000000	1.50388e-08	
660.000000	7.9062e-05	660.000000	9.35419e-05	660.000000	9.79507e-05	660.000000	9.36765e-05	660.000000	9.79148e-05	660.000000	9.35273e-05	660.000000	1.46193e-08	
680.000000	7.82383e-05	680.000000	9.25819e-05	680.000000	9.70303e-05	680.000000	9.27581e-05	680.000000	9.69954e-05	680.000000	9.25677e-05	680.000000	1.42235e-08	
700.000000	7.74662e-05	700.000000	9.16836e-05	700.000000	9.61696e-05	700.000000	9.18991e-05	700.000000	9.61373e-05	700.000000	9.16697e-05	700.000000	1.38493e-08	
720.000000	7.67415e-05	720.000000	9.08418e-05	720.000000	9.53636e-05	720.000000	9.10944e-05	720.000000	9.53309e-05	720.000000	9.08283e-05	720.000000	1.3495e-08	
740.000000	7.60606e-05	740.000000	9.00522e-05	740.000000	9.46053e-05	740.000000	9.03396e-05	740.000000	9.4574e-05	740.000000	9.00391e-05	740.000000	1.31591e-08	
760.000000	7.54204e-05	760.000000	8.93108e-05	760.000000	9.38901e-05	760.000000	8.96309e-05	760.000000	9.38646e-05	760.000000	8.92979e-05	760.000000	1.28401e-08	
780.000000	7.48178e-05	780.000000	8.86139e-05	780.000000	9.32175e-05	780.000000	8.89646e-05	780.000000	9.31952e-05	780.000000	8.86013e-05	780.000000	1.25367e-08	
800.000000	7.42502e-05	800.000000	8.79582e-05	800.000000	9.25869e-05	800.000000	8.83375e-05	800.000000	9.25647e-05	800.000000	8.7946e-05	800.000000	1.22479e-08	
820.000000	7.37153e-05	820.000000	8.73409e-05	820.000000	9.19943e-05	820.000000	8.77467e-05	820.000000	9.19719e-05	820.000000	8.7329e-05	820.000000	1.19726e-08	
840.000000	7.32107e-05	840.000000	8.67593e-05	840.000000	9.14343e-05	840.000000	8.71897e-05	840.000000	9.14118e-05	840.000000	8.67476e-05	840.000000	1.17098e-08	
860.000000	7.27347e-05	860.000000	8.62109e-05	860.000000	9.09036e-05	860.000000	8.66639e-05	860.000000	9.08816e-05	860.000000	8.61995e-05	860.000000	1.14588e-08	
880.000000	7.22852e-05	880.000000	8.56936e-05	880.000000	9.04011e-05	880.000000	8.61673e-05	880.000000	9.03816e-05	880.000000	8.56824e-05	880.000000	1.12186e-08	
900.000000	7.18607e-05	900.000000	8.52053e-05	900.000000	8.99258e-05	900.000000	8.56978e-05	900.000000	8.99099e-05	900.000000	8.51943e-05	900.000000	1.09888e-08	
920.000000	7.14597e-05	920.000000	8.47442e-05	920.000000	8.94765e-05	920.000000	8.52536e-05	920.000000	8.94607e-05	920.000000	8.47334e-05	920.000000	1.07684e-08	
940.000000	7.10806e-05	940.000000	8.43085e-05	940.000000	8.90512e-05	940.000000	8.48332e-05	940.000000	8.90359e-05	940.000000	8.42979e-05	940.000000	1.05571e-08	
960.000000	7.07224e-05	960.000000	8.38968e-05	960.000000	8.86482e-05	960.000000	8.44349e-05	960.000000	8.86343e-05	960.000000	8.38864e-05	960.000000	1.03542e-08	
980.000000	7.03836e-05	980.000000	8.35075e-05	980.000000	8.82658e-05	980.000000	8.40574e-05	980.000000	8.82538e-05	980.000000	8.34974e-05	980.000000	1.01593e-08	
1000.000000	7.00634e-05	1000.000000	8.31395e-05	1000.000000	8.79031e-05	1000.000000	8.36993e-05	1000.000000	8.78907e-05	1000.000000	8.31295e-05	1000.000000	9.97179e-09	
1020.000000	6.97606e-05	1020.000000	8.27913e-05	1020.000000	8.7559e-05	1020.000000	8.33596e-05	1020.000000	8.75464e-05	1020.000000	8.27815e-05	1020.000000	9.79136e-09	
1040.000000	6.94743e-05	1040.000000	8.24621e-05	1040.000000	8.72325e-05	1040.000000	8.3037e-05	1040.000000	8.72201e-05	1040.000000	8.24524e-05	1040.000000	9.61758e-09	
1060.000000	6.92036e-05	1060.000000	8.21506e-05	1060.000000	8.69224e-05	1060.000000	8.27307e-05	1060.000000	8.69107e-05	1060.000000	8.21411e-05	1060.000000	9.45009e-09	
1080.000000	6.89478e-05	1080.000000	8.18559e-05	1080.000000	8.66274e-05	1080.000000	8.24396e-05	1080.000000	8.66144e-05	1080.000000	8.18466e-05	1080.000000	9.28854e-09	
1100.000000	6.8706e-05	1100.000000	8.15771e-05	1100.000000	8.63464e-05	1100.000000	8.21629e-05	1100.000000	8.63332e-05	1100.000000	8.1568e-05	1100.000000	9.13263e-09	
1120.000000	6.84776e-05	1120.000000	8.13134e-05	1120.000000	8.60782e-05	1120.000000	8.18997e-05	1120.000000	8.60663e-05	1120.000000	8.13045e-05	1120.000000	8.98205e-09	
1140.000000	6.82618e-05	1140.000000	8.10641e-05	1140.000000	8.58224e-05	1140.000000	8.16494e-05	1140.000000	8.58128e-05	1140.000000	8.10552e-05	1140.000000	8.83654e-09	
1160.000000	6.80582e-05	1160.000000	8.08283e-05	1160.000000	8.55786e-05	1160.000000	8.14112e-05	1160.000000	8.55707e-05	1160.000000	8.08196e-05	1160.000000	8.69584e-09	
1180.000000	6.78661e-05	1180.000000	8.06054e-05	1180.000000	8.53465e-05	1180.000000	8.11844e-05	1180.000000	8.53395e-05	1180.000000	8.05968e-05	1180.000000	8.55972e-09	
1200.000000	6.7685e-05	1200.000000	8.03948e-05	1200.000000	8.51259e-05	1200.000000	8.09686e-05	1200.000000	8.51197e-05	1200.000000	8.03864e-05	1200.000000	8.42794e-09	
1220.000000	6.75144e-05	1220.000000	8.01959e-05	1220.000000	8.49165e-05	1220.000000	8.0763e-05	1220.000000	8.49108e-05	1220.000000	8.01876e-05	1220.000000	8.30031e-09	
1240.000000	6.73538e-05	1240.000000	8.00081e-05	1240.000000	8.47175e-05	1240.000000	8.05672e-05	1240.000000	8.47122e-05	1240.000000	7.99999e-05	1240.000000	8.17663e-09	
1260.000000	6.72028e-05	1260.000000	7.98309e-05	1260.000000	8.45282e-05	1260.000000	8.03806e-05	1260.000000	8.45218e-05	1260.000000	7.98228e-05	1260.000000	8.05672e-09	
1280.000000	6.70609e-05	1280.000000	7.96638e-05	1280.000000	8.43476e-05	1280.000000	8.02029e-05	1280.000000	8.43401e-05	1280.000000	7.96558e-05	1280.000000	7.9404e-09	
1300.000000	6.69278e-05	1300.000000	7.95063e-05	1300.000000	8.41752e-05	1300.000000	8.00336e-05	1300.000000	8.41672e-05	1300.000000	7.94985e-05	1300.000000	7.82751e-09	
1320.000000	6.68031e-05	1320.000000	7.93581e-05	1320.000000	8.40105e-05	1320.000000	7.98722e-05	1320.000000	8.40028e-05	1320.000000	7.93504e-05	1320.000000	7.7179e-09	
1340.000000	6.66864e-05	1340.000000	7.92188e-05	1340.000000	8.38529e-05	1340.000000	7.97183e-05	1340.000000	8.38463e-05	1340.000000	7.92111e-05	1340.000000	7.61143e-09	
1360.000000	6.65774e-05	1360.000000	7.90878e-05	1360.000000	8.37022e-05	1360.000000	7.95717e-05	1360.000000	8.36966e-05	1360.000000	7.90803e-05	1360.000000	7.50797e-09	
1380.000000	6.64759e-05	1380.000000	7.89649e-05	1380.000000	8.35584e-05	1380.000000	7.9432e-05	1380.000000	8.35531e-05	1380.000000	7.89575e-05	1380.000000	7.40738e-09	
1400.000000	6.63815e-05	1400.000000	7.88498e-05	1400.000000	8.34213e-05	1400.000000	7.92988e-05	1400.000000	8.34166e-05	1400.000000	7.88425e-05	1400.000000	7.30955e-09	
1420.000000	6.62939e-05	1420.000000	7.87421e-05	1420.000000	8.32907e-05	1420.000000	7.91719e-05	1420.000000	8.32867e-05	1420.000000	7.87349e-05	1420.000000	7.21437e-09	
1440.000000	6.62128e-05	1440.000000	7.86415e-05	1440.000000	8.31664e-05	1440.000000	7.90509e-05	1440.000000	8.31632e-05	1440.000000	7.86343e-05	1440.000000	7.12172e-09	
1460.000000	6.61381e-05	1460.000000	7.85477e-05	1460.000000	8.30482e-05	1460.000000	7.89357e-05	1460.000000	8.30456e-05	1460.000000	7.85406e-05	1460.000000	7.0315e-09	
1480.000000	6.60695e-05	1480.000000	7.84604e-05	1480.000000	8.29358e-05	1480.000000	7.88258e-05	1480.000000	8.29326e-05	1480.000000	7.84535e-05	1480.000000	6.94363e-09	
1500.000000	6.60067e-05	1500.000000	7.83795e-05	1500.000000	8.28289e-05	1500.000000	7.87212e-05	1500.000000	8.28248e-05	1500.000000	7.83726e-05	1500.000000	6.85801e-09	
1520.000000	6.59496e-05	1520.000000	7.83046e-05	1520.000000	8.27271e-05	1520.000000	7.86216e-05	1520.000000	8.27223e-05	1520.000000	7.82978e-05	1520.000000	6.77454e-09	
1540.000000	6.5898e-05	1540.000000	7.82355e-05	1540.000000	8.26302e-05	1540.000000	7.85267e-05	1540.000000	8.26249e-05	1540.000000	7.82288e-05	1540.000000	6.69316e-09	
1560.000000	6.58516e-05	1560.000000	7.8172e-05	1560.000000	8.25379e-05	1560.000000	7.84363e-05	1560.000000	8.25323e-05	1560.000000	7.81653e-05	1560.000000	6.61378e-09	
1580.000000	6.58103e-05	1580.000000	7.81138e-05	1580.000000	8.24499e-05	1580.000000	7.83503e-05	1580.000000	8.24443e-05	1580.000000	7.81073e-05	1580.000000	6.53633e-09	
1600.000000	6.57739e-05	1600.000000	7.80609e-05	1600.000000	8.2366e-05	1600.000000	7.82685e-05	1600.000000	8.236e-05 	1600.000000	7.80544e-05	1600.000000	6.46074e-09	
1620.000000	6.57422e-05	1620.000000	7.80129e-05	1620.000000	8.2286e-05	1620.000000	7.81907e-05	1620.000000	8.22794e-05	1620.000000	7.80066e-05	1620.000000	6.38694e-09	
1640.000000	6.57151e-05	1640.000000	7.79698e-05	1640.000000	8.22098e-05	1640.000000	7.81168e-05	1640.000000	8.22028e-05	1640.000000	7.79635e-05	1640.000000	6.31487e-09	
1660.000000	6.56924e-05	1660.000000	7.79313e-05	1660.000000	8.21371e-05	1660.000000	7.80465e-05	1660.000000	8.21302e-05	1660.000000	7.79251e-05	1660.000000	6.24446e-09	
1680.000000	6.5674e-05	1680.000000	7.78973e-05	1680.000000	8.20679e-05	1680.000000	7.79797e-05	1680.000000	8.20613e-05	1680.000000	7.78911e-05	1680.000000	6.17566e-09	
1700.000000	6.56597e-05	1700.000000	7.78676e-05	1700.000000	8.2002e-05	1700.000000	7.79164e-05	1700.000000	8.1996e-05	1700.000000	7.78615e-05	1700.000000	6.10842e-09	
1750.000000	6.56414e-05	1750.000000	7.78113e-05	1750.000000	8.18511e-05	1750.000000	7.77719e-05	1750.000000	8.1846e-05	1750.000000	7.78053e-05	1750.000000	5.94677e-09	
1800.000000	6.56462e-05	1800.000000	7.77789e-05	1800.000000	8.17184e-05	1800.000000	7.76459e-05	1800.000000	8.17144e-05	1800.000000	7.77731e-05	1800.000000	5.79375e-09	
1850.000000	6.56725e-05	1850.000000	7.77685e-05	1850.000000	8.16023e-05	1850.000000	7.75365e-05	1850.000000	8.16005e-05	1850.000000	7.77628e-05	1850.000000	5.64868e-09	
1900.000000	6.57188e-05	1900.000000	7.77784e-05	1900.000000	8.15016e-05	1900.000000	7.74423e-05	1900.000000	8.15013e-05	1900.000000	7.77729e-05	1900.000000	5.51094e-09	
1950.000000	6.57837e-05	1950.000000	7.7807e-05	1950.000000	8.14151e-05	1950.000000	7.73618e-05	1950.000000	8.1416e-05	1950.000000	7.78016e-05	1950.000000	5.37999e-09	
2000.000000	6.58659e-05	2000.000000	7.78529e-05	2000.000000	8.13416e-05	2000.000000	7.72939e-05	2000.000000	8.1344e-05	2000.000000	7.78477e-05	2000.000000	5.25533e-09	
2100.000000	6.60779e-05	2100.000000	7.79918e-05	2100.000000	8.12296e-05	2100.000000	7.71915e-05	2100.000000	8.12329e-05	2100.000000	7.79868e-05	2100.000000	5.02314e-09	
2200.000000	6.6347e-05	2200.000000	7.81864e-05	2200.000000	8.11578e-05	2200.000000	7.71274e-05	2200.000000	8.11618e-05	2200.000000	7.81816e-05	2200.000000	4.81125e-09	
2300.000000	6.66665e-05	2300.000000	7.84292e-05	2300.000000	8.11192e-05	2300.000000	7.70955e-05	2300.000000	8.11221e-05	2300.000000	7.84246e-05	2300.000000	4.61709e-09	
2400.000000	6.7031e-05	2400.000000	7.87144e-05	2400.000000	8.11079e-05	2400.000000	7.70908e-05	2400.000000	8.11111e-05	2400.000000	7.87099e-05	2400.000000	4.4385e-09	
2500.000000	6.74358e-05	2500.000000	7.90367e-05	2500.000000	8.11197e-05	2500.000000	7.71091e-05	2500.000000	8.11227e-05	2500.000000	7.90324e-05	2500.000000	4.27365e-09	
2600.000000	6.7877e-05	2600.000000	7.93918e-05	2600.000000	8.11511e-05	2600.000000	7.71469e-05	2600.000000	8.11551e-05	2600.000000	7.93877e-05	2600.000000	4.12101e-09	
2700.000000	6.83511e-05	2700.000000	7.97762e-05	2700.000000	8.11994e-05	2700.000000	7.72013e-05	2700.000000	8.12035e-05	2700.000000	7.97722e-05	2700.000000	3.97925e-09	
2800.000000	6.88553e-05	2800.000000	8.01865e-05	2800.000000	8.12621e-05	2800.000000	7.72698e-05	2800.000000	8.12674e-05	2800.000000	8.01826e-05	2800.000000	3.84723e-09	
2900.000000	6.93869e-05	2900.000000	8.06201e-05	2900.000000	8.13373e-05	2900.000000	7.73504e-05	2900.000000	8.13426e-05	2900.000000	8.06163e-05	2900.000000	3.72397e-09	
3000.000000	6.99437e-05	3000.000000	8.10745e-05	3000.000000	8.14231e-05	3000.000000	7.74413e-05	3000.000000	8.14291e-05	3000.000000	8.10709e-05	3000.000000	3.60863e-09	
3200.000000	7.11256e-05	3200.000000	8.20381e-05	3200.000000	8.16207e-05	3200.000000	7.76483e-05	3200.000000	8.16273e-05	3200.000000	8.20347e-05	3200.000000	3.39877e-09	
3400.000000	7.2388e-05	3400.000000	8.30635e-05	3400.000000	8.18451e-05	3400.000000	7.78811e-05	3400.000000	8.18522e-05	3400.000000	8.30603e-05	3400.000000	3.2127e-09	
3600.000000	7.37208e-05	3600.000000	8.414e-05 	3600.000000	8.2089e-05	3600.000000	7.81326e-05	3600.000000	8.20967e-05	3600.000000	8.4137e-05	3600.000000	3.04656e-09	
3800.000000	7.51158e-05	3800.000000	8.52594e-05	3800.000000	8.2347e-05	3800.000000	7.83974e-05	3800.000000	8.23546e-05	3800.000000	8.52565e-05	3800.000000	2.89728e-09	
4000.000000	7.65666e-05	4000.000000	8.64148e-05	4000.000000	8.26147e-05	4000.000000	7.86715e-05	4000.000000	8.26222e-05	4000.000000	8.6412e-05	4000.000000	2.76238e-09	
4200.000000	7.80678e-05	4200.000000	8.76007e-05	4200.000000	8.28889e-05	4200.000000	7.89517e-05	4200.000000	8.28968e-05	4200.000000	8.75981e-05	4200.000000	2.63987e-09	
4400.000000	7.96149e-05	4400.000000	8.88128e-05	4400.000000	8.3167e-05	4400.000000	7.92358e-05	4400.000000	8.31748e-05	4400.000000	8.88103e-05	4400.000000	2.5281e-09	
4600.000000	8.12045e-05	4600.000000	9.00474e-05	4600.000000	8.34473e-05	4600.000000	7.95218e-05	4600.000000	8.34554e-05	4600.000000	9.0045e-05	4600.000000	2.42569e-09	
4800.000000	8.28333e-05	4800.000000	9.13014e-05	4800.000000	8.37282e-05	4800.000000	7.98083e-05	4800.000000	8.37364e-05	4800.000000	9.12991e-05	4800.000000	2.33151e-09	
5000.000000	8.44989e-05	5000.000000	9.25723e-05	5000.000000	8.40086e-05	5000.000000	8.00943e-05	5000.000000	8.40173e-05	5000.000000	9.257e-05 	5000.000000	2.2446e-09	
5250.000000	8.66291e-05	5250.000000	9.41813e-05	5250.000000	8.43573e-05	5250.000000	8.04497e-05	5250.000000	8.43663e-05	5250.000000	9.41791e-05	5250.000000	2.14494e-09	
5500.000000	8.88097e-05	5500.000000	9.58097e-05	5500.000000	8.47028e-05	5500.000000	8.08017e-05	5500.000000	8.47121e-05	5500.000000	9.58077e-05	5500.000000	2.05402e-09	
6000.000000	9.33102e-05	6000.000000	9.91139e-05	6000.000000	8.53816e-05	6000.000000	8.14922e-05	6000.000000	8.53903e-05	6000.000000	9.9112e-05	6000.000000	1.89412e-09	
6500.000000	9.79817e-05	6500.000000	0.000102467	6500.000000	8.6041e-05	6500.000000	8.21612e-05	6500.000000	8.60473e-05	6500.000000	0.000102465	6500.000000	1.758e-09 	
7000.000000	0.000102811	7000.000000	0.000105857	7000.000000	8.6673e-05	7000.000000	8.2807e-05	7000.000000	8.66811e-05	7000.000000	0.000105855	7000.000000	1.64065e-09	
7500.000000	0.000107787	7500.000000	0.000109273	7500.000000	8.7284e-05	7500.000000	8.3429e-05	7500.000000	8.72911e-05	7500.000000	0.000109272	7500.000000	1.53843e-09	
8000.000000	0.000112903	8000.000000	0.000112711	8000.000000	8.78711e-05	8000.000000	8.40276e-05	8000.000000	8.78774e-05	8000.000000	0.000112709	8000.000000	1.44855e-09	
8500.000000	0.000118153	8500.000000	0.000116163	8500.000000	8.84335e-05	8500.000000	8.46034e-05	8500.000000	8.84406e-05	8500.000000	0.000116162	8500.000000	1.36889e-09	
9000.000000	0.000123532	9000.000000	0.000119628	9000.000000	8.8973e-05	9000.000000	8.51575e-05	9000.000000	8.89818e-05	9000.000000	0.000119627	9000.000000	1.29777e-09	
9500.000000	0.000129037	9500.000000	0.000123101	9500.000000	8.94923e-05	9500.000000	8.56909e-05	9500.000000	8.95022e-05	9500.000000	0.0001231 	9500.000000	1.23389e-09	
10000.000000	0.000134666	10000.000000	0.00012658	10000.000000	8.99932e-05	10000.000000	8.62047e-05	10000.000000	9.00025e-05	10000.000000	0.000126579	10000.000000	1.17619e-09	
11000.000000	0.000146283	11000.000000	0.000133552	11000.000000	9.0939e-05	11000.000000	8.7178e-05	11000.000000	9.0948e-05	11000.000000	0.00013355	11000.000000	1.076e-09 	
12000.000000	0.00015837	12000.000000	0.000140531	12000.000000	9.18157e-05	12000.000000	8.80855e-05	12000.000000	9.18263e-05	12000.000000	0.00014053	12000.000000	9.91968e-10	
13000.000000	0.000170919	13000.000000	0.000147511	13000.000000	9.26344e-05	13000.000000	8.89347e-05	13000.000000	9.26447e-05	13000.000000	0.00014751	13000.000000	9.20449e-10	
14000.000000	0.000183922	14000.000000	0.000154487	14000.000000	9.34038e-05	14000.000000	8.9732e-05	14000.000000	9.34097e-05	14000.000000	0.000154486	14000.000000	8.58818e-10	
15000.000000	0.000197376	15000.000000	0.000161457	15000.000000	9.41274e-05	15000.000000	9.0483e-05	15000.000000	9.41268e-05	15000.000000	0.000161456	15000.000000	8.05139e-10	
16000.000000	0.000211278	16000.000000	0.000168419	16000.000000	9.48051e-05	16000.000000	9.11923e-05	16000.000000	9.48011e-05	16000.000000	0.000168418	16000.000000	7.57954e-10	
17000.000000	0.000225626	17000.000000	0.000175371	17000.000000	9.54402e-05	17000.000000	9.18642e-05	17000.000000	9.54366e-05	17000.000000	0.00017537	17000.000000	7.16141e-10	
18000.000000	0.000240421	18000.000000	0.000182312	18000.000000	9.60375e-05	18000.000000	9.25023e-05	18000.000000	9.60372e-05	18000.000000	0.000182311	18000.000000	6.78824e-10	
19000.000000	0.000255662	19000.000000	0.000189242	19000.000000	9.66016e-05	19000.000000	9.31097e-05	19000.000000	9.66052e-05	19000.000000	0.000189241	19000.000000	6.45309e-10	
20000.000000	0.000271348	20000.000000	0.000196161	20000.000000	9.71367e-05	20000.000000	9.3689e-05	20000.000000	9.71444e-05	20000.000000	0.00019616	20000.000000	6.15037e-10	
21000.000000	0.000287481	21000.000000	0.000203068	21000.000000	9.76473e-05	21000.000000	9.42428e-05	21000.000000	9.76568e-05	21000.000000	0.000203067	21000.000000	5.87556e-10	
22000.000000	0.000304061	22000.000000	0.000209963	22000.000000	9.81368e-05	22000.000000	9.47731e-05	22000.000000	9.81443e-05	22000.000000	0.000209962	22000.000000	5.62493e-10	
23000.000000	0.000321091	23000.000000	0.000216847	23000.000000	9.86016e-05	23000.000000	9.52818e-05	23000.000000	9.86097e-05	23000.000000	0.000216846	23000.000000	5.39539e-10	
24000.000000	0.00033857	24000.000000	0.000223719	24000.000000	9.90443e-05	24000.000000	9.57705e-05	24000.000000	9.90531e-05	24000.000000	0.000223719	24000.000000	5.18437e-10	
25000.000000	0.000356501	25000.000000	0.00023058	25000.000000	9.94693e-05	25000.000000	9.62408e-05	25000.000000	9.94779e-05	25000.000000	0.00023058	25000.000000	4.98969e-10	
26000.000000	0.000374885	26000.000000	0.00023743	26000.000000	9.98759e-05	26000.000000	9.66939e-05	26000.000000	9.98837e-05	26000.000000	0.00023743	26000.000000	4.8095e-10	
27000.000000	0.000393725	27000.000000	0.000244269	27000.000000	0.000100264	27000.000000	9.7131e-05	27000.000000	0.000100274	27000.000000	0.000244269	27000.000000	4.64224e-10	
28000.000000	0.000413021	28000.000000	0.000251097	28000.000000	0.000100636	28000.000000	9.75532e-05	28000.000000	0.000100647	28000.000000	0.000251097	28000.000000	4.48654e-10	
29000.000000	0.000432776	29000.000000	0.000257915	29000.000000	0.000100994	29000.000000	9.79615e-05	29000.000000	0.000101006	29000.000000	0.000257915	29000.000000	4.34124e-10	
30000.000000	0.000452992	30000.000000	0.000264723	30000.000000	0.000101339	30000.000000	9.83567e-05	30000.000000	0.00010135	30000.000000	0.000264722	30000.000000	4.20532e-10	
32000.000000	0.000494815	32000.000000	0.000278308	32000.000000	0.000101992	32000.000000	9.91112e-05	32000.000000	0.000102002	32000.000000	0.000278308	32000.000000	3.95817e-10	
34000.000000	0.000538508	34000.000000	0.000291855	34000.000000	0.0001026 	34000.000000	9.98221e-05	34000.000000	0.000102607	34000.000000	0.000291855	34000.000000	3.73919e-10	
36000.000000	0.000584089	36000.000000	0.000305365	36000.000000	0.000103164	36000.000000	0.000100494	36000.000000	0.00010317	36000.000000	0.000305365	36000.000000	3.5438e-10	
38000.000000	0.000631576	38000.000000	0.000318841	38000.000000	0.000103688	38000.000000	0.000101132	38000.000000	0.000103697	38000.000000	0.00031884	38000.000000	3.36835e-10	
40000.000000	0.00068099	40000.000000	0.000332283	40000.000000	0.000104178	40000.000000	0.000101738	40000.000000	0.00010419	40000.000000	0.000332282	40000.000000	3.2099e-10	
42000.000000	0.000732349	42000.000000	0.000345692	42000.000000	0.000104639	42000.000000	0.000102315	42000.000000	0.000104652	42000.000000	0.000345692	42000.000000	3.06608e-10	
44000.000000	0.000785675	44000.000000	0.000359072	44000.000000	0.000105076	44000.000000	0.000102867	44000.000000	0.000105088	44000.000000	0.000359071	44000.000000	2.93493e-10	
46000.000000	0.000840988	46000.000000	0.000372421	46000.000000	0.000105492	46000.000000	0.000103394	46000.000000	0.000105498	46000.000000	0.000372421	46000.000000	2.81484e-10	
48000.000000	0.000898308	48000.000000	0.000385743	48000.000000	0.000105888	48000.000000	0.0001039 	48000.000000	0.000105885	48000.000000	0.000385743	48000.000000	2.70445e-10	
50000.000000	0.000957656	50000.000000	0.000399037	50000.000000	0.000106262	50000.000000	0.000104386	50000.000000	0.000106251	50000.000000	0.000399037	50000.000000	2.60262e-10	
