! 114Cd energy loss (dE/dX) in He
! apply ZOOM for details
Energy (MeV/u)1	0 - [He-base] F.Hubert et al, AD&ND Tables 46(1990)1	Energy (MeV/u)2	1 - [H -base] J.F.Ziegler et al,Pergamon Press,NY(low energy)	Energy (MeV/u)3	2 - ATIMA 1.2 LS-theory (recommended for high energy)	Energy (MeV/u)4	3 - ATIMA 1.2 without LS-correction	Energy (MeV/u)5	4 - ATIMA 1.4 H.Weick, improved mean charge formula for HI	Energy (MeV/u)6	5 - electrical component of [1] - J.F.Ziegler et al	Energy (MeV/u)7	6 - nuclear component of [1] - J.F.Ziegler et al	
0.001000	0.000225403	0.001000	0.000274933	0.001000	0.000233092	0.001000	0.000233092	0.001000	0.000233102	0.001000	6.78423e-05	0.001000	0.000207091	
0.002000	0.000233253	0.002000	0.00028387	0.002000	0.000232659	0.002000	0.000232659	0.002000	0.000232667	0.002000	8.79806e-05	0.002000	0.00019589	
0.005000	0.000232927	0.005000	0.000281571	0.005000	0.00021565	0.005000	0.00021565	0.005000	0.000215656	0.005000	0.000124055	0.005000	0.000157516	
0.008000	0.000232909	0.008000	0.000280024	0.008000	0.000205591	0.008000	0.000205591	0.008000	0.000205596	0.008000	0.000147965	0.008000	0.000132059	
0.010000	0.0002341 	0.010000	0.000280627	0.010000	0.000201958	0.010000	0.000201958	0.010000	0.000201962	0.010000	0.000160879	0.010000	0.000119747	
0.015000	0.000239462	0.015000	0.00028543	0.015000	0.000198817	0.015000	0.000198817	0.015000	0.00019882	0.015000	0.000187299	0.015000	9.8131e-05	
0.020000	0.000246439	0.020000	0.000292564	0.020000	0.000200191	0.020000	0.000200191	0.020000	0.000200193	0.020000	0.000208635	0.020000	8.39288e-05	
0.025000	0.000253981	0.025000	0.000300616	0.025000	0.000203756	0.025000	0.000203756	0.025000	0.000203758	0.025000	0.000226844	0.025000	7.37717e-05	
0.030000	0.000261653	0.030000	0.000308985	0.030000	0.000208478	0.030000	0.000208478	0.030000	0.00020848	0.030000	0.000242896	0.030000	6.60883e-05	
0.035000	0.000269261	0.035000	0.000317391	0.035000	0.000213839	0.035000	0.000213839	0.035000	0.00021384	0.035000	0.000257351	0.035000	6.004e-05 	
0.040000	0.000276719	0.040000	0.000325701	0.040000	0.000219553	0.040000	0.000219553	0.040000	0.000219554	0.040000	0.000270566	0.040000	5.51353e-05	
0.045000	0.000283987	0.045000	0.00033385	0.045000	0.000225456	0.045000	0.000225456	0.045000	0.000225458	0.045000	0.000282784	0.045000	5.10653e-05	
0.050000	0.000291052	0.050000	0.000341806	0.050000	0.000231449	0.050000	0.000231449	0.050000	0.000231451	0.050000	0.000294181	0.050000	4.76253e-05	
0.055000	0.000297912	0.055000	0.000349559	0.055000	0.00023747	0.055000	0.00023747	0.055000	0.000237471	0.055000	0.000304885	0.055000	4.46736e-05	
0.060000	0.000304571	0.060000	0.000357107	0.060000	0.000243478	0.060000	0.000243478	0.060000	0.000243479	0.060000	0.000314998	0.060000	4.2109e-05	
0.070000	0.000335231	0.070000	0.000371605	0.070000	0.000255365	0.070000	0.000255365	0.070000	0.000255366	0.070000	0.000333743	0.070000	3.78614e-05	
0.080000	0.000371983	0.080000	0.000408481	0.080000	0.000285694	0.080000	0.000285694	0.080000	0.000285695	0.080000	0.000374005	0.080000	3.44761e-05	
0.090000	0.000405452	0.090000	0.000456525	0.090000	0.000326312	0.090000	0.000326312	0.090000	0.000326313	0.090000	0.000425112	0.090000	3.14136e-05	
0.100000	0.000436415	0.100000	0.000503607	0.100000	0.00036749	0.100000	0.00036749	0.100000	0.00036749	0.100000	0.00047448	0.100000	2.91266e-05	
0.120000	0.000480695	0.120000	0.000592479	0.120000	0.00044846	0.120000	0.00044846	0.120000	0.000448461	0.120000	0.000566974	0.120000	2.55041e-05	
0.140000	0.000518258	0.140000	0.000673203	0.140000	0.000525278	0.140000	0.000525278	0.140000	0.000525279	0.140000	0.000650449	0.140000	2.27535e-05	
0.160000	0.000552413	0.160000	0.000745645	0.160000	0.000596351	0.160000	0.000596351	0.160000	0.000596352	0.160000	0.000725059	0.160000	2.0586e-05	
0.180000	0.000585047	0.180000	0.000810367	0.180000	0.00066102	0.180000	0.00066102	0.180000	0.00066102	0.180000	0.000791537	0.180000	1.88293e-05	
0.200000	0.000617102	0.200000	0.000868184	0.200000	0.000719226	0.200000	0.000719226	0.200000	0.000719227	0.200000	0.00085081	0.200000	1.73735e-05	
0.250000	0.000674813	0.250000	0.000987941	0.250000	0.000838915	0.250000	0.000838915	0.250000	0.000838916	0.250000	0.000973319	0.250000	1.46226e-05	
0.300000	0.000728413	0.300000	0.00108085	0.300000	0.000928748	0.300000	0.000928748	0.300000	0.000928748	0.300000	0.00106817	0.300000	1.26783e-05	
0.350000	0.000777557	0.350000	0.00115469	0.350000	0.000997314	0.350000	0.000997314	0.350000	0.000997314	0.350000	0.00114346	0.350000	1.12242e-05	
0.400000	0.000822057	0.400000	0.00121461	0.400000	0.00105123	0.400000	0.00105123	0.400000	0.00105123	0.400000	0.00120452	0.400000	1.00919e-05	
0.450000	0.000862043	0.450000	0.00126409	0.450000	0.00109507	0.450000	0.00109507	0.450000	0.00109507	0.450000	0.00125491	0.450000	9.18278e-06	
0.500000	0.00091345	0.500000	0.00132517	0.500000	0.0011318 	0.500000	0.0011318 	0.500000	0.0011318 	0.500000	0.00131674	0.500000	8.43536e-06	
0.600000	0.000965859	0.600000	0.00143055	0.600000	0.00119108	0.600000	0.00119108	0.600000	0.00119108	0.600000	0.00142327	0.600000	7.27586e-06	
0.700000	0.000994678	0.700000	0.00150675	0.700000	0.0012408 	0.700000	0.0012408 	0.700000	0.0012408 	0.700000	0.00150033	0.700000	6.41502e-06	
0.800000	0.00104647	0.800000	0.00156256	0.800000	0.0012975 	0.800000	0.0012975 	0.800000	0.0012975 	0.800000	0.00155681	0.800000	5.74848e-06	
0.900000	0.0010875 	0.900000	0.00160328	0.900000	0.00134334	0.900000	0.00134334	0.900000	0.00134334	0.900000	0.00159806	0.900000	5.21588e-06	
1.000000	0.00111959	1.000000	0.00163163	1.000000	0.00138073	1.000000	0.00138073	1.000000	0.00138073	1.000000	0.00162685	1.000000	4.77972e-06	
1.250000	0.00117185	1.250000	0.0016719 	1.250000	0.00144722	1.250000	0.00144722	1.250000	0.00144722	1.250000	0.00166793	1.250000	3.96853e-06	
1.500000	0.00119999	1.500000	0.00168522	1.500000	0.00148698	1.500000	0.00148698	1.500000	0.00148698	1.500000	0.00168182	1.500000	3.40567e-06	
1.750000	0.00120201	1.750000	0.00166731	1.750000	0.00150925	1.750000	0.00150925	1.750000	0.00150925	1.750000	0.00166432	1.750000	2.99057e-06	
2.000000	0.00119586	2.000000	0.00164193	2.000000	0.00151968	2.000000	0.00151968	2.000000	0.00151968	2.000000	0.00163926	2.000000	2.67088e-06	
2.250000	0.00118856	2.250000	0.00161627	2.250000	0.00152191	2.250000	0.00152191	2.250000	0.00152191	2.250000	0.00161386	2.250000	2.41657e-06	
2.500000	0.00173457	2.500000	0.00159069	2.500000	0.00151839	2.500000	0.00151839	2.500000	0.00151839	2.500000	0.00158848	2.500000	2.20908e-06	
3.000000	0.00167964	3.000000	0.00154123	3.000000	0.00150028	3.000000	0.00150028	3.000000	0.00150028	3.000000	0.00153934	3.000000	1.89018e-06	
3.500000	0.00161973	3.500000	0.00149361	3.500000	0.00147364	3.500000	0.00147364	3.500000	0.00147364	3.500000	0.00149196	3.500000	1.65587e-06	
4.000000	0.00155982	4.000000	0.00144801	4.000000	0.0014428 	4.000000	0.0014428 	4.000000	0.00144281	4.000000	0.00144654	4.000000	1.47595e-06	
4.500000	0.00150208	4.500000	0.00140466	4.500000	0.00140982	4.500000	0.00140982	4.500000	0.00140983	4.500000	0.00140333	4.500000	1.33318e-06	
5.000000	0.0014474 	5.000000	0.00136358	5.000000	0.0013718 	5.000000	0.0013718 	5.000000	0.0013718 	5.000000	0.00136237	5.000000	1.21695e-06	
5.500000	0.00139605	5.500000	0.00132472	5.500000	0.00133563	5.500000	0.00133563	5.500000	0.00133563	5.500000	0.0013236 	5.500000	1.12037e-06	
6.000000	0.00134802	6.000000	0.00128786	6.000000	0.00130124	6.000000	0.00130124	6.000000	0.00130124	6.000000	0.00128682	6.000000	1.03876e-06	
6.500000	0.00130316	6.500000	0.00125289	6.500000	0.00126855	6.500000	0.00126855	6.500000	0.00126856	6.500000	0.00125192	6.500000	9.68844e-07	
7.000000	0.00126127	7.000000	0.00121984	7.000000	0.00123748	7.000000	0.00123748	7.000000	0.00123748	7.000000	0.00121893	7.000000	9.08225e-07	
7.500000	0.00122211	7.500000	0.00118856	7.500000	0.00120792	7.500000	0.00120792	7.500000	0.00120792	7.500000	0.00118771	7.500000	8.55136e-07	
8.000000	0.00118546	8.000000	0.00115863	8.000000	0.00117977	8.000000	0.00117977	8.000000	0.00117977	8.000000	0.00115783	8.000000	8.08231e-07	
8.500000	0.00115113	8.500000	0.0011303 	8.500000	0.00115295	8.500000	0.00115295	8.500000	0.00115295	8.500000	0.00112953	8.500000	7.66472e-07	
9.000000	0.00111889	9.000000	0.0011035 	9.000000	0.00112736	9.000000	0.00112736	9.000000	0.00112736	9.000000	0.00110277	9.000000	7.2904e-07	
9.500000	0.00108859	9.500000	0.00107809	9.500000	0.00110293	9.500000	0.00110293	9.500000	0.00110293	9.500000	0.00107739	9.500000	6.95284e-07	
10.000000	0.00106006	10.000000	0.00101009	10.000000	0.00107958	10.000000	0.00107958	10.000000	0.00107958	10.000000	0.00100943	10.000000	6.64679e-07	
11.000000	0.00100771	11.000000	0.000980095	11.000000	0.0010265 	11.000000	0.00103765	11.000000	0.00104564	11.000000	0.000979484	11.000000	6.11279e-07	
12.000000	0.000960839	12.000000	0.000951185	12.000000	0.000978836	12.000000	0.000999322	12.000000	0.00101313	12.000000	0.000950618	12.000000	5.66219e-07	
13.000000	0.000918628	13.000000	0.000923535	13.000000	0.000935829	13.000000	0.00096418	13.000000	0.000982189	13.000000	0.000923007	13.000000	5.27656e-07	
14.000000	0.000880406	14.000000	0.000897207	14.000000	0.000896855	14.000000	0.000931871	14.000000	0.000952844	14.000000	0.000896713	14.000000	4.94258e-07	
15.000000	0.000845624	15.000000	0.0008722 	15.000000	0.000861397	15.000000	0.000902087	15.000000	0.000925077	15.000000	0.000871735	15.000000	4.65037e-07	
16.000000	0.000813828	16.000000	0.000848475	16.000000	0.000829048	16.000000	0.000874561	16.000000	0.000898841	16.000000	0.000848036	16.000000	4.39243e-07	
17.000000	0.000784642	17.000000	0.000825976	17.000000	0.000799452	17.000000	0.000849062	17.000000	0.000874075	17.000000	0.00082556	17.000000	4.16297e-07	
18.000000	0.000757749	18.000000	0.000804639	18.000000	0.000772285	18.000000	0.000825387	18.000000	0.000850657	18.000000	0.000804243	18.000000	3.95744e-07	
19.000000	0.000732882	19.000000	0.000784393	19.000000	0.000747277	19.000000	0.000803361	19.000000	0.000828563	19.000000	0.000784016	19.000000	3.77223e-07	
20.000000	0.000709815	20.000000	0.000765172	20.000000	0.000724202	20.000000	0.000782831	20.000000	0.000807729	20.000000	0.000764812	20.000000	3.60442e-07	
21.000000	0.000688353	21.000000	0.00074691	21.000000	0.00070287	21.000000	0.00076366	21.000000	0.000787995	21.000000	0.000746564	21.000000	3.45162e-07	
22.000000	0.000668331	22.000000	0.000729542	22.000000	0.00068312	22.000000	0.00074573	22.000000	0.00076939	22.000000	0.000729211	22.000000	3.31187e-07	
23.000000	0.000649603	23.000000	0.000713011	23.000000	0.000664804	23.000000	0.000728936	23.000000	0.00075178	23.000000	0.000712692	23.000000	3.18355e-07	
24.000000	0.000632045	24.000000	0.00069726	24.000000	0.00064779	24.000000	0.000713183	24.000000	0.000735141	24.000000	0.000696954	24.000000	3.06528e-07	
25.000000	0.000615547	25.000000	0.000682239	25.000000	0.000631961	25.000000	0.000698387	25.000000	0.000719394	25.000000	0.000681944	25.000000	2.95591e-07	
27.000000	0.00058536	27.000000	0.0006542 	27.000000	0.00060346	27.000000	0.00067138	27.000000	0.000690377	27.000000	0.000653924	27.000000	2.76006e-07	
29.000000	0.000558399	29.000000	0.000628555	29.000000	0.000578614	29.000000	0.000647402	29.000000	0.000664342	29.000000	0.000628297	29.000000	2.58969e-07	
31.000000	0.000534161	31.000000	0.000605016	31.000000	0.000557902	31.000000	0.000623786	31.000000	0.000637193	31.000000	0.000604772	31.000000	2.44006e-07	
33.000000	0.000512241	33.000000	0.000583337	33.000000	0.000539958	33.000000	0.000600121	33.000000	0.000609308	33.000000	0.000583106	33.000000	2.30754e-07	
35.000000	0.000492313	35.000000	0.000563306	35.000000	0.00052329	35.000000	0.000578364	35.000000	0.000584174	35.000000	0.000563087	35.000000	2.18931e-07	
38.000000	0.000465586	38.000000	0.000535965	38.000000	0.000500334	38.000000	0.000548823	38.000000	0.000550769	38.000000	0.000535761	38.000000	2.03402e-07	
41.000000	0.000442034	41.000000	0.000511425	41.000000	0.000479482	41.000000	0.000522455	41.000000	0.00052159	41.000000	0.000511235	41.000000	1.90022e-07	
44.000000	0.000421109	44.000000	0.000489277	44.000000	0.000460579	44.000000	0.000498769	44.000000	0.00049586	44.000000	0.000489099	44.000000	1.78367e-07	
47.000000	0.000402384	47.000000	0.000469188	47.000000	0.000443309	47.000000	0.000477373	47.000000	0.000472977	47.000000	0.000469019	47.000000	1.6812e-07	
50.000000	0.00038552	50.000000	0.00045088	50.000000	0.000427405	50.000000	0.000457947	50.000000	0.000452483	50.000000	0.000450721	50.000000	1.59036e-07	
55.000000	0.000360835	55.000000	0.000423728	55.000000	0.000403696	55.000000	0.000429258	55.000000	0.000422651	55.000000	0.000423583	55.000000	1.45984e-07	
60.000000	0.000339622	60.000000	0.000400071	60.000000	0.000382822	60.000000	0.000404381	60.000000	0.000397167	60.000000	0.000399936	60.000000	1.34994e-07	
65.000000	0.000321179	65.000000	0.000379272	65.000000	0.000364369	65.000000	0.0003826 	65.000000	0.000375115	65.000000	0.000379146	65.000000	1.25608e-07	
70.000000	0.000304984	70.000000	0.000360842	70.000000	0.00034791	70.000000	0.000363371	70.000000	0.000355825	70.000000	0.000360724	70.000000	1.17495e-07	
75.000000	0.00029064	75.000000	0.000344397	75.000000	0.000333106	75.000000	0.000346271	75.000000	0.000339575	75.000000	0.000344286	75.000000	1.10408e-07	
80.000000	0.000277839	80.000000	0.000329632	80.000000	0.000319792	80.000000	0.000330964	80.000000	0.000325074	80.000000	0.000329528	80.000000	1.04161e-07	
85.000000	0.000266339	85.000000	0.000316302	85.000000	0.000307673	85.000000	0.000317184	85.000000	0.000312033	85.000000	0.000316203	85.000000	9.86126e-08	
90.000000	0.000255945	90.000000	0.000304207	90.000000	0.000296663	90.000000	0.000304713	90.000000	0.00030023	90.000000	0.000304114	90.000000	9.36491e-08	
95.000000	0.000246503	95.000000	0.000293184	95.000000	0.000286583	95.000000	0.000293374	95.000000	0.000289512	95.000000	0.000293095	95.000000	8.91817e-08	
100.000000	0.000237883	100.000000	0.000283096	100.000000	0.00027732	100.000000	0.000283019	100.000000	0.000279733	100.000000	0.000283011	100.000000	8.51385e-08	
105.000000	0.000229979	105.000000	0.000273829	105.000000	0.000268776	105.000000	0.000273528	105.000000	0.000270751	105.000000	0.000273748	105.000000	8.14611e-08	
110.000000	0.000222705	110.000000	0.000265287	110.000000	0.000260896	110.000000	0.000264796	110.000000	0.000262514	110.000000	0.000265209	110.000000	7.81012e-08	
115.000000	0.000215985	115.000000	0.000257388	115.000000	0.000253591	115.000000	0.000256737	115.000000	0.00025489	115.000000	0.000257313	115.000000	7.50189e-08	
120.000000	0.000209757	120.000000	0.000250063	120.000000	0.000246787	120.000000	0.000249275	120.000000	0.000247853	120.000000	0.000249991	120.000000	7.21807e-08	
125.000000	0.000203967	125.000000	0.000243251	125.000000	0.000240449	125.000000	0.000242348	125.000000	0.000241304	125.000000	0.000243181	125.000000	6.95583e-08	
130.000000	0.00019857	130.000000	0.0002369 	130.000000	0.00023454	130.000000	0.000235901	130.000000	0.000235221	130.000000	0.000236833	130.000000	6.71276e-08	
135.000000	0.000193526	135.000000	0.000230966	135.000000	0.000228998	135.000000	0.000229885	135.000000	0.000229528	135.000000	0.000230901	135.000000	6.48681e-08	
140.000000	0.000188799	140.000000	0.000225408	140.000000	0.000223805	140.000000	0.000224259	140.000000	0.000224221	140.000000	0.000225345	140.000000	6.2762e-08	
145.000000	0.000184362	145.000000	0.000220193	145.000000	0.000218929	145.000000	0.000218987	145.000000	0.000219223	145.000000	0.000220132	145.000000	6.0794e-08	
150.000000	0.000180186	150.000000	0.000215289	150.000000	0.00021433	150.000000	0.000214036	150.000000	0.000214543	150.000000	0.00021523	150.000000	5.89508e-08	
155.000000	0.000174191	155.000000	0.00021067	155.000000	0.000209985	155.000000	0.000209378	155.000000	0.000210128	155.000000	0.000210613	155.000000	5.72207e-08	
160.000000	0.000170736	160.000000	0.000206312	160.000000	0.000205879	160.000000	0.000204989	160.000000	0.000205966	160.000000	0.000206256	160.000000	5.55935e-08	
165.000000	0.00016747	165.000000	0.000202193	165.000000	0.000202001	165.000000	0.000200846	165.000000	0.000202044	165.000000	0.000202139	165.000000	5.40601e-08	
170.000000	0.000164378	170.000000	0.000198295	170.000000	0.000198332	170.000000	0.000196929	170.000000	0.000198317	170.000000	0.000198242	170.000000	5.26124e-08	
175.000000	0.000161445	175.000000	0.0001946 	175.000000	0.000194852	175.000000	0.00019322	175.000000	0.000194795	175.000000	0.000194549	175.000000	5.12435e-08	
180.000000	0.00015866	180.000000	0.000191093	180.000000	0.000191541	180.000000	0.000189703	180.000000	0.000191456	180.000000	0.000191043	180.000000	4.9947e-08	
185.000000	0.000156012	185.000000	0.00018776	185.000000	0.000188385	185.000000	0.000186365	185.000000	0.000188275	185.000000	0.000187712	185.000000	4.87172e-08	
190.000000	0.00015349	190.000000	0.000184589	190.000000	0.000185377	190.000000	0.000183191	190.000000	0.000185256	190.000000	0.000184541	190.000000	4.7549e-08	
195.000000	0.000151086	195.000000	0.000181568	195.000000	0.00018251	195.000000	0.00018017	195.000000	0.00018238	195.000000	0.000181521	195.000000	4.64378e-08	
200.000000	0.000148792	200.000000	0.000178687	200.000000	0.000179777	200.000000	0.000177292	200.000000	0.00017963	200.000000	0.000178641	200.000000	4.53795e-08	
210.000000	0.000144503	210.000000	0.000173307	210.000000	0.000174678	210.000000	0.000171926	210.000000	0.000174511	210.000000	0.000173264	210.000000	4.34069e-08	
220.000000	0.000140571	220.000000	0.000168385	220.000000	0.000169996	220.000000	0.000167023	220.000000	0.000169812	220.000000	0.000168343	220.000000	4.16054e-08	
230.000000	0.000136955	230.000000	0.000163864	230.000000	0.000165693	230.000000	0.000162528	230.000000	0.000165506	230.000000	0.000163824	230.000000	3.99531e-08	
240.000000	0.000133616	240.000000	0.000159699	240.000000	0.000161733	240.000000	0.000158393	240.000000	0.000161531	240.000000	0.000159661	240.000000	3.84322e-08	
250.000000	0.000130524	250.000000	0.00015585	250.000000	0.000158063	250.000000	0.000154577	250.000000	0.000157861	250.000000	0.000155813	250.000000	3.70273e-08	
260.000000	0.000127652	260.000000	0.000152282	260.000000	0.000154657	260.000000	0.000151045	260.000000	0.000154454	260.000000	0.000152246	260.000000	3.57255e-08	
270.000000	0.000124979	270.000000	0.000148966	270.000000	0.000151492	270.000000	0.000147767	270.000000	0.000151295	270.000000	0.000148931	270.000000	3.45157e-08	
280.000000	0.000122483	280.000000	0.000145877	280.000000	0.000148534	280.000000	0.000144718	280.000000	0.000148346	280.000000	0.000145844	280.000000	3.33883e-08	
290.000000	0.000120148	290.000000	0.000142993	290.000000	0.000145773	290.000000	0.000141874	290.000000	0.000145601	290.000000	0.000142961	290.000000	3.23351e-08	
300.000000	0.000117959	300.000000	0.000140295	300.000000	0.000143192	300.000000	0.000139217	300.000000	0.00014302	300.000000	0.000140264	300.000000	3.13489e-08	
310.000000	0.000115903	310.000000	0.000137765	310.000000	0.000140774	310.000000	0.000136729	310.000000	0.000140607	310.000000	0.000137735	310.000000	3.04234e-08	
320.000000	0.000113967	320.000000	0.000135389	320.000000	0.000138504	320.000000	0.000134395	320.000000	0.000138338	320.000000	0.00013536	320.000000	2.95531e-08	
330.000000	0.000112143	330.000000	0.000133154	330.000000	0.000136362	330.000000	0.000132201	330.000000	0.000136201	330.000000	0.000133125	330.000000	2.87332e-08	
340.000000	0.00011042	340.000000	0.000131047	340.000000	0.000134341	340.000000	0.000130136	340.000000	0.000134193	340.000000	0.000131019	340.000000	2.79593e-08	
350.000000	0.000108791	350.000000	0.000129059	350.000000	0.000132435	350.000000	0.000128189	350.000000	0.000132289	350.000000	0.000129031	350.000000	2.72276e-08	
360.000000	0.000107248	360.000000	0.000127179	360.000000	0.000130636	360.000000	0.000126351	360.000000	0.000130493	360.000000	0.000127153	360.000000	2.65347e-08	
370.000000	0.000105785	370.000000	0.0001254 	370.000000	0.000128933	370.000000	0.000124613	370.000000	0.000128797	370.000000	0.000125374	370.000000	2.58776e-08	
380.000000	0.000104396	380.000000	0.000123714	380.000000	0.000127313	380.000000	0.000122967	380.000000	0.000127182	380.000000	0.000123689	380.000000	2.52535e-08	
390.000000	0.000103076	390.000000	0.000122114	390.000000	0.000125776	390.000000	0.000121407	390.000000	0.000125653	390.000000	0.000122089	390.000000	2.466e-08 	
400.000000	0.000101819	400.000000	0.000120594	400.000000	0.000124322	400.000000	0.000119927	400.000000	0.000124203	400.000000	0.000120569	400.000000	2.40948e-08	
410.000000	0.000100621	410.000000	0.000119148	410.000000	0.000122942	410.000000	0.00011852	410.000000	0.000122819	410.000000	0.000119124	410.000000	2.3556e-08	
420.000000	9.94793e-05	420.000000	0.000117771	420.000000	0.000121624	420.000000	0.000117182	420.000000	0.000121503	420.000000	0.000117748	420.000000	2.30417e-08	
430.000000	9.83891e-05	430.000000	0.000116459	430.000000	0.000120365	430.000000	0.000115908	430.000000	0.000120253	430.000000	0.000116437	430.000000	2.25502e-08	
440.000000	9.73473e-05	440.000000	0.000115208	440.000000	0.00011916	440.000000	0.000114693	440.000000	0.000119058	440.000000	0.000115186	440.000000	2.208e-08 	
450.000000	9.63511e-05	450.000000	0.000114013	450.000000	0.00011801	450.000000	0.000113535	450.000000	0.000117915	450.000000	0.000113992	450.000000	2.16299e-08	
460.000000	9.53975e-05	460.000000	0.000112871	460.000000	0.000116916	460.000000	0.000112429	460.000000	0.000116825	460.000000	0.00011285	460.000000	2.11984e-08	
470.000000	9.44841e-05	470.000000	0.000111779	470.000000	0.000115873	470.000000	0.000111372	470.000000	0.000115785	470.000000	0.000111758	470.000000	2.07845e-08	
480.000000	9.36085e-05	480.000000	0.000110734	480.000000	0.000114872	480.000000	0.000110361	480.000000	0.000114785	480.000000	0.000110714	480.000000	2.0387e-08	
490.000000	9.27686e-05	490.000000	0.000109733	490.000000	0.00011391	490.000000	0.000109394	490.000000	0.000113828	490.000000	0.000109713	490.000000	2.00051e-08	
500.000000	9.19622e-05	500.000000	0.000108773	500.000000	0.000112988	500.000000	0.000108467	500.000000	0.000112912	500.000000	0.000108753	500.000000	1.96377e-08	
520.000000	9.04431e-05	520.000000	0.000106968	520.000000	0.000111267	520.000000	0.000106727	520.000000	0.00011119	520.000000	0.00010695	520.000000	1.89436e-08	
540.000000	8.9038e-05	540.000000	0.000105304	540.000000	0.000109673	540.000000	0.000105124	540.000000	0.000109601	540.000000	0.000105286	540.000000	1.82987e-08	
560.000000	8.77354e-05	560.000000	0.000103765	560.000000	0.000108192	560.000000	0.000103644	560.000000	0.000108133	560.000000	0.000103747	560.000000	1.76978e-08	
580.000000	8.65253e-05	580.000000	0.000102339	580.000000	0.000106825	580.000000	0.000102274	580.000000	0.00010677	580.000000	0.000102322	580.000000	1.71366e-08	
600.000000	8.53992e-05	600.000000	0.000101015	600.000000	0.00010556	600.000000	0.000101003	600.000000	0.000105509	600.000000	0.000100998	600.000000	1.66112e-08	
620.000000	8.43492e-05	620.000000	9.97827e-05	620.000000	0.000104382	620.000000	9.98227e-05	620.000000	0.00010433	620.000000	9.97666e-05	620.000000	1.61182e-08	
640.000000	8.33688e-05	640.000000	9.8635e-05	640.000000	0.000103281	640.000000	9.87234e-05	640.000000	0.000103235	640.000000	9.86193e-05	640.000000	1.56548e-08	
660.000000	8.2452e-05	660.000000	9.75638e-05	660.000000	0.000102253	660.000000	9.76983e-05	660.000000	0.000102213	660.000000	9.75486e-05	660.000000	1.52182e-08	
680.000000	8.15936e-05	680.000000	9.65627e-05	680.000000	0.000101293	680.000000	9.67408e-05	680.000000	0.000101255	680.000000	9.65479e-05	680.000000	1.48062e-08	
700.000000	8.07888e-05	700.000000	9.56258e-05	700.000000	0.000100397	700.000000	9.58451e-05	700.000000	0.000100361	700.000000	9.56114e-05	700.000000	1.44167e-08	
720.000000	8.00334e-05	720.000000	9.4748e-05	720.000000	9.95584e-05	720.000000	9.50061e-05	720.000000	9.9521e-05	720.000000	9.47339e-05	720.000000	1.4048e-08	
740.000000	7.93238e-05	740.000000	9.39245e-05	740.000000	9.87697e-05	740.000000	9.42192e-05	740.000000	9.87323e-05	740.000000	9.39108e-05	740.000000	1.36983e-08	
760.000000	7.86564e-05	760.000000	9.31512e-05	760.000000	9.80252e-05	760.000000	9.34802e-05	760.000000	9.79932e-05	760.000000	9.31378e-05	760.000000	1.33663e-08	
780.000000	7.80284e-05	780.000000	9.24244e-05	780.000000	9.73236e-05	780.000000	9.27855e-05	780.000000	9.72959e-05	780.000000	9.24113e-05	780.000000	1.30506e-08	
800.000000	7.74368e-05	800.000000	9.17406e-05	800.000000	9.66637e-05	800.000000	9.21316e-05	800.000000	9.66391e-05	800.000000	9.17278e-05	800.000000	1.275e-08 	
820.000000	7.68791e-05	820.000000	9.10968e-05	820.000000	9.60431e-05	820.000000	9.15156e-05	820.000000	9.60215e-05	820.000000	9.10843e-05	820.000000	1.24634e-08	
840.000000	7.63533e-05	840.000000	9.04902e-05	840.000000	9.54588e-05	840.000000	9.09348e-05	840.000000	9.5438e-05	840.000000	9.0478e-05	840.000000	1.21899e-08	
860.000000	7.5857e-05	860.000000	8.99183e-05	860.000000	9.49077e-05	860.000000	9.03866e-05	860.000000	9.48855e-05	860.000000	8.99063e-05	860.000000	1.19286e-08	
880.000000	7.53885e-05	880.000000	8.93787e-05	880.000000	9.43866e-05	880.000000	8.98687e-05	880.000000	9.43646e-05	880.000000	8.9367e-05	880.000000	1.16787e-08	
900.000000	7.4946e-05	900.000000	8.88694e-05	900.000000	9.38922e-05	900.000000	8.93792e-05	900.000000	9.38731e-05	900.000000	8.8858e-05	900.000000	1.14394e-08	
920.000000	7.45279e-05	920.000000	8.83885e-05	920.000000	9.34228e-05	920.000000	8.89161e-05	920.000000	9.3405e-05	920.000000	8.83773e-05	920.000000	1.12101e-08	
940.000000	7.41329e-05	940.000000	8.79341e-05	940.000000	9.2978e-05	940.000000	8.84777e-05	940.000000	9.29624e-05	940.000000	8.79231e-05	940.000000	1.09902e-08	
960.000000	7.37594e-05	960.000000	8.75047e-05	960.000000	9.25576e-05	960.000000	8.80624e-05	960.000000	9.2544e-05	960.000000	8.74939e-05	960.000000	1.0779e-08	
980.000000	7.34063e-05	980.000000	8.70987e-05	980.000000	9.21605e-05	980.000000	8.76688e-05	980.000000	9.21475e-05	980.000000	8.70881e-05	980.000000	1.05761e-08	
1000.000000	7.30725e-05	1000.000000	8.67148e-05	1000.000000	9.17844e-05	1000.000000	8.72954e-05	1000.000000	9.17691e-05	1000.000000	8.67044e-05	1000.000000	1.03809e-08	
1020.000000	7.27568e-05	1020.000000	8.63518e-05	1020.000000	9.14274e-05	1020.000000	8.69412e-05	1020.000000	9.14102e-05	1020.000000	8.63416e-05	1020.000000	1.01931e-08	
1040.000000	7.24584e-05	1040.000000	8.60083e-05	1040.000000	9.10873e-05	1040.000000	8.66048e-05	1040.000000	9.10701e-05	1040.000000	8.59983e-05	1040.000000	1.00122e-08	
1060.000000	7.21762e-05	1060.000000	8.56834e-05	1060.000000	9.07633e-05	1060.000000	8.62854e-05	1060.000000	9.07476e-05	1060.000000	8.56736e-05	1060.000000	9.83789e-09	
1080.000000	7.19095e-05	1080.000000	8.53761e-05	1080.000000	9.04547e-05	1080.000000	8.59818e-05	1080.000000	9.04387e-05	1080.000000	8.53664e-05	1080.000000	9.66974e-09	
1100.000000	7.16575e-05	1100.000000	8.50853e-05	1100.000000	9.0161e-05	1100.000000	8.56933e-05	1100.000000	9.01455e-05	1100.000000	8.50758e-05	1100.000000	9.50745e-09	
1120.000000	7.14193e-05	1120.000000	8.48103e-05	1120.000000	8.98816e-05	1120.000000	8.54189e-05	1120.000000	8.98673e-05	1120.000000	8.4801e-05	1120.000000	9.35072e-09	
1140.000000	7.11945e-05	1140.000000	8.45502e-05	1140.000000	8.96159e-05	1140.000000	8.51578e-05	1140.000000	8.96031e-05	1140.000000	8.4541e-05	1140.000000	9.19926e-09	
1160.000000	7.09822e-05	1160.000000	8.43043e-05	1160.000000	8.93631e-05	1160.000000	8.49094e-05	1160.000000	8.93507e-05	1160.000000	8.42953e-05	1160.000000	9.05281e-09	
1180.000000	7.0782e-05	1180.000000	8.40719e-05	1180.000000	8.91226e-05	1180.000000	8.4673e-05	1180.000000	8.91096e-05	1180.000000	8.40629e-05	1180.000000	8.91112e-09	
1200.000000	7.05932e-05	1200.000000	8.38522e-05	1200.000000	8.88937e-05	1200.000000	8.44479e-05	1200.000000	8.88806e-05	1200.000000	8.38434e-05	1200.000000	8.77396e-09	
1220.000000	7.04154e-05	1220.000000	8.36447e-05	1220.000000	8.86758e-05	1220.000000	8.42336e-05	1220.000000	8.86628e-05	1220.000000	8.36361e-05	1220.000000	8.64111e-09	
1240.000000	7.02479e-05	1240.000000	8.34488e-05	1240.000000	8.84681e-05	1240.000000	8.40294e-05	1240.000000	8.84558e-05	1240.000000	8.34403e-05	1240.000000	8.51237e-09	
1260.000000	7.00905e-05	1260.000000	8.3264e-05	1260.000000	8.82701e-05	1260.000000	8.38349e-05	1260.000000	8.82573e-05	1260.000000	8.32556e-05	1260.000000	8.38755e-09	
1280.000000	6.99426e-05	1280.000000	8.30897e-05	1280.000000	8.80812e-05	1280.000000	8.36496e-05	1280.000000	8.80679e-05	1280.000000	8.30815e-05	1280.000000	8.26647e-09	
1300.000000	6.98039e-05	1300.000000	8.29255e-05	1300.000000	8.79007e-05	1300.000000	8.3473e-05	1300.000000	8.78876e-05	1300.000000	8.29174e-05	1300.000000	8.14897e-09	
1320.000000	6.96738e-05	1320.000000	8.2771e-05	1320.000000	8.77282e-05	1320.000000	8.33047e-05	1320.000000	8.77162e-05	1320.000000	8.27629e-05	1320.000000	8.03488e-09	
1340.000000	6.95522e-05	1340.000000	8.26256e-05	1340.000000	8.75633e-05	1340.000000	8.31443e-05	1340.000000	8.75531e-05	1340.000000	8.26177e-05	1340.000000	7.92405e-09	
1360.000000	6.94387e-05	1360.000000	8.2489e-05	1360.000000	8.74058e-05	1360.000000	8.29914e-05	1360.000000	8.7397e-05	1360.000000	8.24812e-05	1360.000000	7.81635e-09	
1380.000000	6.93328e-05	1380.000000	8.23609e-05	1380.000000	8.72555e-05	1380.000000	8.28457e-05	1380.000000	8.72475e-05	1380.000000	8.23532e-05	1380.000000	7.71165e-09	
1400.000000	6.92344e-05	1400.000000	8.22408e-05	1400.000000	8.71122e-05	1400.000000	8.27068e-05	1400.000000	8.71051e-05	1400.000000	8.22332e-05	1400.000000	7.60982e-09	
1420.000000	6.91431e-05	1420.000000	8.21284e-05	1420.000000	8.69757e-05	1420.000000	8.25745e-05	1420.000000	8.69697e-05	1420.000000	8.21209e-05	1420.000000	7.51074e-09	
1440.000000	6.90586e-05	1440.000000	8.20235e-05	1440.000000	8.68459e-05	1440.000000	8.24483e-05	1440.000000	8.68409e-05	1440.000000	8.20161e-05	1440.000000	7.4143e-09	
1460.000000	6.89807e-05	1460.000000	8.19257e-05	1460.000000	8.67224e-05	1460.000000	8.23281e-05	1460.000000	8.67184e-05	1460.000000	8.19183e-05	1460.000000	7.32039e-09	
1480.000000	6.89092e-05	1480.000000	8.18347e-05	1480.000000	8.6605e-05	1480.000000	8.22136e-05	1480.000000	8.66006e-05	1480.000000	8.18274e-05	1480.000000	7.22892e-09	
1500.000000	6.88438e-05	1500.000000	8.17502e-05	1500.000000	8.64933e-05	1500.000000	8.21045e-05	1500.000000	8.64881e-05	1500.000000	8.17431e-05	1500.000000	7.13979e-09	
1520.000000	6.87843e-05	1520.000000	8.16721e-05	1520.000000	8.63869e-05	1520.000000	8.20006e-05	1520.000000	8.63814e-05	1520.000000	8.1665e-05	1520.000000	7.05291e-09	
1540.000000	6.87305e-05	1540.000000	8.16e-05  	1540.000000	8.62856e-05	1540.000000	8.19016e-05	1540.000000	8.62798e-05	1540.000000	8.15931e-05	1540.000000	6.9682e-09	
1560.000000	6.86821e-05	1560.000000	8.15338e-05	1560.000000	8.6189e-05	1560.000000	8.18074e-05	1560.000000	8.61833e-05	1560.000000	8.15269e-05	1560.000000	6.88557e-09	
1580.000000	6.86391e-05	1580.000000	8.14732e-05	1580.000000	8.60969e-05	1580.000000	8.17178e-05	1580.000000	8.60916e-05	1580.000000	8.14664e-05	1580.000000	6.80495e-09	
1600.000000	6.86011e-05	1600.000000	8.1418e-05	1600.000000	8.60091e-05	1600.000000	8.16325e-05	1600.000000	8.60038e-05	1600.000000	8.14112e-05	1600.000000	6.72626e-09	
1620.000000	6.85681e-05	1620.000000	8.13679e-05	1620.000000	8.59253e-05	1620.000000	8.15514e-05	1620.000000	8.59197e-05	1620.000000	8.13613e-05	1620.000000	6.64944e-09	
1640.000000	6.85399e-05	1640.000000	8.1323e-05	1640.000000	8.58454e-05	1640.000000	8.14742e-05	1640.000000	8.58399e-05	1640.000000	8.13164e-05	1640.000000	6.57442e-09	
1660.000000	6.85163e-05	1660.000000	8.12828e-05	1660.000000	8.57692e-05	1660.000000	8.1401e-05	1660.000000	8.57642e-05	1660.000000	8.12763e-05	1660.000000	6.50113e-09	
1680.000000	6.84971e-05	1680.000000	8.12473e-05	1680.000000	8.56967e-05	1680.000000	8.13314e-05	1680.000000	8.56924e-05	1680.000000	8.12409e-05	1680.000000	6.42951e-09	
1700.000000	6.84823e-05	1700.000000	8.12163e-05	1700.000000	8.56277e-05	1700.000000	8.12653e-05	1700.000000	8.56243e-05	1700.000000	8.121e-05 	1700.000000	6.35952e-09	
1750.000000	6.84632e-05	1750.000000	8.11576e-05	1750.000000	8.54699e-05	1750.000000	8.11147e-05	1750.000000	8.5468e-05	1750.000000	8.11514e-05	1750.000000	6.19125e-09	
1800.000000	6.84683e-05	1800.000000	8.11238e-05	1800.000000	8.53316e-05	1800.000000	8.09832e-05	1800.000000	8.53308e-05	1800.000000	8.11178e-05	1800.000000	6.03196e-09	
1850.000000	6.84959e-05	1850.000000	8.1113e-05	1850.000000	8.52112e-05	1850.000000	8.08692e-05	1850.000000	8.52122e-05	1850.000000	8.11071e-05	1850.000000	5.88094e-09	
1900.000000	6.85442e-05	1900.000000	8.11233e-05	1900.000000	8.51072e-05	1900.000000	8.0771e-05	1900.000000	8.51088e-05	1900.000000	8.11176e-05	1900.000000	5.73756e-09	
1950.000000	6.86119e-05	1950.000000	8.11531e-05	1950.000000	8.50179e-05	1950.000000	8.06871e-05	1950.000000	8.50198e-05	1950.000000	8.11475e-05	1950.000000	5.60125e-09	
2000.000000	6.86977e-05	2000.000000	8.12011e-05	2000.000000	8.49421e-05	2000.000000	8.06163e-05	2000.000000	8.49449e-05	2000.000000	8.11956e-05	2000.000000	5.47148e-09	
2100.000000	6.89189e-05	2100.000000	8.13459e-05	2100.000000	8.48262e-05	2100.000000	8.05095e-05	2100.000000	8.4829e-05	2100.000000	8.13407e-05	2100.000000	5.22977e-09	
2200.000000	6.91996e-05	2200.000000	8.15488e-05	2200.000000	8.47512e-05	2200.000000	8.04427e-05	2200.000000	8.47549e-05	2200.000000	8.15438e-05	2200.000000	5.0092e-09	
2300.000000	6.9533e-05	2300.000000	8.18021e-05	2300.000000	8.47102e-05	2300.000000	8.04095e-05	2300.000000	8.47135e-05	2300.000000	8.17973e-05	2300.000000	4.80708e-09	
2400.000000	6.99132e-05	2400.000000	8.20995e-05	2400.000000	8.46979e-05	2400.000000	8.04046e-05	2400.000000	8.47022e-05	2400.000000	8.20949e-05	2400.000000	4.62116e-09	
2500.000000	7.03355e-05	2500.000000	8.24357e-05	2500.000000	8.47098e-05	2500.000000	8.04237e-05	2500.000000	8.47143e-05	2500.000000	8.24313e-05	2500.000000	4.44956e-09	
2600.000000	7.07957e-05	2600.000000	8.28062e-05	2600.000000	8.47424e-05	2600.000000	8.04631e-05	2600.000000	8.47481e-05	2600.000000	8.28019e-05	2600.000000	4.29065e-09	
2700.000000	7.12902e-05	2700.000000	8.3207e-05	2700.000000	8.47928e-05	2700.000000	8.05199e-05	2700.000000	8.47986e-05	2700.000000	8.32029e-05	2700.000000	4.14307e-09	
2800.000000	7.18161e-05	2800.000000	8.3635e-05	2800.000000	8.48585e-05	2800.000000	8.05914e-05	2800.000000	8.48653e-05	2800.000000	8.3631e-05	2800.000000	4.00564e-09	
2900.000000	7.23706e-05	2900.000000	8.40872e-05	2900.000000	8.49373e-05	2900.000000	8.06755e-05	2900.000000	8.49437e-05	2900.000000	8.40833e-05	2900.000000	3.87733e-09	
3000.000000	7.29514e-05	3000.000000	8.45612e-05	3000.000000	8.50274e-05	3000.000000	8.07703e-05	3000.000000	8.50339e-05	3000.000000	8.45574e-05	3000.000000	3.75724e-09	
3200.000000	7.41842e-05	3200.000000	8.55662e-05	3200.000000	8.52347e-05	3200.000000	8.09862e-05	3200.000000	8.52405e-05	3200.000000	8.55627e-05	3200.000000	3.53877e-09	
3400.000000	7.55009e-05	3400.000000	8.66357e-05	3400.000000	8.54693e-05	3400.000000	8.1229e-05	3400.000000	8.54751e-05	3400.000000	8.66323e-05	3400.000000	3.34507e-09	
3600.000000	7.6891e-05	3600.000000	8.77586e-05	3600.000000	8.57236e-05	3600.000000	8.14914e-05	3600.000000	8.573e-05 	3600.000000	8.77554e-05	3600.000000	3.1721e-09	
3800.000000	7.83461e-05	3800.000000	8.8926e-05	3800.000000	8.59918e-05	3800.000000	8.17676e-05	3800.000000	8.5999e-05	3800.000000	8.8923e-05	3800.000000	3.01669e-09	
4000.000000	7.98593e-05	4000.000000	9.01311e-05	4000.000000	8.62698e-05	4000.000000	8.20535e-05	4000.000000	8.6278e-05	4000.000000	9.01282e-05	4000.000000	2.87625e-09	
4200.000000	8.1425e-05	4200.000000	9.13681e-05	4200.000000	8.65546e-05	4200.000000	8.23458e-05	4200.000000	8.65643e-05	4200.000000	9.13653e-05	4200.000000	2.74871e-09	
4400.000000	8.30387e-05	4400.000000	9.26323e-05	4400.000000	8.68438e-05	4400.000000	8.26421e-05	4400.000000	8.68541e-05	4400.000000	9.26297e-05	4400.000000	2.63234e-09	
4600.000000	8.46967e-05	4600.000000	9.392e-05 	4600.000000	8.71357e-05	4600.000000	8.29404e-05	4600.000000	8.71467e-05	4600.000000	9.39175e-05	4600.000000	2.52572e-09	
4800.000000	8.63956e-05	4800.000000	9.52279e-05	4800.000000	8.74286e-05	4800.000000	8.32393e-05	4800.000000	8.74398e-05	4800.000000	9.52255e-05	4800.000000	2.42767e-09	
5000.000000	8.81328e-05	5000.000000	9.65534e-05	5000.000000	8.77216e-05	5000.000000	8.35376e-05	5000.000000	8.77326e-05	5000.000000	9.65511e-05	5000.000000	2.33719e-09	
5250.000000	9.03546e-05	5250.000000	9.82316e-05	5250.000000	8.80863e-05	5250.000000	8.39083e-05	5250.000000	8.80965e-05	5250.000000	9.82294e-05	5250.000000	2.23343e-09	
5500.000000	9.2629e-05	5500.000000	9.99301e-05	5500.000000	8.84481e-05	5500.000000	8.42754e-05	5500.000000	8.8457e-05	5500.000000	9.99279e-05	5500.000000	2.13877e-09	
6000.000000	9.73231e-05	6000.000000	0.000103376	6000.000000	8.91574e-05	6000.000000	8.49955e-05	6000.000000	8.9164e-05	6000.000000	0.000103374	6000.000000	1.9723e-09	
6500.000000	0.000102195	6500.000000	0.000106874	6500.000000	8.98384e-05	6500.000000	8.56934e-05	6500.000000	8.9849e-05	6500.000000	0.000106872	6500.000000	1.83057e-09	
7000.000000	0.000107232	7000.000000	0.000110409	7000.000000	9.05036e-05	7000.000000	8.63669e-05	7000.000000	9.05097e-05	7000.000000	0.000110407	7000.000000	1.7084e-09	
7500.000000	0.000112422	7500.000000	0.000113973	7500.000000	9.11369e-05	7500.000000	8.70157e-05	7500.000000	9.11456e-05	7500.000000	0.000113971	7500.000000	1.60196e-09	
8000.000000	0.000117758	8000.000000	0.000117558	8000.000000	9.1748e-05	8000.000000	8.764e-05 	8000.000000	9.17567e-05	8000.000000	0.000117556	8000.000000	1.50838e-09	
8500.000000	0.000123234	8500.000000	0.000121159	8500.000000	9.2335e-05	8500.000000	8.82406e-05	8500.000000	9.23437e-05	8500.000000	0.000121158	8500.000000	1.42544e-09	
9000.000000	0.000128845	9000.000000	0.000124773	9000.000000	9.28973e-05	9000.000000	8.88185e-05	9000.000000	9.29079e-05	9000.000000	0.000124771	9000.000000	1.35139e-09	
9500.000000	0.000134587	9500.000000	0.000128395	9500.000000	9.34383e-05	9500.000000	8.93748e-05	9500.000000	9.34503e-05	9500.000000	0.000128394	9500.000000	1.28488e-09	
10000.000000	0.000140457	10000.000000	0.000132024	10000.000000	9.39603e-05	10000.000000	8.99107e-05	10000.000000	9.39716e-05	10000.000000	0.000132023	10000.000000	1.2248e-09	
11000.000000	0.000152574	11000.000000	0.000139295	11000.000000	9.49479e-05	11000.000000	9.09258e-05	11000.000000	9.49569e-05	11000.000000	0.000139294	11000.000000	1.12048e-09	
12000.000000	0.000165181	12000.000000	0.000146574	12000.000000	9.58649e-05	12000.000000	9.18724e-05	12000.000000	9.58721e-05	12000.000000	0.000146573	12000.000000	1.03298e-09	
13000.000000	0.000178269	13000.000000	0.000153854	13000.000000	9.67172e-05	13000.000000	9.27582e-05	13000.000000	9.67248e-05	13000.000000	0.000153853	13000.000000	9.58517e-10	
14000.000000	0.000191831	14000.000000	0.000161131	14000.000000	9.75126e-05	14000.000000	9.35897e-05	14000.000000	9.75217e-05	14000.000000	0.00016113	14000.000000	8.94344e-10	
15000.000000	0.000205864	15000.000000	0.000168401	15000.000000	9.82578e-05	15000.000000	9.43729e-05	15000.000000	9.82687e-05	15000.000000	0.0001684 	15000.000000	8.3845e-10	
16000.000000	0.000220364	16000.000000	0.000175662	16000.000000	9.89575e-05	16000.000000	9.51128e-05	16000.000000	9.89709e-05	16000.000000	0.000175661	16000.000000	7.89318e-10	
17000.000000	0.00023533	17000.000000	0.000182913	17000.000000	9.96171e-05	17000.000000	9.58136e-05	17000.000000	9.96328e-05	17000.000000	0.000182912	17000.000000	7.45779e-10	
18000.000000	0.000250761	18000.000000	0.000190152	18000.000000	0.000100241	18000.000000	9.64791e-05	18000.000000	0.000100258	18000.000000	0.000190152	18000.000000	7.06922e-10	
19000.000000	0.000266656	19000.000000	0.00019738	19000.000000	0.000100834	19000.000000	9.71126e-05	19000.000000	0.00010085	19000.000000	0.00019738	19000.000000	6.72023e-10	
20000.000000	0.000283017	20000.000000	0.000204597	20000.000000	0.000101399	20000.000000	9.77169e-05	20000.000000	0.000101411	20000.000000	0.000204596	20000.000000	6.40501e-10	
21000.000000	0.000299844	21000.000000	0.000211801	21000.000000	0.000101937	21000.000000	9.82944e-05	21000.000000	0.000101944	21000.000000	0.0002118 	21000.000000	6.11885e-10	
22000.000000	0.000317138	22000.000000	0.000218993	22000.000000	0.000102443	22000.000000	9.88476e-05	22000.000000	0.000102451	22000.000000	0.000218992	22000.000000	5.85787e-10	
23000.000000	0.0003349 	23000.000000	0.000226172	23000.000000	0.000102927	23000.000000	9.93781e-05	23000.000000	0.000102936	23000.000000	0.000226172	23000.000000	5.61885e-10	
24000.000000	0.000353131	24000.000000	0.00023334	24000.000000	0.00010339	24000.000000	9.98879e-05	24000.000000	0.000103397	24000.000000	0.00023334	24000.000000	5.39911e-10	
25000.000000	0.000371833	25000.000000	0.000240496	25000.000000	0.00010383	25000.000000	0.000100378	25000.000000	0.000103839	25000.000000	0.000240496	25000.000000	5.19638e-10	
26000.000000	0.000391008	26000.000000	0.000247641	26000.000000	0.000104252	26000.000000	0.000100851	26000.000000	0.000104261	26000.000000	0.00024764	26000.000000	5.00875e-10	
27000.000000	0.000410657	27000.000000	0.000254774	27000.000000	0.000104657	27000.000000	0.000101307	27000.000000	0.000104667	27000.000000	0.000254774	27000.000000	4.83458e-10	
28000.000000	0.000430783	28000.000000	0.000261896	28000.000000	0.000105045	28000.000000	0.000101747	28000.000000	0.000105055	28000.000000	0.000261896	28000.000000	4.67245e-10	
29000.000000	0.000451388	29000.000000	0.000269007	29000.000000	0.000105418	29000.000000	0.000102173	29000.000000	0.000105428	29000.000000	0.000269007	29000.000000	4.52114e-10	
30000.000000	0.000472473	30000.000000	0.000276108	30000.000000	0.000105777	30000.000000	0.000102585	30000.000000	0.000105786	30000.000000	0.000276107	30000.000000	4.3796e-10	
32000.000000	0.000516095	32000.000000	0.000290277	32000.000000	0.000106455	32000.000000	0.000103372	32000.000000	0.000106464	32000.000000	0.000290277	32000.000000	4.12223e-10	
34000.000000	0.000561667	34000.000000	0.000304407	34000.000000	0.000107086	34000.000000	0.000104114	34000.000000	0.000107092	34000.000000	0.000304406	34000.000000	3.8942e-10	
36000.000000	0.000609208	36000.000000	0.000318498	36000.000000	0.000107671	36000.000000	0.000104815	36000.000000	0.000107678	36000.000000	0.000318498	36000.000000	3.69073e-10	
38000.000000	0.000658738	38000.000000	0.000332553	38000.000000	0.000108216	38000.000000	0.000105479	38000.000000	0.000108225	38000.000000	0.000332552	38000.000000	3.50802e-10	
40000.000000	0.000710276	40000.000000	0.000346573	40000.000000	0.000108725	40000.000000	0.000106111	40000.000000	0.000108737	40000.000000	0.000346572	40000.000000	3.34302e-10	
42000.000000	0.000763845	42000.000000	0.000360559	42000.000000	0.000109203	42000.000000	0.000106714	42000.000000	0.000109217	42000.000000	0.000360559	42000.000000	3.19324e-10	
44000.000000	0.000819464	44000.000000	0.000374514	44000.000000	0.000109655	44000.000000	0.000107289	44000.000000	0.00010967	44000.000000	0.000374514	44000.000000	3.05667e-10	
46000.000000	0.000877155	46000.000000	0.000388438	46000.000000	0.000110084	46000.000000	0.000107839	46000.000000	0.000110095	46000.000000	0.000388437	46000.000000	2.93161e-10	
48000.000000	0.00093694	48000.000000	0.000402332	48000.000000	0.000110493	48000.000000	0.000108367	48000.000000	0.000110497	48000.000000	0.000402332	48000.000000	2.81665e-10	
50000.000000	0.000998841	50000.000000	0.000416198	50000.000000	0.000110878	50000.000000	0.000108874	50000.000000	0.000110877	50000.000000	0.000416198	50000.000000	2.7106e-10	
