! 117In energy loss (dE/dX) in He
! apply ZOOM for details
Energy (MeV/u)1	0 - [He-base] F.Hubert et al, AD&ND Tables 46(1990)1	Energy (MeV/u)2	1 - [H -base] J.F.Ziegler et al,Pergamon Press,NY(low energy)	Energy (MeV/u)3	2 - ATIMA 1.2 LS-theory (recommended for high energy)	Energy (MeV/u)4	3 - ATIMA 1.2 without LS-correction	Energy (MeV/u)5	4 - ATIMA 1.4 H.Weick, improved mean charge formula for HI	Energy (MeV/u)6	5 - electrical component of [1] - J.F.Ziegler et al	Energy (MeV/u)7	6 - nuclear component of [1] - J.F.Ziegler et al	
0.001000	12.5824   	0.001000	15.3534   	0.001000	13.308    	0.001000	13.308    	0.001000	13.3085   	0.001000	3.63183   	0.001000	11.7216   	
0.002000	12.9954   	0.002000	15.8301   	0.002000	13.3636   	0.002000	13.3636   	0.002000	13.364    	0.002000	4.70989   	0.002000	11.1202   	
0.005000	12.8989   	0.005000	15.6208   	0.005000	12.5265   	0.005000	12.5265   	0.005000	12.5268   	0.005000	6.64108   	0.005000	8.97969   	
0.008000	12.834    	0.008000	15.4649   	0.008000	12.0302   	0.008000	12.0302   	0.008000	12.0304   	0.008000	7.92107   	0.008000	7.54385   	
0.010000	12.8647   	0.010000	15.4591   	0.010000	11.8625   	0.010000	11.8625   	0.010000	11.8627   	0.010000	8.61242   	0.010000	6.84668   	
0.015000	13.0908   	0.015000	15.6458   	0.015000	11.7622   	0.015000	11.7622   	0.015000	11.7624   	0.015000	10.0267   	0.015000	5.61912   	
0.020000	13.4222   	0.020000	15.9793   	0.020000	11.9038   	0.020000	11.9038   	0.020000	11.9039   	0.020000	11.1689   	0.020000	4.81041   	
0.025000	13.7948   	0.025000	16.3748   	0.025000	12.1617   	0.025000	12.1617   	0.025000	12.1618   	0.025000	12.1437   	0.025000	4.23106   	
0.030000	14.1812   	0.030000	16.7953   	0.030000	12.4798   	0.030000	12.4798   	0.030000	12.4799   	0.030000	13.0031   	0.030000	3.79228   	
0.035000	14.5691   	0.035000	17.2234   	0.035000	12.8302   	0.035000	12.8302   	0.035000	12.8303   	0.035000	13.7769   	0.035000	3.44658   	
0.040000	14.9522   	0.040000	17.6504   	0.040000	13.1975   	0.040000	13.1975   	0.040000	13.1976   	0.040000	14.4843   	0.040000	3.16605   	
0.045000	15.3276   	0.045000	18.0715   	0.045000	13.5731   	0.045000	13.5731   	0.045000	13.5732   	0.045000	15.1384   	0.045000	2.93314   	
0.050000	15.6941   	0.050000	18.4847   	0.050000	13.9517   	0.050000	13.9517   	0.050000	13.9517   	0.050000	15.7485   	0.050000	2.73618   	
0.055000	16.0511   	0.055000	18.8886   	0.055000	14.33     	0.055000	14.33     	0.055000	14.3301   	0.055000	16.3215   	0.055000	2.56711   	
0.060000	16.3986   	0.060000	19.283    	0.060000	14.7061   	0.060000	14.7061   	0.060000	14.7062   	0.060000	16.8629   	0.060000	2.42017   	
0.070000	17.8609   	0.070000	20.0431   	0.070000	15.447    	0.070000	15.447    	0.070000	15.4471   	0.070000	17.8664   	0.070000	2.17669   	
0.080000	19.9518   	0.080000	21.6845   	0.080000	16.8821   	0.080000	16.8821   	0.080000	16.8821   	0.080000	19.702    	0.080000	1.98254   	
0.090000	21.874    	0.090000	24.4116   	0.090000	19.2003   	0.090000	19.2003   	0.090000	19.2003   	0.090000	22.6049   	0.090000	1.80671   	
0.100000	23.6659   	0.100000	27.1028   	0.100000	21.5429   	0.100000	21.5429   	0.100000	21.5429   	0.100000	25.4273   	0.100000	1.6755    	
0.120000	26.2901   	0.120000	32.2241   	0.120000	26.1312   	0.120000	26.1312   	0.120000	26.1313   	0.120000	30.7565   	0.120000	1.46757   	
0.140000	28.5325   	0.140000	36.9151   	0.140000	30.4662   	0.140000	30.4662   	0.140000	30.4662   	0.140000	35.6055   	0.140000	1.30961   	
0.160000	30.5726   	0.160000	41.1513   	0.160000	34.4637   	0.160000	34.4637   	0.160000	34.4637   	0.160000	39.9662   	0.160000	1.18508   	
0.180000	32.516    	0.180000	44.954    	0.180000	38.091    	0.180000	38.091    	0.180000	38.0911   	0.180000	43.8699   	0.180000	1.08413   	
0.200000	34.4169   	0.200000	48.3629   	0.200000	41.3482   	0.200000	41.3482   	0.200000	41.3483   	0.200000	47.3624   	0.200000	1.00044   	
0.250000	37.7323   	0.250000	55.2634   	0.250000	48.0242   	0.250000	48.0242   	0.250000	48.0243   	0.250000	54.4211   	0.250000	0.842256  	
0.300000	40.7908   	0.300000	60.5496   	0.300000	53.0167   	0.300000	53.0167   	0.300000	53.0167   	0.300000	59.8192   	0.300000	0.73041   	
0.350000	43.5948   	0.350000	64.7609   	0.350000	56.8182   	0.350000	56.8182   	0.350000	56.8183   	0.350000	64.1141   	0.350000	0.646741  	
0.400000	46.1347   	0.400000	68.186    	0.400000	59.8043   	0.400000	59.8043   	0.400000	59.8043   	0.400000	67.6044   	0.400000	0.58157   	
0.450000	48.4184   	0.450000	71.0194   	0.450000	62.2313   	0.450000	62.2313   	0.450000	62.2314   	0.450000	70.4901   	0.450000	0.529238  	
0.500000	51.1641   	0.500000	74.1839   	0.500000	64.2669   	0.500000	64.2669   	0.500000	64.267    	0.500000	73.6977   	0.500000	0.486206  	
0.600000	54.3246   	0.600000	80.4479   	0.600000	67.5578   	0.600000	67.5578   	0.600000	67.5578   	0.600000	80.0284   	0.600000	0.419437  	
0.700000	56.1146   	0.700000	85.0111   	0.700000	70.1632   	0.700000	70.1632   	0.700000	70.1633   	0.700000	84.6413   	0.700000	0.369855  	
0.800000	59.1719   	0.800000	88.3787   	0.800000	72.8699   	0.800000	72.8699   	0.800000	72.87     	0.800000	88.0472   	0.800000	0.331459  	
0.900000	61.6143   	0.900000	90.8799   	0.900000	75.5309   	0.900000	75.5309   	0.900000	75.531    	0.900000	90.5791   	0.900000	0.300774  	
1.000000	63.3895   	1.000000	92.4302   	1.000000	77.7093   	1.000000	77.7093   	1.000000	77.7094   	1.000000	92.1546   	1.000000	0.275642  	
1.250000	66.2842   	1.250000	94.5912   	1.250000	81.6087   	1.250000	81.6087   	1.250000	81.6087   	1.250000	94.3623   	1.250000	0.228894  	
1.500000	67.85     	1.500000	95.2922   	1.500000	83.9736   	1.500000	83.9736   	1.500000	83.9736   	1.500000	95.0958   	1.500000	0.196451  	
1.750000	68.1431   	1.750000	94.5352   	1.750000	85.3313   	1.750000	85.3313   	1.750000	85.3314   	1.750000	94.3627   	1.750000	0.172522  	
2.000000	67.8322   	2.000000	93.1447   	2.000000	86.005    	2.000000	86.005    	2.000000	86.0051   	2.000000	92.9906   	2.000000	0.154091  	
2.250000	67.4515   	2.250000	91.7324   	2.250000	86.2037   	2.250000	86.2037   	2.250000	86.2038   	2.250000	91.5929   	2.250000	0.139427  	
2.500000	99.0667   	2.500000	90.3193   	2.500000	86.0673   	2.500000	86.0673   	2.500000	86.0674   	2.500000	90.1918   	2.500000	0.127463  	
3.000000	96.0194   	3.000000	87.5707   	3.000000	85.1453   	3.000000	85.1453   	3.000000	85.1453   	3.000000	87.4616   	3.000000	0.109072  	
3.500000	92.6633   	3.500000	84.9266   	3.500000	83.7183   	3.500000	83.7183   	3.500000	83.7183   	3.500000	84.831    	3.500000	0.0955577 	
4.000000	89.2913   	4.000000	82.3867   	4.000000	82.0371   	4.000000	82.0371   	4.000000	82.0372   	4.000000	82.3015   	4.000000	0.0851801 	
4.500000	86.0318   	4.500000	79.9664   	4.500000	80.2397   	4.500000	80.2397   	4.500000	80.2397   	4.500000	79.8895   	4.500000	0.0769444 	
5.000000	82.9383   	5.000000	77.6691   	5.000000	78.1789   	5.000000	78.1789   	5.000000	78.1789   	5.000000	77.5988   	5.000000	0.0702392 	
5.500000	80.0285   	5.500000	75.4921   	5.500000	76.1518   	5.500000	76.1518   	5.500000	76.1519   	5.500000	75.4274   	5.500000	0.0646673 	
6.000000	77.3032   	6.000000	73.4296   	6.000000	74.2226   	6.000000	74.2226   	6.000000	74.2226   	6.000000	73.3696   	6.000000	0.0599591 	
6.500000	74.7551   	6.500000	71.4644   	6.500000	72.3868   	6.500000	72.3868   	6.500000	72.3869   	6.500000	71.4085   	6.500000	0.055925  	
7.000000	72.3732   	7.000000	69.6059   	7.000000	70.6398   	7.000000	70.6398   	7.000000	70.6398   	7.000000	69.5535   	7.000000	0.0524273 	
7.500000	70.1453   	7.500000	67.8455   	7.500000	68.9762   	7.500000	68.9762   	7.500000	68.9763   	7.500000	67.7961   	7.500000	0.049364  	
8.000000	68.0592   	8.000000	66.1681   	8.000000	67.391    	8.000000	67.391    	8.000000	67.3911   	8.000000	66.1214   	8.000000	0.0466575 	
8.500000	66.1031   	8.500000	64.5667   	8.500000	65.8793   	8.500000	65.8793   	8.500000	65.8793   	8.500000	64.5225   	8.500000	0.0442477 	
9.000000	64.2662   	9.000000	63.0521   	9.000000	64.4362   	9.000000	64.4362   	9.000000	64.4363   	9.000000	63.01     	9.000000	0.0420877 	
9.500000	62.5383   	9.500000	61.6155   	9.500000	63.0575   	9.500000	63.0575   	9.500000	63.0575   	9.500000	61.5754   	9.500000	0.0401397 	
10.000000	60.9105   	10.000000	57.7438   	10.000000	61.7389   	10.000000	61.7389   	10.000000	61.739    	10.000000	57.7054   	10.000000	0.0383735 	
11.000000	57.9225   	11.000000	56.059    	11.000000	58.7245   	11.000000	59.3719   	11.000000	59.8452   	11.000000	56.0237   	11.000000	0.0352917 	
12.000000	55.2455   	12.000000	54.4332   	12.000000	56.0151   	12.000000	57.2056   	12.000000	58.0258   	12.000000	54.4005   	12.000000	0.0326912 	
13.000000	52.8332   	13.000000	52.8756   	13.000000	53.5693   	13.000000	55.218    	13.000000	56.2897   	13.000000	52.8451   	13.000000	0.0304655 	
14.000000	50.6477   	14.000000	51.3902   	14.000000	51.3524   	14.000000	53.3892   	14.000000	54.6399   	14.000000	51.3617   	14.000000	0.0285379 	
15.000000	48.658    	15.000000	49.9776   	15.000000	49.3349   	15.000000	51.7023   	15.000000	53.0761   	15.000000	49.9508   	15.000000	0.0268513 	
16.000000	46.8383   	16.000000	48.636    	16.000000	47.4917   	16.000000	50.1424   	16.000000	51.5963   	16.000000	48.6107   	16.000000	0.0253624 	
17.000000	45.1674   	17.000000	47.3626   	17.000000	45.8032   	17.000000	48.6965   	17.000000	50.1975   	17.000000	47.3385   	17.000000	0.0240379 	
18.000000	43.6272   	18.000000	46.1538   	18.000000	44.2545   	18.000000	47.3535   	18.000000	48.8733   	18.000000	46.1309   	18.000000	0.0228516 	
19.000000	42.2027   	19.000000	45.006    	19.000000	42.8299   	19.000000	46.1035   	19.000000	47.6226   	19.000000	44.9843   	19.000000	0.0217824 	
20.000000	40.8808   	20.000000	43.9156   	20.000000	41.5141   	20.000000	44.9379   	20.000000	46.4421   	20.000000	43.8948   	20.000000	0.0208137 	
21.000000	39.6506   	21.000000	42.8789   	21.000000	40.2961   	21.000000	43.849    	21.000000	45.3229   	21.000000	42.8589   	21.000000	0.0199316 	
22.000000	38.5026   	22.000000	41.8924   	22.000000	39.1678   	22.000000	42.8304   	22.000000	44.267    	22.000000	41.8732   	22.000000	0.0191249 	
23.000000	37.4286   	23.000000	40.9528   	23.000000	38.1218   	23.000000	41.8759   	23.000000	43.2667   	23.000000	40.9345   	23.000000	0.0183841 	
24.000000	36.4215   	24.000000	40.0573   	24.000000	37.1511   	24.000000	40.9803   	24.000000	42.3209   	24.000000	40.0396   	24.000000	0.0177014 	
25.000000	35.4749   	25.000000	39.2028   	25.000000	36.2486   	25.000000	40.139    	25.000000	41.4252   	25.000000	39.1857   	25.000000	0.01707   	
27.000000	33.7425   	27.000000	37.6067   	27.000000	34.6212   	27.000000	38.6027   	27.000000	39.7733   	27.000000	37.5907   	27.000000	0.0159393 	
29.000000	32.1947   	29.000000	36.1457   	29.000000	33.1995   	29.000000	37.2382   	29.000000	38.2896   	29.000000	36.1308   	29.000000	0.0149558 	
31.000000	30.8027   	31.000000	34.8037   	31.000000	32.02     	31.000000	35.892    	31.000000	36.734    	31.000000	34.7897   	31.000000	0.0140919 	
33.000000	29.5435   	33.000000	33.567    	33.000000	31.0043   	33.000000	34.5409   	33.000000	35.13     	33.000000	33.5537   	33.000000	0.0133267 	
35.000000	28.3984   	35.000000	32.4236   	35.000000	30.0572   	35.000000	33.2981   	35.000000	33.6839   	35.000000	32.411    	35.000000	0.0126441 	
38.000000	26.8622   	38.000000	30.8619   	38.000000	28.75     	38.000000	31.6095   	38.000000	31.7607   	38.000000	30.8502   	38.000000	0.0117475 	
41.000000	25.508    	41.000000	29.4592   	41.000000	27.5657   	41.000000	30.1012   	41.000000	30.0804   	41.000000	29.4482   	41.000000	0.0109749 	
44.000000	24.3045   	44.000000	28.1924   	44.000000	26.4894   	44.000000	28.7456   	44.000000	28.5975   	44.000000	28.1821   	44.000000	0.010302  	
47.000000	23.2273   	47.000000	27.0426   	47.000000	25.5028   	47.000000	27.5202   	47.000000	27.2787   	47.000000	27.0329   	47.000000	0.00971029	
50.000000	22.2569   	50.000000	25.9943   	50.000000	24.5992   	50.000000	26.4071   	50.000000	26.097    	50.000000	25.9851   	50.000000	0.00918577	
55.000000	20.836    	55.000000	24.4385   	55.000000	23.2471   	55.000000	24.7623   	55.000000	24.3763   	55.000000	24.4301   	55.000000	0.00843205	
60.000000	19.6145   	60.000000	23.0819   	60.000000	22.0563   	60.000000	23.3348   	60.000000	22.9059   	60.000000	23.0741   	60.000000	0.00779746	
65.000000	18.5523   	65.000000	21.8885   	65.000000	20.999    	65.000000	22.0843   	65.000000	21.6341   	65.000000	21.8812   	65.000000	0.00725546	
70.000000	17.6193   	70.000000	20.8303   	70.000000	20.0578   	70.000000	20.9797   	70.000000	20.5212   	70.000000	20.8235   	70.000000	0.00678691	
75.000000	16.7927   	75.000000	19.8857   	75.000000	19.2121   	75.000000	19.9968   	75.000000	19.5868   	75.000000	19.8793   	75.000000	0.00637764	
80.000000	16.0549   	80.000000	19.0371   	80.000000	18.4482   	80.000000	19.1166   	80.000000	18.7531   	80.000000	19.0311   	80.000000	0.00601691	
85.000000	15.3919   	85.000000	18.2708   	85.000000	17.7547   	85.000000	18.3239   	85.000000	18.0035   	85.000000	18.2651   	85.000000	0.00569645	
90.000000	14.7926   	90.000000	17.5751   	90.000000	17.1221   	90.000000	17.6062   	90.000000	17.3258   	90.000000	17.5697   	90.000000	0.0054098 	
95.000000	14.2481   	95.000000	16.9409   	95.000000	16.5428   	95.000000	16.9534   	95.000000	16.7102   	95.000000	16.9357   	95.000000	0.00515179	
100.000000	13.7509   	100.000000	16.3602   	100.000000	16.0121   	100.000000	16.3571   	100.000000	16.148    	100.000000	16.3553   	100.000000	0.00491828	
105.000000	13.295    	105.000000	15.8267   	105.000000	15.5226   	105.000000	15.8104   	105.000000	15.6324   	105.000000	15.822    	105.000000	0.00470589	
110.000000	12.8753   	110.000000	15.3348   	110.000000	15.0692   	110.000000	15.3073   	110.000000	15.159    	110.000000	15.3302   	110.000000	0.00451184	
115.000000	12.4876   	115.000000	14.8797   	115.000000	14.6496   	115.000000	14.8428   	115.000000	14.7205   	115.000000	14.8754   	115.000000	0.00433381	
120.000000	12.1282   	120.000000	14.4576   	120.000000	14.2596   	120.000000	14.4126   	120.000000	14.3157   	120.000000	14.4535   	120.000000	0.00416989	
125.000000	11.794    	125.000000	14.065    	125.000000	13.8954   	125.000000	14.0132   	125.000000	13.939    	125.000000	14.061    	125.000000	0.00401842	
130.000000	11.4825   	130.000000	13.699    	130.000000	13.5548   	130.000000	13.6414   	130.000000	13.5892   	130.000000	13.6951   	130.000000	0.00387803	
135.000000	11.1913   	135.000000	13.3568   	135.000000	13.2366   	135.000000	13.2944   	135.000000	13.2616   	135.000000	13.3531   	135.000000	0.00374752	
140.000000	10.9185   	140.000000	13.0363   	140.000000	12.9378   	140.000000	12.9698   	140.000000	12.9563   	140.000000	13.0327   	140.000000	0.00362588	
145.000000	10.6623   	145.000000	12.7355   	145.000000	12.6565   	145.000000	12.6656   	145.000000	12.6687   	145.000000	12.732    	145.000000	0.00351221	
150.000000	10.4212   	150.000000	12.4526   	150.000000	12.3912   	150.000000	12.3799   	150.000000	12.3994   	150.000000	12.4492   	150.000000	0.00340575	
155.000000	10.0748   	155.000000	12.1861   	155.000000	12.1412   	155.000000	12.1111   	155.000000	12.1453   	155.000000	12.1828   	155.000000	0.00330581	
160.000000	9.87536   	160.000000	11.9346   	160.000000	11.9054   	160.000000	11.8578   	160.000000	11.9058   	160.000000	11.9314   	160.000000	0.00321182	
165.000000	9.68676   	165.000000	11.6969   	165.000000	11.6826   	165.000000	11.6186   	165.000000	11.68     	165.000000	11.6938   	165.000000	0.00312325	
170.000000	9.50818   	170.000000	11.4719   	170.000000	11.4712   	170.000000	11.3924   	170.000000	11.4654   	170.000000	11.4689   	170.000000	0.00303963	
175.000000	9.33881   	175.000000	11.2586   	175.000000	11.2702   	175.000000	11.1782   	175.000000	11.2626   	175.000000	11.2557   	175.000000	0.00296056	
180.000000	9.17797   	180.000000	11.0561   	180.000000	11.0789   	180.000000	10.9752   	180.000000	11.0702   	180.000000	11.0533   	180.000000	0.00288567	
185.000000	9.02501   	185.000000	10.8637   	185.000000	10.897    	185.000000	10.7823   	185.000000	10.8869   	185.000000	10.8609   	185.000000	0.00281463	
190.000000	8.87935   	190.000000	10.6806   	190.000000	10.7242   	190.000000	10.599    	190.000000	10.713    	190.000000	10.6778   	190.000000	0.00274715	
195.000000	8.74049   	195.000000	10.5061   	195.000000	10.5595   	195.000000	10.4246   	195.000000	10.5474   	195.000000	10.5034   	195.000000	0.00268297	
200.000000	8.60795   	200.000000	10.3397   	200.000000	10.402    	200.000000	10.2583   	200.000000	10.389    	200.000000	10.3371   	200.000000	0.00262183	
210.000000	8.36018   	210.000000	10.0289   	210.000000	10.1074   	210.000000	9.94824   	210.000000	10.0942   	210.000000	10.0264   	210.000000	0.00250789	
220.000000	8.13305   	220.000000	9.74454   	220.000000	9.83784   	220.000000	9.66497   	220.000000	9.82348   	220.000000	9.74214   	220.000000	0.00240382	
230.000000	7.92406   	230.000000	9.48333   	230.000000	9.58941   	230.000000	9.40522   	230.000000	9.57538   	230.000000	9.48103   	230.000000	0.00230838	
240.000000	7.73113   	240.000000	9.24262   	240.000000	9.36061   	240.000000	9.16622   	240.000000	9.34628   	240.000000	9.2404    	240.000000	0.00222052	
250.000000	7.55245   	250.000000	9.02011   	250.000000	9.14906   	250.000000	8.94564   	250.000000	9.13476   	250.000000	9.01798   	250.000000	0.00213937	
260.000000	7.3865    	260.000000	8.81386   	260.000000	8.95242   	260.000000	8.74146   	260.000000	8.93836   	260.000000	8.8118    	260.000000	0.00206417	
270.000000	7.23197   	270.000000	8.62217   	270.000000	8.76946   	270.000000	8.55196   	270.000000	8.75609   	270.000000	8.62018   	270.000000	0.00199428	
280.000000	7.08772   	280.000000	8.44359   	280.000000	8.59913   	280.000000	8.37565   	280.000000	8.58586   	280.000000	8.44166   	280.000000	0.00192915	
290.000000	6.95276   	290.000000	8.27683   	290.000000	8.44023   	290.000000	8.21124   	290.000000	8.42755   	290.000000	8.27496   	290.000000	0.00186831	
300.000000	6.82622   	300.000000	8.1208    	300.000000	8.29117   	300.000000	8.0576    	300.000000	8.27872   	300.000000	8.11899   	300.000000	0.00181134	
310.000000	6.70735   	310.000000	7.9745    	310.000000	8.15116   	310.000000	7.91372   	310.000000	8.13957   	310.000000	7.97275   	310.000000	0.00175787	
320.000000	6.59548   	320.000000	7.83709   	320.000000	8.01979   	320.000000	7.77873   	320.000000	8.00865   	320.000000	7.83538   	320.000000	0.0017076 	
330.000000	6.49      	330.000000	7.70779   	330.000000	7.89622   	330.000000	7.65187   	330.000000	7.88537   	330.000000	7.70613   	330.000000	0.00166023	
340.000000	6.39041   	340.000000	7.58593   	340.000000	7.77985   	340.000000	7.53245   	340.000000	7.7695    	340.000000	7.58432   	340.000000	0.00161552	
350.000000	6.29622   	350.000000	7.4709    	350.000000	7.6701    	350.000000	7.41985   	350.000000	7.65965   	350.000000	7.46933   	350.000000	0.00157325	
360.000000	6.20702   	360.000000	7.36217   	360.000000	7.56612   	360.000000	7.31352   	360.000000	7.556     	360.000000	7.36064   	360.000000	0.00153322	
370.000000	6.12243   	370.000000	7.25925   	370.000000	7.46749   	370.000000	7.21298   	370.000000	7.45812   	370.000000	7.25775   	370.000000	0.00149526	
380.000000	6.0421    	380.000000	7.1617    	380.000000	7.37414   	380.000000	7.11779   	380.000000	7.36488   	380.000000	7.16024   	380.000000	0.00145921	
390.000000	5.96574   	390.000000	7.06912   	390.000000	7.28554   	390.000000	7.02755   	390.000000	7.2766    	390.000000	7.0677    	390.000000	0.00142492	
400.000000	5.89306   	400.000000	6.98117   	400.000000	7.20106   	400.000000	6.9419    	400.000000	7.19295   	400.000000	6.97978   	400.000000	0.00139226	
410.000000	5.82382   	410.000000	6.89752   	410.000000	7.12074   	410.000000	6.86052   	410.000000	7.113     	410.000000	6.89615   	410.000000	0.00136113	
420.000000	5.75778   	420.000000	6.81787   	420.000000	7.04461   	420.000000	6.78311   	420.000000	7.037     	420.000000	6.81654   	420.000000	0.00133142	
430.000000	5.69473   	430.000000	6.74196   	430.000000	6.97217   	430.000000	6.7094    	430.000000	6.96474   	430.000000	6.74066   	430.000000	0.00130303	
440.000000	5.63448   	440.000000	6.66954   	440.000000	6.90286   	440.000000	6.63915   	440.000000	6.89568   	440.000000	6.66827   	440.000000	0.00127586	
450.000000	5.57687   	450.000000	6.6004    	450.000000	6.83655   	450.000000	6.57213   	450.000000	6.82964   	450.000000	6.59915   	450.000000	0.00124986	
460.000000	5.52172   	460.000000	6.53432   	460.000000	6.77321   	460.000000	6.50814   	460.000000	6.7667    	460.000000	6.5331    	460.000000	0.00122493	
470.000000	5.46889   	470.000000	6.47112   	470.000000	6.71271   	470.000000	6.44699   	470.000000	6.70664   	470.000000	6.46992   	470.000000	0.00120101	
480.000000	5.41825   	480.000000	6.41063   	480.000000	6.65488   	480.000000	6.38851   	480.000000	6.64888   	480.000000	6.40945   	480.000000	0.00117805	
490.000000	5.36967   	490.000000	6.35268   	490.000000	6.59952   	490.000000	6.33253   	490.000000	6.5936    	490.000000	6.35152   	490.000000	0.00115599	
500.000000	5.32303   	500.000000	6.29713   	500.000000	6.54638   	500.000000	6.27891   	500.000000	6.54072   	500.000000	6.296     	500.000000	0.00113476	
520.000000	5.23517   	520.000000	6.1927    	520.000000	6.44613   	520.000000	6.17823   	520.000000	6.44125   	520.000000	6.19161   	520.000000	0.00109466	
540.000000	5.15389   	540.000000	6.09636   	540.000000	6.354     	540.000000	6.08548   	540.000000	6.34941   	540.000000	6.09531   	540.000000	0.0010574 	
560.000000	5.07854   	560.000000	6.00728   	560.000000	6.26906   	560.000000	5.99983   	560.000000	6.26462   	560.000000	6.00626   	560.000000	0.00102268	
580.000000	5.00855   	580.000000	5.92474   	580.000000	6.19001   	580.000000	5.92055   	580.000000	6.18586   	580.000000	5.92375   	580.000000	0.000990256	
600.000000	4.9434    	600.000000	5.84809   	600.000000	6.11658   	600.000000	5.84703   	600.000000	6.11298   	600.000000	5.84713   	600.000000	0.0009599 	
620.000000	4.88267   	620.000000	5.77679   	620.000000	6.04841   	620.000000	5.7787    	620.000000	6.04488   	620.000000	5.77586   	620.000000	0.000931418	
640.000000	4.82595   	640.000000	5.71035   	640.000000	5.98495   	640.000000	5.71509   	640.000000	5.98158   	640.000000	5.70945   	640.000000	0.00090464	
660.000000	4.77292   	660.000000	5.64835   	660.000000	5.92558   	660.000000	5.65576   	660.000000	5.92249   	660.000000	5.64747   	660.000000	0.000879416	
680.000000	4.72325   	680.000000	5.59039   	680.000000	5.86988   	680.000000	5.60035   	680.000000	5.86713   	680.000000	5.58954   	680.000000	0.000855611	
700.000000	4.67669   	700.000000	5.53616   	700.000000	5.81785   	700.000000	5.54852   	700.000000	5.81546   	700.000000	5.53533   	700.000000	0.000833109	
720.000000	4.63299   	720.000000	5.48534   	720.000000	5.7693    	720.000000	5.49996   	720.000000	5.76689   	720.000000	5.48453   	720.000000	0.000811804	
740.000000	4.59194   	740.000000	5.43767   	740.000000	5.72374   	740.000000	5.45442   	740.000000	5.72129   	740.000000	5.43688   	740.000000	0.000791602	
760.000000	4.55333   	760.000000	5.39291   	760.000000	5.68075   	760.000000	5.41165   	760.000000	5.67857   	760.000000	5.39214   	760.000000	0.000772417	
780.000000	4.51699   	780.000000	5.35083   	780.000000	5.64023   	780.000000	5.37145   	780.000000	5.63824   	780.000000	5.35008   	780.000000	0.000754175	
800.000000	4.48276   	800.000000	5.31125   	800.000000	5.60211   	800.000000	5.3336    	800.000000	5.60025   	800.000000	5.31051   	800.000000	0.000736806	
820.000000	4.4505    	820.000000	5.27398   	820.000000	5.5662    	820.000000	5.29795   	820.000000	5.56454   	820.000000	5.27326   	820.000000	0.000720249	
840.000000	4.42007   	840.000000	5.23887   	840.000000	5.53234   	840.000000	5.26434   	840.000000	5.53078   	840.000000	5.23816   	840.000000	0.000704447	
860.000000	4.39136   	860.000000	5.20576   	860.000000	5.50035   	860.000000	5.23261   	860.000000	5.49883   	860.000000	5.20507   	860.000000	0.000689349	
880.000000	4.36425   	880.000000	5.17452   	880.000000	5.47013   	880.000000	5.20264   	880.000000	5.4687    	880.000000	5.17385   	880.000000	0.000674908	
900.000000	4.33865   	900.000000	5.14504   	900.000000	5.44158   	900.000000	5.17431   	900.000000	5.44029   	900.000000	5.14438   	900.000000	0.000661083	
920.000000	4.31446   	920.000000	5.1172    	920.000000	5.41457   	920.000000	5.1475    	920.000000	5.41322   	920.000000	5.11655   	920.000000	0.000647833	
940.000000	4.2916    	940.000000	5.09089   	940.000000	5.38897   	940.000000	5.12213   	940.000000	5.38762   	940.000000	5.09026   	940.000000	0.000635123	
960.000000	4.26999   	960.000000	5.06603   	960.000000	5.36464   	960.000000	5.09809   	960.000000	5.36342   	960.000000	5.06541   	960.000000	0.000622921	
980.000000	4.24956   	980.000000	5.04253   	980.000000	5.3415    	980.000000	5.07531   	980.000000	5.34049   	980.000000	5.04192   	980.000000	0.000611196	
1000.000000	4.23025   	1000.000000	5.0203    	1000.000000	5.31951   	1000.000000	5.0537    	1000.000000	5.31861   	1000.000000	5.0197    	1000.000000	0.00059992	
1020.000000	4.21198   	1020.000000	4.99928   	1020.000000	5.29866   	1020.000000	5.0332    	1020.000000	5.29784   	1020.000000	4.99869   	1020.000000	0.000589069	
1040.000000	4.19471   	1040.000000	4.9794    	1040.000000	5.27893   	1040.000000	5.01373   	1040.000000	5.27817   	1040.000000	4.97882   	1040.000000	0.000578617	
1060.000000	4.17839   	1060.000000	4.96059   	1060.000000	5.26024   	1060.000000	4.99524   	1060.000000	5.25951   	1060.000000	4.96002   	1060.000000	0.000568543	
1080.000000	4.16296   	1080.000000	4.9428    	1080.000000	5.2425    	1080.000000	4.97767   	1080.000000	5.24164   	1080.000000	4.94224   	1080.000000	0.000558827	
1100.000000	4.14837   	1100.000000	4.92597   	1100.000000	5.22561   	1100.000000	4.96097   	1100.000000	5.22468   	1100.000000	4.92542   	1100.000000	0.00054945	
1120.000000	4.1346    	1120.000000	4.91005   	1120.000000	5.20951   	1120.000000	4.94509   	1120.000000	5.20858   	1120.000000	4.90951   	1120.000000	0.000540393	
1140.000000	4.12158   	1140.000000	4.89499   	1140.000000	5.19414   	1140.000000	4.92998   	1140.000000	5.19329   	1140.000000	4.89446   	1140.000000	0.000531642	
1160.000000	4.1093    	1160.000000	4.88075   	1160.000000	5.17948   	1160.000000	4.91561   	1160.000000	5.17869   	1160.000000	4.88023   	1160.000000	0.000523179	
1180.000000	4.09772   	1180.000000	4.86729   	1180.000000	5.16551   	1180.000000	4.90192   	1180.000000	5.16474   	1180.000000	4.86678   	1180.000000	0.000514992	
1200.000000	4.08679   	1200.000000	4.85458   	1200.000000	5.1522    	1200.000000	4.88889   	1200.000000	5.15149   	1200.000000	4.85407   	1200.000000	0.000507066	
1220.000000	4.0765    	1220.000000	4.84257   	1220.000000	5.13952   	1220.000000	4.87649   	1220.000000	5.13889   	1220.000000	4.84207   	1220.000000	0.00049939	
1240.000000	4.06682   	1240.000000	4.83122   	1240.000000	5.12745   	1240.000000	4.86467   	1240.000000	5.12691   	1240.000000	4.83073   	1240.000000	0.00049195	
1260.000000	4.05771   	1260.000000	4.82052   	1260.000000	5.11596   	1260.000000	4.85341   	1260.000000	5.11543   	1260.000000	4.82004   	1260.000000	0.000484738	
1280.000000	4.04915   	1280.000000	4.81044   	1280.000000	5.105     	1280.000000	4.84269   	1280.000000	5.10446   	1280.000000	4.80996   	1280.000000	0.000477741	
1300.000000	4.04112   	1300.000000	4.80093   	1300.000000	5.09456   	1300.000000	4.83246   	1300.000000	5.09403   	1300.000000	4.80046   	1300.000000	0.000470951	
1320.000000	4.0336    	1320.000000	4.79198   	1320.000000	5.0846    	1320.000000	4.82272   	1320.000000	5.08411   	1320.000000	4.79152   	1320.000000	0.000464359	
1340.000000	4.02656   	1340.000000	4.78356   	1340.000000	5.07511   	1340.000000	4.81344   	1340.000000	5.07468   	1340.000000	4.78311   	1340.000000	0.000457955	
1360.000000	4.01999   	1360.000000	4.77566   	1360.000000	5.06605   	1360.000000	4.80459   	1360.000000	5.06565   	1360.000000	4.77521   	1360.000000	0.000451732	
1380.000000	4.01387   	1380.000000	4.76824   	1380.000000	5.05742   	1380.000000	4.79616   	1380.000000	5.05699   	1380.000000	4.76779   	1380.000000	0.000445681	
1400.000000	4.00817   	1400.000000	4.76129   	1400.000000	5.04918   	1400.000000	4.78812   	1400.000000	5.04876   	1400.000000	4.76085   	1400.000000	0.000439797	
1420.000000	4.00289   	1420.000000	4.75478   	1420.000000	5.04132   	1420.000000	4.78046   	1420.000000	5.04092   	1420.000000	4.75435   	1420.000000	0.000434072	
1440.000000	3.998     	1440.000000	4.74871   	1440.000000	5.03383   	1440.000000	4.77316   	1440.000000	5.03347   	1440.000000	4.74828   	1440.000000	0.000428499	
1460.000000	3.9935    	1460.000000	4.74304   	1460.000000	5.02669   	1460.000000	4.7662    	1460.000000	5.02638   	1460.000000	4.74262   	1460.000000	0.000423072	
1480.000000	3.98936   	1480.000000	4.73777   	1480.000000	5.01988   	1480.000000	4.75957   	1480.000000	5.01956   	1480.000000	4.73736   	1480.000000	0.000417787	
1500.000000	3.98558   	1500.000000	4.73289   	1500.000000	5.01339   	1500.000000	4.75326   	1500.000000	5.01305   	1500.000000	4.73247   	1500.000000	0.000412636	
1520.000000	3.98214   	1520.000000	4.72836   	1520.000000	5.00721   	1520.000000	4.74725   	1520.000000	5.00688   	1520.000000	4.72796   	1520.000000	0.000407616	
1540.000000	3.97902   	1540.000000	4.72419   	1540.000000	5.00131   	1540.000000	4.74152   	1540.000000	5.001     	1540.000000	4.72379   	1540.000000	0.000402721	
1560.000000	3.97623   	1560.000000	4.72036   	1560.000000	4.9957    	1560.000000	4.73607   	1560.000000	4.99542   	1560.000000	4.71996   	1560.000000	0.000397946	
1580.000000	3.97374   	1580.000000	4.71685   	1580.000000	4.99036   	1580.000000	4.73088   	1580.000000	4.99012   	1580.000000	4.71645   	1580.000000	0.000393287	
1600.000000	3.97154   	1600.000000	4.71365   	1600.000000	4.98528   	1600.000000	4.72594   	1600.000000	4.98504   	1600.000000	4.71326   	1600.000000	0.00038874	
1620.000000	3.96963   	1620.000000	4.71075   	1620.000000	4.98044   	1620.000000	4.72125   	1620.000000	4.98017   	1620.000000	4.71037   	1620.000000	0.000384301	
1640.000000	3.968     	1640.000000	4.70815   	1640.000000	4.97584   	1640.000000	4.71678   	1640.000000	4.97556   	1640.000000	4.70777   	1640.000000	0.000379966	
1660.000000	3.96664   	1660.000000	4.70583   	1660.000000	4.97146   	1660.000000	4.71254   	1660.000000	4.97118   	1660.000000	4.70545   	1660.000000	0.00037573	
1680.000000	3.96553   	1680.000000	4.70377   	1680.000000	4.9673    	1680.000000	4.70851   	1680.000000	4.96702   	1680.000000	4.7034    	1680.000000	0.000371592	
1700.000000	3.96467   	1700.000000	4.70198   	1700.000000	4.96335   	1700.000000	4.70469   	1700.000000	4.96309   	1700.000000	4.70161   	1700.000000	0.000367547	
1750.000000	3.96357   	1750.000000	4.69858   	1750.000000	4.9543    	1750.000000	4.69597   	1750.000000	4.95404   	1750.000000	4.69822   	1750.000000	0.000357823	
1800.000000	3.96387   	1800.000000	4.69662   	1800.000000	4.94636   	1800.000000	4.68836   	1800.000000	4.94611   	1800.000000	4.69627   	1800.000000	0.000348619	
1850.000000	3.96547   	1850.000000	4.69599   	1850.000000	4.9394    	1850.000000	4.68176   	1850.000000	4.93925   	1850.000000	4.69565   	1850.000000	0.000339892	
1900.000000	3.96828   	1900.000000	4.69659   	1900.000000	4.93335   	1900.000000	4.67608   	1900.000000	4.93326   	1900.000000	4.69626   	1900.000000	0.000331606	
1950.000000	3.9722    	1950.000000	4.69832   	1950.000000	4.92815   	1950.000000	4.67122   	1950.000000	4.92812   	1950.000000	4.69799   	1950.000000	0.000323729	
2000.000000	3.97717   	2000.000000	4.70109   	2000.000000	4.92372   	2000.000000	4.66713   	2000.000000	4.92378   	2000.000000	4.70078   	2000.000000	0.00031623	
2100.000000	3.98998   	2100.000000	4.70948   	2100.000000	4.91695   	2100.000000	4.66095   	2100.000000	4.91708   	2100.000000	4.70918   	2100.000000	0.000302262	
2200.000000	4.00624   	2200.000000	4.72123   	2200.000000	4.91259   	2200.000000	4.65708   	2200.000000	4.9128    	2200.000000	4.72094   	2200.000000	0.000289515	
2300.000000	4.02554   	2300.000000	4.73589   	2300.000000	4.91024   	2300.000000	4.65516   	2300.000000	4.9104    	2300.000000	4.73561   	2300.000000	0.000277835	
2400.000000	4.04756   	2400.000000	4.75311   	2400.000000	4.90956   	2400.000000	4.65488   	2400.000000	4.90975   	2400.000000	4.75284   	2400.000000	0.000267091	
2500.000000	4.07201   	2500.000000	4.77257   	2500.000000	4.91029   	2500.000000	4.65599   	2500.000000	4.91045   	2500.000000	4.77232   	2500.000000	0.000257174	
2600.000000	4.09865   	2600.000000	4.79402   	2600.000000	4.91222   	2600.000000	4.65828   	2600.000000	4.91241   	2600.000000	4.79377   	2600.000000	0.000247991	
2700.000000	4.12729   	2700.000000	4.81723   	2700.000000	4.91515   	2700.000000	4.66156   	2700.000000	4.91533   	2700.000000	4.81699   	2700.000000	0.000239462	
2800.000000	4.15773   	2800.000000	4.842     	2800.000000	4.91893   	2800.000000	4.6657    	2800.000000	4.91919   	2800.000000	4.84177   	2800.000000	0.00023152	
2900.000000	4.18984   	2900.000000	4.86818   	2900.000000	4.92344   	2900.000000	4.67057   	2900.000000	4.92373   	2900.000000	4.86796   	2900.000000	0.000224104	
3000.000000	4.22346   	3000.000000	4.89563   	3000.000000	4.92858   	3000.000000	4.67606   	3000.000000	4.92895   	3000.000000	4.89541   	3000.000000	0.000217165	
3200.000000	4.29484   	3200.000000	4.95381   	3200.000000	4.94044   	3200.000000	4.68856   	3200.000000	4.94091   	3200.000000	4.95361   	3200.000000	0.000204539	
3400.000000	4.37107   	3400.000000	5.01573   	3400.000000	4.95399   	3400.000000	4.70263   	3400.000000	4.95449   	3400.000000	5.01553   	3400.000000	0.000193344	
3600.000000	4.45155   	3600.000000	5.08074   	3600.000000	4.96881   	3600.000000	4.71781   	3600.000000	4.96924   	3600.000000	5.08055   	3600.000000	0.000183348	
3800.000000	4.5358    	3800.000000	5.14833   	3800.000000	4.98457   	3800.000000	4.73381   	3800.000000	4.9848    	3800.000000	5.14815   	3800.000000	0.000174366	
4000.000000	4.6234    	4000.000000	5.21809   	4000.000000	5.00097   	4000.000000	4.75036   	4000.000000	5.00095   	4000.000000	5.21793   	4000.000000	0.00016625	
4200.000000	4.71405   	4200.000000	5.28971   	4200.000000	5.01774   	4200.000000	4.76728   	4200.000000	5.01752   	4200.000000	5.28955   	4200.000000	0.000158878	
4400.000000	4.80748   	4400.000000	5.3629    	4400.000000	5.03467   	4400.000000	4.78444   	4400.000000	5.03429   	4400.000000	5.36275   	4400.000000	0.000152153	
4600.000000	4.90346   	4600.000000	5.43745   	4600.000000	5.05166   	4600.000000	4.80171   	4600.000000	5.05122   	4600.000000	5.4373    	4600.000000	0.000145991	
4800.000000	5.00182   	4800.000000	5.51317   	4800.000000	5.0686    	4800.000000	4.81901   	4800.000000	5.06818   	4800.000000	5.51303   	4800.000000	0.000140324	
5000.000000	5.1024    	5000.000000	5.58991   	5000.000000	5.08544   	5000.000000	4.83628   	5000.000000	5.08512   	5000.000000	5.58977   	5000.000000	0.000135095	
5250.000000	5.23103   	5250.000000	5.68707   	5250.000000	5.1063    	5250.000000	4.85774   	5250.000000	5.10618   	5250.000000	5.68694   	5250.000000	0.000129098	
5500.000000	5.3627    	5500.000000	5.7854    	5500.000000	5.12688   	5500.000000	4.879     	5500.000000	5.12703   	5500.000000	5.78528   	5500.000000	0.000123627	
6000.000000	5.63447   	6000.000000	5.98492   	6000.000000	5.16726   	6000.000000	4.92069   	6000.000000	5.16794   	6000.000000	5.98481   	6000.000000	0.000114005	
6500.000000	5.91655   	6500.000000	6.1874    	6500.000000	5.20704   	6500.000000	4.96109   	6500.000000	5.20757   	6500.000000	6.18729   	6500.000000	0.000105814	
7000.000000	6.20814   	7000.000000	6.39207   	7000.000000	5.24518   	7000.000000	5.00009   	7000.000000	5.24579   	7000.000000	6.39197   	7000.000000	9.87528e-05	
7500.000000	6.50862   	7500.000000	6.59839   	7500.000000	5.28207   	7500.000000	5.03765   	7500.000000	5.28257   	7500.000000	6.5983    	7500.000000	9.26011e-05	
8000.000000	6.81754   	8000.000000	6.80595   	8000.000000	5.3173    	8000.000000	5.07379   	8000.000000	5.31792   	8000.000000	6.80586   	8000.000000	8.71922e-05	
8500.000000	7.13456   	8500.000000	7.01444   	8500.000000	5.3512    	8500.000000	5.10856   	8500.000000	5.35187   	8500.000000	7.01436   	8500.000000	8.23981e-05	
9000.000000	7.45939   	9000.000000	7.22364   	9000.000000	5.38396   	9000.000000	5.14202   	9000.000000	5.3845    	9000.000000	7.22356   	9000.000000	7.81186e-05	
9500.000000	7.79183   	9500.000000	7.43336   	9500.000000	5.41542   	9500.000000	5.17423   	9500.000000	5.41587   	9500.000000	7.43329   	9500.000000	7.42742e-05	
10000.000000	8.1317    	10000.000000	7.64347   	10000.000000	5.44557   	10000.000000	5.20525   	10000.000000	5.44601   	10000.000000	7.6434    	10000.000000	7.08013e-05	
11000.000000	8.8332    	11000.000000	8.06441   	11000.000000	5.50236   	11000.000000	5.26402   	11000.000000	5.50298   	11000.000000	8.06435   	11000.000000	6.47716e-05	
12000.000000	9.56309   	12000.000000	8.48584   	12000.000000	5.55511   	12000.000000	5.31882   	12000.000000	5.55588   	12000.000000	8.48578   	12000.000000	5.97143e-05	
13000.000000	10.3208   	13000.000000	8.90732   	13000.000000	5.60437   	13000.000000	5.3701    	13000.000000	5.60516   	13000.000000	8.90726   	13000.000000	5.541e-05 	
14000.000000	11.106    	14000.000000	9.32859   	14000.000000	5.65058   	14000.000000	5.41824   	14000.000000	5.65121   	14000.000000	9.32854   	14000.000000	5.17006e-05	
15000.000000	11.9184   	15000.000000	9.74948   	15000.000000	5.694     	15000.000000	5.46359   	15000.000000	5.69437   	15000.000000	9.74943   	15000.000000	4.84698e-05	
16000.000000	12.7579   	16000.000000	10.1698   	16000.000000	5.73468   	16000.000000	5.50642   	16000.000000	5.73493   	16000.000000	10.1698   	16000.000000	4.56298e-05	
17000.000000	13.6243   	17000.000000	10.5896   	17000.000000	5.77285   	17000.000000	5.54699   	17000.000000	5.77316   	17000.000000	10.5896   	17000.000000	4.31131e-05	
18000.000000	14.5177   	18000.000000	11.0088   	18000.000000	5.80881   	18000.000000	5.58552   	18000.000000	5.80926   	18000.000000	11.0087   	18000.000000	4.0867e-05	
19000.000000	15.4379   	19000.000000	11.4272   	19000.000000	5.84282   	19000.000000	5.62219   	19000.000000	5.8434    	19000.000000	11.4272   	19000.000000	3.88497e-05	
20000.000000	16.3851   	20000.000000	11.845    	20000.000000	5.87512   	20000.000000	5.65718   	20000.000000	5.8758    	20000.000000	11.845    	20000.000000	3.70276e-05	
21000.000000	17.3593   	21000.000000	12.2621   	21000.000000	5.9059    	21000.000000	5.69062   	21000.000000	5.90658   	21000.000000	12.2621   	21000.000000	3.53735e-05	
22000.000000	18.3605   	22000.000000	12.6785   	22000.000000	5.93524   	22000.000000	5.72264   	22000.000000	5.93584   	22000.000000	12.6784   	22000.000000	3.38648e-05	
23000.000000	19.3888   	23000.000000	13.0941   	23000.000000	5.96309   	23000.000000	5.75336   	23000.000000	5.96378   	23000.000000	13.0941   	23000.000000	3.24832e-05	
24000.000000	20.4443   	24000.000000	13.5091   	24000.000000	5.98965   	24000.000000	5.78287   	24000.000000	5.99038   	24000.000000	13.5091   	24000.000000	3.1213e-05	
25000.000000	21.5271   	25000.000000	13.9234   	25000.000000	6.01514   	25000.000000	5.81126   	25000.000000	6.01587   	25000.000000	13.9234   	25000.000000	3.00411e-05	
26000.000000	22.6372   	26000.000000	14.337    	26000.000000	6.03956   	26000.000000	5.83862   	26000.000000	6.0402    	26000.000000	14.337    	26000.000000	2.89565e-05	
27000.000000	23.7748   	27000.000000	14.75     	27000.000000	6.06292   	27000.000000	5.86501   	27000.000000	6.06357   	27000.000000	14.75     	27000.000000	2.79496e-05	
28000.000000	24.94     	28000.000000	15.1623   	28000.000000	6.08531   	28000.000000	5.89051   	28000.000000	6.08592   	28000.000000	15.1623   	28000.000000	2.70124e-05	
29000.000000	26.1329   	29000.000000	15.574    	29000.000000	6.10681   	29000.000000	5.91516   	29000.000000	6.10742   	29000.000000	15.574    	29000.000000	2.61378e-05	
30000.000000	27.3536   	30000.000000	15.9851   	30000.000000	6.12747   	30000.000000	5.93903   	30000.000000	6.12806   	30000.000000	15.9851   	30000.000000	2.53195e-05	
32000.000000	29.8791   	32000.000000	16.8054   	32000.000000	6.16651   	32000.000000	5.98458   	32000.000000	6.16707   	32000.000000	16.8054   	32000.000000	2.38318e-05	
34000.000000	32.5174   	34000.000000	17.6235   	34000.000000	6.20277   	34000.000000	6.02751   	34000.000000	6.20325   	34000.000000	17.6234   	34000.000000	2.25136e-05	
36000.000000	35.2698   	36000.000000	18.4393   	36000.000000	6.23643   	36000.000000	6.0681    	36000.000000	6.23692   	36000.000000	18.4393   	36000.000000	2.13374e-05	
38000.000000	38.1373   	38000.000000	19.253    	38000.000000	6.26775   	38000.000000	6.10658   	38000.000000	6.26839   	38000.000000	19.253    	38000.000000	2.02811e-05	
40000.000000	41.1211   	40000.000000	20.0647   	40000.000000	6.29705   	40000.000000	6.14317   	40000.000000	6.29784   	40000.000000	20.0646   	40000.000000	1.93273e-05	
42000.000000	44.2224   	42000.000000	20.8744   	42000.000000	6.32458   	42000.000000	6.17804   	42000.000000	6.32544   	42000.000000	20.8744   	42000.000000	1.84615e-05	
44000.000000	47.4424   	44000.000000	21.6823   	44000.000000	6.35062   	44000.000000	6.21134   	44000.000000	6.35144   	44000.000000	21.6823   	44000.000000	1.76719e-05	
46000.000000	50.7825   	46000.000000	22.4884   	46000.000000	6.37537   	46000.000000	6.24321   	46000.000000	6.37587   	46000.000000	22.4884   	46000.000000	1.6949e-05	
48000.000000	54.2437   	48000.000000	23.2928   	48000.000000	6.3989    	48000.000000	6.27377   	48000.000000	6.39897   	48000.000000	23.2928   	48000.000000	1.62844e-05	
50000.000000	57.8274   	50000.000000	24.0956   	50000.000000	6.42109   	50000.000000	6.30311   	50000.000000	6.42078   	50000.000000	24.0956   	50000.000000	1.56713e-05	
