! 119Sn energy loss (dE/dX) in He
! apply ZOOM for details
Energy (MeV/u)1	0 - [He-base] F.Hubert et al, AD&ND Tables 46(1990)1	Energy (MeV/u)2	1 - [H -base] J.F.Ziegler et al,Pergamon Press,NY(low energy)	Energy (MeV/u)3	2 - ATIMA 1.2 LS-theory (recommended for high energy)	Energy (MeV/u)4	3 - ATIMA 1.2 without LS-correction	Energy (MeV/u)5	4 - ATIMA 1.4 H.Weick, improved mean charge formula for HI	Energy (MeV/u)6	5 - electrical component of [1] - J.F.Ziegler et al	Energy (MeV/u)7	6 - nuclear component of [1] - J.F.Ziegler et al	
0.001000	12.7723   	0.001000	15.6053   	0.001000	13.5278   	0.001000	13.5278   	0.001000	13.5283   	0.001000	3.67217   	0.001000	11.9331   	
0.002000	13.2044   	0.002000	16.116    	0.002000	13.6089   	0.002000	13.6089   	0.002000	13.6094   	0.002000	4.76222   	0.002000	11.3538   	
0.005000	13.105    	0.005000	15.9217   	0.005000	12.7722   	0.005000	12.7722   	0.005000	12.7726   	0.005000	6.71486   	0.005000	9.20683   	
0.008000	13.0257   	0.008000	15.7595   	0.008000	12.2603   	0.008000	12.2603   	0.008000	12.2606   	0.008000	8.00907   	0.008000	7.75046   	
0.010000	13.0475   	0.010000	15.7486   	0.010000	12.0826   	0.010000	12.0826   	0.010000	12.0829   	0.010000	8.7081    	0.010000	7.04052   	
0.015000	13.2558   	0.015000	15.925    	0.015000	11.9621   	0.015000	11.9621   	0.015000	11.9622   	0.015000	10.1381   	0.015000	5.78683   	
0.020000	13.5744   	0.020000	16.2517   	0.020000	12.0892   	0.020000	12.0892   	0.020000	12.0893   	0.020000	11.293    	0.020000	4.95865   	
0.025000	13.9374   	0.025000	16.643    	0.025000	12.3365   	0.025000	12.3365   	0.025000	12.3366   	0.025000	12.2787   	0.025000	4.36434   	
0.030000	14.3167   	0.030000	17.0612   	0.030000	12.6467   	0.030000	12.6467   	0.030000	12.6468   	0.030000	13.1475   	0.030000	3.91371   	
0.035000	14.6989   	0.035000	17.4883   	0.035000	12.9911   	0.035000	12.9911   	0.035000	12.9912   	0.035000	13.9299   	0.035000	3.55835   	
0.040000	15.0775   	0.040000	17.915    	0.040000	13.3538   	0.040000	13.3538   	0.040000	13.3539   	0.040000	14.6452   	0.040000	3.26978   	
0.045000	15.4493   	0.045000	18.3366   	0.045000	13.7257   	0.045000	13.7257   	0.045000	13.7258   	0.045000	15.3066   	0.045000	3.03006   	
0.050000	15.8128   	0.050000	18.7507   	0.050000	14.1015   	0.050000	14.1015   	0.050000	14.1015   	0.050000	15.9234   	0.050000	2.82725   	
0.055000	16.1673   	0.055000	19.1559   	0.055000	14.4776   	0.055000	14.4776   	0.055000	14.4777   	0.055000	16.5029   	0.055000	2.65309   	
0.060000	16.5128   	0.060000	19.5519   	0.060000	14.8519   	0.060000	14.8519   	0.060000	14.852    	0.060000	17.0502   	0.060000	2.50166   	
0.070000	17.6796   	0.070000	20.3155   	0.070000	15.5905   	0.070000	15.5905   	0.070000	15.5905   	0.070000	18.0649   	0.070000	2.25066   	
0.080000	19.711    	0.080000	21.5157   	0.080000	16.6965   	0.080000	16.6965   	0.080000	16.6966   	0.080000	19.4653   	0.080000	2.05041   	
0.090000	21.5788   	0.090000	24.1565   	0.090000	19.016    	0.090000	19.016    	0.090000	19.016    	0.090000	22.2877   	0.090000	1.86882   	
0.100000	23.3226   	0.100000	26.7655   	0.100000	21.3663   	0.100000	21.3663   	0.100000	21.3664   	0.100000	25.032    	0.100000	1.73344   	
0.120000	25.8764   	0.120000	31.7359   	0.120000	25.983    	0.120000	25.983    	0.120000	25.983    	0.120000	30.2171   	0.120000	1.5188    	
0.140000	28.066    	0.140000	36.2976   	0.140000	30.3584   	0.140000	30.3584   	0.140000	30.3584   	0.140000	34.942    	0.140000	1.35565   	
0.160000	30.0655   	0.160000	40.4269   	0.160000	34.4037   	0.160000	34.4037   	0.160000	34.4038   	0.160000	39.1999   	0.160000	1.22699   	
0.180000	31.9766   	0.180000	44.1435   	0.180000	38.0829   	0.180000	38.0829   	0.180000	38.0829   	0.180000	43.0208   	0.180000	1.12264   	
0.200000	33.8513   	0.200000	47.4849   	0.200000	41.3935   	0.200000	41.3935   	0.200000	41.3935   	0.200000	46.4487   	0.200000	1.03612   	
0.250000	37.4095   	0.250000	54.6191   	0.250000	48.2006   	0.250000	48.2006   	0.250000	48.2007   	0.250000	53.7466   	0.250000	0.872529  	
0.300000	40.7157   	0.300000	60.3227   	0.300000	53.3128   	0.300000	53.3128   	0.300000	53.3128   	0.300000	59.5659   	0.300000	0.756813  	
0.350000	43.7282   	0.350000	64.8856   	0.350000	57.2201   	0.350000	57.2201   	0.350000	57.2202   	0.350000	64.2154   	0.350000	0.670225  	
0.400000	46.4466   	0.400000	68.6044   	0.400000	60.2991   	0.400000	60.2991   	0.400000	60.2991   	0.400000	68.0017   	0.400000	0.602765  	
0.450000	48.8846   	0.450000	71.6832   	0.450000	62.8081   	0.450000	62.8081   	0.450000	62.8082   	0.450000	71.1346   	0.450000	0.548584  	
0.500000	51.5195   	0.500000	74.6508   	0.500000	64.917    	0.500000	64.917    	0.500000	64.917    	0.500000	74.1467   	0.500000	0.504026  	
0.600000	54.9357   	0.600000	81.3331   	0.600000	68.3338   	0.600000	68.3338   	0.600000	68.3339   	0.600000	80.8982   	0.600000	0.434875  	
0.700000	56.9224   	0.700000	86.2374   	0.700000	71.0453   	0.700000	71.0453   	0.700000	71.0453   	0.700000	85.8539   	0.700000	0.383514  	
0.800000	60.1662   	0.800000	89.8838   	0.800000	73.6281   	0.800000	73.6281   	0.800000	73.6282   	0.800000	89.54     	0.800000	0.343733  	
0.900000	62.7788   	0.900000	92.6143   	0.900000	76.4039   	0.900000	76.4039   	0.900000	76.404    	0.900000	92.3024   	0.900000	0.311938  	
1.000000	64.6134   	1.000000	94.2743   	1.000000	78.6836   	1.000000	78.6836   	1.000000	78.6837   	1.000000	93.9884   	1.000000	0.285894  	
1.250000	67.4868   	1.250000	96.3361   	1.250000	82.7901   	1.250000	82.7901   	1.250000	82.7902   	1.250000	96.0987   	1.250000	0.237441  	
1.500000	69.0473   	1.500000	96.9839   	1.500000	85.3129   	1.500000	85.3129   	1.500000	85.313    	1.500000	96.7801   	1.500000	0.203809  	
1.750000	69.4967   	1.750000	96.4277   	1.750000	86.793    	1.750000	86.793    	1.750000	86.7931   	1.750000	96.2487   	1.750000	0.178999  	
2.000000	69.2176   	2.000000	95.058    	2.000000	87.5629   	2.000000	87.5629   	2.000000	87.563    	2.000000	94.8981   	2.000000	0.159887  	
2.250000	68.863    	2.250000	93.6601   	2.250000	87.8378   	2.250000	87.8378   	2.250000	87.8378   	2.250000	93.5154   	2.250000	0.144681  	
2.500000	101.77    	2.500000	92.2566   	2.500000	87.762    	2.500000	87.762    	2.500000	87.7621   	2.500000	92.1243   	2.500000	0.132273  	
3.000000	98.7303   	3.000000	89.5083   	3.000000	86.9272   	3.000000	86.9272   	3.000000	86.9273   	3.000000	89.3951   	3.000000	0.113198  	
3.500000	95.3501   	3.500000	86.8671   	3.500000	85.5557   	3.500000	85.5557   	3.500000	85.5557   	3.500000	86.7679   	3.500000	0.0991796 	
4.000000	91.937    	4.000000	84.3223   	4.000000	83.9085   	4.000000	83.9085   	4.000000	83.9086   	4.000000	84.2339   	4.000000	0.0884139 	
4.500000	88.6274   	4.500000	81.8917   	4.500000	82.1303   	4.500000	82.1303   	4.500000	82.1304   	4.500000	81.8118   	4.500000	0.0798695 	
5.000000	85.4795   	5.000000	79.5803   	5.000000	80.1447   	5.000000	80.1447   	5.000000	80.1447   	5.000000	79.5074   	5.000000	0.0729125 	
5.500000	82.5137   	5.500000	77.3867   	5.500000	78.1015   	5.500000	78.1015   	5.500000	78.1016   	5.500000	77.3196   	5.500000	0.0671312 	
6.000000	79.7324   	6.000000	75.3064   	6.000000	76.1543   	6.000000	76.1543   	6.000000	76.1543   	6.000000	75.2441   	6.000000	0.0622457 	
6.500000	77.1292   	6.500000	73.3243   	6.500000	74.2994   	6.500000	74.2994   	6.500000	74.2995   	6.500000	73.2662   	6.500000	0.0580595 	
7.000000	74.6937   	7.000000	71.4439   	7.000000	72.5324   	7.000000	72.5324   	7.000000	72.5325   	7.000000	71.3895   	7.000000	0.0544299 	
7.500000	72.4139   	7.500000	69.6615   	7.500000	70.8484   	7.500000	70.8484   	7.500000	70.8484   	7.500000	69.6102   	7.500000	0.0512509 	
8.000000	70.2777   	8.000000	67.9694   	8.000000	69.2424   	8.000000	69.2424   	8.000000	69.2425   	8.000000	67.921    	8.000000	0.048442  	
8.500000	68.2736   	8.500000	66.3438   	8.500000	67.7098   	8.500000	67.7098   	8.500000	67.7098   	8.500000	66.2979   	8.500000	0.0459411 	
9.000000	66.3905   	9.000000	64.8036   	9.000000	66.2457   	9.000000	66.2457   	9.000000	66.2458   	9.000000	64.7599   	9.000000	0.0436993 	
9.500000	64.6184   	9.500000	63.3425   	9.500000	64.8461   	9.500000	64.8461   	9.500000	64.8461   	9.500000	63.3008   	9.500000	0.0416775 	
10.000000	62.9482   	10.000000	59.3765   	10.000000	63.5068   	10.000000	63.5068   	10.000000	63.5068   	10.000000	59.3366   	10.000000	0.0398443 	
11.000000	59.8807   	11.000000	57.6727   	11.000000	60.4273   	11.000000	61.1027   	11.000000	61.6067   	11.000000	57.6361   	11.000000	0.0366457 	
12.000000	57.1306   	12.000000	56.0283   	12.000000	57.6572   	12.000000	58.9005   	12.000000	59.7754   	12.000000	55.9944   	12.000000	0.0339463 	
13.000000	54.6509   	13.000000	54.45     	13.000000	55.155    	13.000000	56.8782   	13.000000	58.0236   	13.000000	54.4183   	13.000000	0.031636  	
14.000000	52.4033   	14.000000	52.9427   	14.000000	52.8854   	14.000000	55.0162   	14.000000	56.3554   	14.000000	52.9131   	14.000000	0.029635  	
15.000000	50.3561   	15.000000	51.5074   	15.000000	50.8186   	15.000000	53.2976   	15.000000	54.7714   	15.000000	51.4796   	15.000000	0.0278842 	
16.000000	48.4831   	16.000000	50.1429   	16.000000	48.9304   	16.000000	51.7074   	16.000000	53.2702   	16.000000	50.1165   	16.000000	0.0263386 	
17.000000	46.7625   	17.000000	48.8464   	17.000000	47.2008   	17.000000	50.2327   	17.000000	51.8494   	17.000000	48.8214   	17.000000	0.0249636 	
18.000000	45.1761   	18.000000	47.6147   	18.000000	45.6131   	18.000000	48.8623   	18.000000	50.5026   	18.000000	47.591    	18.000000	0.0237319 	
19.000000	43.7082   	19.000000	46.4443   	19.000000	44.1511   	19.000000	47.5862   	19.000000	49.2293   	19.000000	46.4217   	19.000000	0.022622  	
20.000000	42.3458   	20.000000	45.3317   	20.000000	42.8      	20.000000	46.3959   	20.000000	48.0263   	20.000000	45.31     	20.000000	0.0216162 	
21.000000	41.0775   	21.000000	44.2731   	21.000000	41.5495   	21.000000	45.2835   	21.000000	46.8847   	21.000000	44.2524   	21.000000	0.0207004 	
22.000000	39.8937   	22.000000	43.2652   	22.000000	40.3924   	22.000000	44.2425   	22.000000	45.8068   	22.000000	43.2454   	22.000000	0.0198629 	
23.000000	38.7859   	23.000000	42.3049   	23.000000	39.3198   	23.000000	43.2668   	23.000000	44.7849   	23.000000	42.2858   	23.000000	0.0190937 	
24.000000	37.7469   	24.000000	41.389    	24.000000	38.3225   	24.000000	42.3511   	24.000000	43.8181   	24.000000	41.3706   	24.000000	0.0183848 	
25.000000	36.7702   	25.000000	40.5147   	25.000000	37.3934   	25.000000	41.4906   	25.000000	42.9018   	25.000000	40.4969   	25.000000	0.0177293 	
27.000000	34.9819   	27.000000	38.8805   	27.000000	35.7201   	27.000000	39.9187   	27.000000	41.2105   	27.000000	38.864    	27.000000	0.0165553 	
29.000000	33.3838   	29.000000	37.3836   	29.000000	34.262    	29.000000	38.522    	29.000000	39.6897   	29.000000	37.368    	29.000000	0.015534  	
31.000000	31.946    	31.000000	36.0076   	31.000000	33.0558   	31.000000	37.1419   	31.000000	38.087    	31.000000	35.9929   	31.000000	0.014637  	
33.000000	30.6451   	33.000000	34.7386   	33.000000	32.0176   	33.000000	35.7545   	33.000000	36.4279   	33.000000	34.7248   	33.000000	0.0138425 	
35.000000	29.4617   	35.000000	33.5648   	35.000000	31.0486   	35.000000	34.4776   	35.000000	34.9318   	35.000000	33.5517   	35.000000	0.0131337 	
38.000000	27.8736   	38.000000	31.9605   	38.000000	29.7139   	38.000000	32.7417   	38.000000	32.9414   	38.000000	31.9483   	38.000000	0.0122026 	
41.000000	26.4732   	41.000000	30.5185   	41.000000	28.5055   	41.000000	31.1901   	41.000000	31.2011   	41.000000	30.5071   	41.000000	0.0114003 	
44.000000	25.2283   	44.000000	29.2153   	44.000000	27.402    	44.000000	29.7946   	44.000000	29.6647   	44.000000	29.2046   	44.000000	0.0107015 	
47.000000	24.1137   	47.000000	28.0318   	47.000000	26.3926   	47.000000	28.5326   	47.000000	28.2972   	47.000000	28.0217   	47.000000	0.010087  	
50.000000	23.1094   	50.000000	26.9522   	50.000000	25.4635   	50.000000	27.3855   	50.000000	27.0721   	50.000000	26.9426   	50.000000	0.00954225	
55.000000	21.6385   	55.000000	25.3488   	55.000000	24.0753   	55.000000	25.6894   	55.000000	25.2865   	55.000000	25.3401   	55.000000	0.00875947	
60.000000	20.3736   	60.000000	23.9498   	60.000000	22.8507   	60.000000	24.2165   	60.000000	23.7612   	60.000000	23.9417   	60.000000	0.0081004 	
65.000000	19.2732   	65.000000	22.7183   	65.000000	21.7664   	65.000000	22.9253   	65.000000	22.4406   	65.000000	22.7108   	65.000000	0.00753749	
70.000000	18.3065   	70.000000	21.6257   	70.000000	20.7976   	70.000000	21.784    	70.000000	21.2865   	70.000000	21.6187   	70.000000	0.00705084	
75.000000	17.4498   	75.000000	20.6499   	75.000000	19.9251   	75.000000	20.7681   	75.000000	20.3196   	75.000000	20.6432   	75.000000	0.00662575	
80.000000	16.685    	80.000000	19.7729   	80.000000	19.1395   	80.000000	19.8579   	80.000000	19.4571   	80.000000	19.7666   	80.000000	0.00625107	
85.000000	15.9976   	85.000000	18.9804   	85.000000	18.4235   	85.000000	19.0377   	85.000000	18.6816   	85.000000	18.9745   	85.000000	0.00591823	
90.000000	15.3762   	90.000000	18.2609   	90.000000	17.7724   	90.000000	18.295    	90.000000	17.9809   	90.000000	18.2553   	90.000000	0.00562048	
95.000000	14.8114   	95.000000	17.6046   	95.000000	17.1757   	95.000000	17.6191   	95.000000	17.3451   	95.000000	17.5993   	95.000000	0.00535248	
100.000000	14.2957   	100.000000	17.0036   	100.000000	16.6269   	100.000000	17.0016   	100.000000	16.7642   	100.000000	16.9985   	100.000000	0.00510993	
105.000000	13.8227   	105.000000	16.4512   	105.000000	16.1221   	105.000000	16.4352   	105.000000	16.2309   	105.000000	16.4463   	105.000000	0.00488931	
110.000000	13.3872   	110.000000	15.9417   	110.000000	15.6549   	110.000000	15.9139   	110.000000	15.7417   	110.000000	15.937    	110.000000	0.00468774	
115.000000	12.9849   	115.000000	15.4703   	115.000000	15.221    	115.000000	15.4325   	115.000000	15.2887   	115.000000	15.4658   	115.000000	0.00450282	
120.000000	12.6119   	120.000000	15.0329   	120.000000	14.8168   	120.000000	14.9866   	120.000000	14.8701   	120.000000	15.0286   	120.000000	0.00433254	
125.000000	12.2651   	125.000000	14.626    	125.000000	14.44     	125.000000	14.5724   	125.000000	14.4803   	125.000000	14.6218   	125.000000	0.0041752 	
130.000000	11.9417   	130.000000	14.2465   	130.000000	14.0885   	130.000000	14.1868   	130.000000	14.1183   	130.000000	14.2424   	130.000000	0.00402937	
135.000000	11.6394   	135.000000	13.8917   	135.000000	13.7587   	135.000000	13.8268   	135.000000	13.7794   	135.000000	13.8878   	135.000000	0.00389379	
140.000000	11.3561   	140.000000	13.5593   	140.000000	13.4496   	140.000000	13.4901   	140.000000	13.4635   	140.000000	13.5555   	140.000000	0.00376743	
145.000000	11.0901   	145.000000	13.2473   	145.000000	13.1591   	145.000000	13.1744   	145.000000	13.1659   	145.000000	13.2436   	145.000000	0.00364935	
150.000000	10.8398   	150.000000	12.9538   	150.000000	12.885    	150.000000	12.8779   	150.000000	12.8872   	150.000000	12.9503   	150.000000	0.00353875	
155.000000	10.4799   	155.000000	12.6773   	155.000000	12.6267   	155.000000	12.5989   	155.000000	12.6242   	155.000000	12.6739   	155.000000	0.00343494	
160.000000	10.2727   	160.000000	12.4163   	160.000000	12.3828   	160.000000	12.3359   	160.000000	12.3762   	160.000000	12.413    	160.000000	0.00333729	
165.000000	10.0769   	165.000000	12.1696   	165.000000	12.1515   	165.000000	12.0876   	165.000000	12.1425   	165.000000	12.1664   	165.000000	0.00324528	
170.000000	9.89139   	170.000000	11.936    	170.000000	11.9319   	170.000000	11.8528   	170.000000	11.9204   	170.000000	11.9329   	170.000000	0.00315841	
175.000000	9.71548   	175.000000	11.7146   	175.000000	11.7234   	175.000000	11.6304   	175.000000	11.7105   	175.000000	11.7115   	175.000000	0.00307627	
180.000000	9.54841   	180.000000	11.5044   	180.000000	11.5255   	180.000000	11.4195   	180.000000	11.5113   	180.000000	11.5014   	180.000000	0.00299847	
185.000000	9.38952   	185.000000	11.3046   	185.000000	11.3374   	185.000000	11.2192   	185.000000	11.3214   	185.000000	11.3016   	185.000000	0.00292467	
190.000000	9.23822   	190.000000	11.1144   	190.000000	11.1585   	190.000000	11.0288   	190.000000	11.1413   	190.000000	11.1115   	190.000000	0.00285456	
195.000000	9.09396   	195.000000	10.9331   	195.000000	10.9876   	195.000000	10.8475   	195.000000	10.9696   	195.000000	10.9304   	195.000000	0.00278788	
200.000000	8.95626   	200.000000	10.7603   	200.000000	10.8243   	200.000000	10.6748   	200.000000	10.8055   	200.000000	10.7576   	200.000000	0.00272437	
210.000000	8.69883   	210.000000	10.4375   	210.000000	10.5187   	210.000000	10.3527   	210.000000	10.5001   	210.000000	10.4349   	210.000000	0.00260599	
220.000000	8.46282   	220.000000	10.142    	220.000000	10.2391   	220.000000	10.0583   	220.000000	10.2197   	220.000000	10.1395   	220.000000	0.00249788	
230.000000	8.24566   	230.000000	9.87054   	230.000000	9.98201   	230.000000	9.78836   	230.000000	9.96262   	230.000000	9.86814   	230.000000	0.00239872	
240.000000	8.04515   	240.000000	9.62035   	240.000000	9.74416   	240.000000	9.53995   	240.000000	9.72522   	240.000000	9.61805   	240.000000	0.00230744	
250.000000	7.85945   	250.000000	9.38907   	250.000000	9.52409   	250.000000	9.31065   	250.000000	9.506     	250.000000	9.38685   	250.000000	0.00222312	
260.000000	7.68697   	260.000000	9.17465   	260.000000	9.32022   	260.000000	9.09838   	260.000000	9.30241   	260.000000	9.17251   	260.000000	0.00214499	
270.000000	7.52634   	270.000000	8.97535   	270.000000	9.1308    	270.000000	8.90137   	270.000000	9.11345   	270.000000	8.97328   	270.000000	0.00207238	
280.000000	7.3764    	280.000000	8.78966   	280.000000	8.95436   	280.000000	8.71805   	280.000000	8.93691   	280.000000	8.78766   	280.000000	0.00200472	
290.000000	7.2361    	290.000000	8.61626   	290.000000	8.78916   	290.000000	8.54709   	290.000000	8.7726    	290.000000	8.61432   	290.000000	0.0019415 	
300.000000	7.10455   	300.000000	8.45398   	300.000000	8.63392   	300.000000	8.38731   	300.000000	8.61809   	300.000000	8.4521    	300.000000	0.00188231	
310.000000	6.98097   	310.000000	8.30183   	310.000000	8.48841   	310.000000	8.23768   	310.000000	8.47377   	310.000000	8.3       	310.000000	0.00182676	
320.000000	6.86466   	320.000000	8.1589    	320.000000	8.35235   	320.000000	8.0973    	320.000000	8.33798   	320.000000	8.15713   	320.000000	0.00177452	
330.000000	6.755     	330.000000	8.02441   	330.000000	8.22402   	330.000000	7.96535   	330.000000	8.2101    	330.000000	8.02268   	330.000000	0.00172531	
340.000000	6.65144   	340.000000	7.89764   	340.000000	8.10278   	340.000000	7.84113   	340.000000	8.0899    	340.000000	7.89596   	340.000000	0.00167886	
350.000000	6.5535    	350.000000	7.77798   	350.000000	7.98847   	350.000000	7.72401   	350.000000	7.97591   	350.000000	7.77634   	350.000000	0.00163494	
360.000000	6.46075   	360.000000	7.66486   	360.000000	7.88056   	360.000000	7.61341   	360.000000	7.86836   	360.000000	7.66326   	360.000000	0.00159335	
370.000000	6.37278   	370.000000	7.55777   	370.000000	7.77839   	370.000000	7.50883   	370.000000	7.76679   	370.000000	7.55622   	370.000000	0.0015539 	
380.000000	6.28925   	380.000000	7.45627   	380.000000	7.68131   	380.000000	7.4098    	380.000000	7.67      	380.000000	7.45475   	380.000000	0.00151644	
390.000000	6.20984   	390.000000	7.35995   	390.000000	7.58903   	390.000000	7.31592   	390.000000	7.57838   	390.000000	7.35847   	390.000000	0.00148081	
400.000000	6.13426   	400.000000	7.26843   	400.000000	7.50144   	400.000000	7.22682   	400.000000	7.49154   	400.000000	7.26698   	400.000000	0.00144689	
410.000000	6.06224   	410.000000	7.18138   	410.000000	7.4182    	410.000000	7.14215   	410.000000	7.40854   	410.000000	7.17996   	410.000000	0.00141454	
420.000000	5.99356   	420.000000	7.09849   	420.000000	7.33896   	420.000000	7.06161   	420.000000	7.32964   	420.000000	7.09711   	420.000000	0.00138367	
430.000000	5.92798   	430.000000	7.0195    	430.000000	7.2635    	430.000000	6.98492   	430.000000	7.25461   	430.000000	7.01814   	430.000000	0.00135416	
440.000000	5.86532   	440.000000	6.94414   	440.000000	7.19158   	440.000000	6.91182   	440.000000	7.1829    	440.000000	6.94281   	440.000000	0.00132594	
450.000000	5.8054    	450.000000	6.87217   	450.000000	7.12289   	450.000000	6.84209   	450.000000	7.11431   	450.000000	6.87088   	450.000000	0.00129892	
460.000000	5.74804   	460.000000	6.8034    	460.000000	7.0571    	460.000000	6.77551   	460.000000	7.04891   	460.000000	6.80213   	460.000000	0.00127301	
470.000000	5.69309   	470.000000	6.73763   	470.000000	6.99407   	470.000000	6.71188   	470.000000	6.98649   	470.000000	6.73638   	470.000000	0.00124817	
480.000000	5.64041   	480.000000	6.67466   	480.000000	6.93375   	480.000000	6.65103   	480.000000	6.92645   	480.000000	6.67344   	480.000000	0.00122431	
490.000000	5.58988   	490.000000	6.61435   	490.000000	6.87603   	490.000000	6.59278   	490.000000	6.86899   	490.000000	6.61315   	490.000000	0.00120138	
500.000000	5.54137   	500.000000	6.55654   	500.000000	6.82073   	500.000000	6.53699   	500.000000	6.81407   	500.000000	6.55536   	500.000000	0.00117932	
520.000000	5.44997   	520.000000	6.44784   	520.000000	6.7168    	520.000000	6.43221   	520.000000	6.71074   	520.000000	6.4467    	520.000000	0.00113765	
540.000000	5.36542   	540.000000	6.34756   	540.000000	6.6211    	540.000000	6.33569   	540.000000	6.61534   	540.000000	6.34646   	540.000000	0.00109893	
560.000000	5.28704   	560.000000	6.25483   	560.000000	6.53249   	560.000000	6.24656   	560.000000	6.52725   	560.000000	6.25377   	560.000000	0.00106286	
580.000000	5.21422   	580.000000	6.1689    	580.000000	6.45008   	580.000000	6.16406   	580.000000	6.44542   	580.000000	6.16787   	580.000000	0.00102917	
600.000000	5.14644   	600.000000	6.08911   	600.000000	6.37389   	600.000000	6.08754   	600.000000	6.3697    	600.000000	6.08811   	600.000000	0.000997623	
620.000000	5.08325   	620.000000	6.01489   	620.000000	6.30322   	620.000000	6.01643   	620.000000	6.29892   	620.000000	6.01392   	620.000000	0.000968027	
640.000000	5.02425   	640.000000	5.94572   	640.000000	6.2371    	640.000000	5.95023   	640.000000	6.23314   	640.000000	5.94478   	640.000000	0.000940201	
660.000000	4.96907   	660.000000	5.88117   	660.000000	6.17526   	660.000000	5.88848   	660.000000	6.17172   	660.000000	5.88026   	660.000000	0.000913989	
680.000000	4.9174    	680.000000	5.82084   	680.000000	6.11753   	680.000000	5.83081   	680.000000	6.11418   	680.000000	5.81995   	680.000000	0.000889253	
700.000000	4.86895   	700.000000	5.76438   	700.000000	6.06357   	700.000000	5.77686   	700.000000	6.06047   	700.000000	5.76351   	700.000000	0.00086587	
720.000000	4.82348   	720.000000	5.71147   	720.000000	6.01301   	720.000000	5.72633   	720.000000	6.00998   	720.000000	5.71063   	720.000000	0.00084373	
740.000000	4.78077   	740.000000	5.66185   	740.000000	5.96544   	740.000000	5.67893   	740.000000	5.96258   	740.000000	5.66102   	740.000000	0.000822736	
760.000000	4.74059   	760.000000	5.61524   	760.000000	5.92057   	760.000000	5.63441   	760.000000	5.91816   	760.000000	5.61444   	760.000000	0.000802801	
780.000000	4.70278   	780.000000	5.57143   	780.000000	5.87837   	780.000000	5.59256   	780.000000	5.87623   	780.000000	5.57065   	780.000000	0.000783844	
800.000000	4.66717   	800.000000	5.53022   	800.000000	5.83881   	800.000000	5.55318   	800.000000	5.83673   	800.000000	5.52946   	800.000000	0.000765795	
820.000000	4.6336    	820.000000	5.49142   	820.000000	5.80162   	820.000000	5.51607   	820.000000	5.79959   	820.000000	5.49067   	820.000000	0.000748589	
840.000000	4.60194   	840.000000	5.45486   	840.000000	5.76649   	840.000000	5.48108   	840.000000	5.76449   	840.000000	5.45413   	840.000000	0.000732167	
860.000000	4.57206   	860.000000	5.42039   	860.000000	5.73319   	860.000000	5.44805   	860.000000	5.73126   	860.000000	5.41967   	860.000000	0.000716478	
880.000000	4.54385   	880.000000	5.38787   	880.000000	5.70166   	880.000000	5.41686   	880.000000	5.69993   	880.000000	5.38716   	880.000000	0.000701471	
900.000000	4.51721   	900.000000	5.35717   	900.000000	5.67183   	900.000000	5.38737   	900.000000	5.67037   	900.000000	5.35648   	900.000000	0.000687103	
920.000000	4.49204   	920.000000	5.32818   	920.000000	5.64363   	920.000000	5.35947   	920.000000	5.64221   	920.000000	5.32751   	920.000000	0.000673334	
940.000000	4.46825   	940.000000	5.30079   	940.000000	5.61694   	940.000000	5.33306   	940.000000	5.61558   	940.000000	5.30013   	940.000000	0.000660126	
960.000000	4.44577   	960.000000	5.27491   	960.000000	5.59165   	960.000000	5.30804   	960.000000	5.59041   	960.000000	5.27426   	960.000000	0.000647445	
980.000000	4.42451   	980.000000	5.25044   	980.000000	5.56766   	980.000000	5.28432   	980.000000	5.56656   	980.000000	5.2498    	980.000000	0.000635261	
1000.000000	4.40441   	1000.000000	5.2273    	1000.000000	5.5449    	1000.000000	5.26183   	1000.000000	5.5438    	1000.000000	5.22667   	1000.000000	0.000623543	
1020.000000	4.3854    	1020.000000	5.20541   	1020.000000	5.5233    	1020.000000	5.24049   	1020.000000	5.52219   	1020.000000	5.2048    	1020.000000	0.000612265	
1040.000000	4.36743   	1040.000000	5.18471   	1040.000000	5.50279   	1040.000000	5.22023   	1040.000000	5.50173   	1040.000000	5.18411   	1040.000000	0.000601404	
1060.000000	4.35044   	1060.000000	5.16513   	1060.000000	5.48331   	1060.000000	5.20098   	1060.000000	5.48232   	1060.000000	5.16454   	1060.000000	0.000590935	
1080.000000	4.33438   	1080.000000	5.1466    	1080.000000	5.46479   	1080.000000	5.18269   	1080.000000	5.46372   	1080.000000	5.14602   	1080.000000	0.000580838	
1100.000000	4.31921   	1100.000000	5.12907   	1100.000000	5.44716   	1100.000000	5.16531   	1100.000000	5.44608   	1100.000000	5.1285    	1100.000000	0.000571092	
1120.000000	4.30487   	1120.000000	5.1125    	1120.000000	5.43037   	1120.000000	5.14878   	1120.000000	5.42933   	1120.000000	5.11194   	1120.000000	0.000561681	
1140.000000	4.29133   	1140.000000	5.09682   	1140.000000	5.41436   	1140.000000	5.13305   	1140.000000	5.41343   	1140.000000	5.09627   	1140.000000	0.000552585	
1160.000000	4.27855   	1160.000000	5.082     	1160.000000	5.39912   	1160.000000	5.11808   	1160.000000	5.39823   	1160.000000	5.08145   	1160.000000	0.000543791	
1180.000000	4.26649   	1180.000000	5.06798   	1180.000000	5.38459   	1180.000000	5.10384   	1180.000000	5.38372   	1180.000000	5.06745   	1180.000000	0.000535282	
1200.000000	4.25513   	1200.000000	5.05474   	1200.000000	5.37077   	1200.000000	5.09028   	1200.000000	5.36993   	1200.000000	5.05421   	1200.000000	0.000527046	
1220.000000	4.24442   	1220.000000	5.04223   	1220.000000	5.3576    	1220.000000	5.07736   	1220.000000	5.35682   	1220.000000	5.04172   	1220.000000	0.000519068	
1240.000000	4.23434   	1240.000000	5.03043   	1240.000000	5.34507   	1240.000000	5.06506   	1240.000000	5.34436   	1240.000000	5.02992   	1240.000000	0.000511337	
1260.000000	4.22486   	1260.000000	5.01929   	1260.000000	5.33313   	1260.000000	5.05334   	1260.000000	5.33241   	1260.000000	5.01878   	1260.000000	0.000503841	
1280.000000	4.21595   	1280.000000	5.00878   	1280.000000	5.32175   	1280.000000	5.04218   	1280.000000	5.321     	1280.000000	5.00828   	1280.000000	0.00049657	
1300.000000	4.2076    	1300.000000	4.99888   	1300.000000	5.3109    	1300.000000	5.03154   	1300.000000	5.31014   	1300.000000	4.99839   	1300.000000	0.000489513	
1320.000000	4.19977   	1320.000000	4.98957   	1320.000000	5.30055   	1320.000000	5.0214    	1320.000000	5.29982   	1320.000000	4.98908   	1320.000000	0.000482662	
1340.000000	4.19245   	1340.000000	4.9808    	1340.000000	5.29069   	1340.000000	5.01174   	1340.000000	5.29      	1340.000000	4.98033   	1340.000000	0.000476006	
1360.000000	4.18561   	1360.000000	4.97257   	1360.000000	5.28127   	1360.000000	5.00252   	1360.000000	5.28061   	1360.000000	4.9721    	1360.000000	0.000469539	
1380.000000	4.17924   	1380.000000	4.96484   	1380.000000	5.27229   	1380.000000	4.99375   	1380.000000	5.2716    	1380.000000	4.96438   	1380.000000	0.000463251	
1400.000000	4.17332   	1400.000000	4.95761   	1400.000000	5.26372   	1400.000000	4.98538   	1400.000000	5.26303   	1400.000000	4.95715   	1400.000000	0.000457135	
1420.000000	4.16782   	1420.000000	4.95083   	1420.000000	5.25555   	1420.000000	4.97741   	1420.000000	5.25487   	1420.000000	4.95038   	1420.000000	0.000451185	
1440.000000	4.16274   	1440.000000	4.94451   	1440.000000	5.24775   	1440.000000	4.96981   	1440.000000	5.24712   	1440.000000	4.94406   	1440.000000	0.000445393	
1460.000000	4.15805   	1460.000000	4.93861   	1460.000000	5.2403    	1460.000000	4.96256   	1460.000000	5.23974   	1460.000000	4.93817   	1460.000000	0.000439754	
1480.000000	4.15375   	1480.000000	4.93313   	1480.000000	5.2332    	1480.000000	4.95567   	1480.000000	5.23265   	1480.000000	4.93269   	1480.000000	0.000434261	
1500.000000	4.14981   	1500.000000	4.92804   	1500.000000	5.22643   	1500.000000	4.94909   	1500.000000	5.22587   	1500.000000	4.92761   	1500.000000	0.000428908	
1520.000000	4.14623   	1520.000000	4.92333   	1520.000000	5.21998   	1520.000000	4.94283   	1520.000000	5.21945   	1520.000000	4.9229    	1520.000000	0.00042369	
1540.000000	4.14299   	1540.000000	4.91898   	1540.000000	5.21382   	1540.000000	4.93687   	1540.000000	5.21334   	1540.000000	4.91856   	1540.000000	0.000418603	
1560.000000	4.14008   	1560.000000	4.91499   	1560.000000	5.20796   	1560.000000	4.9312    	1560.000000	5.20753   	1560.000000	4.91457   	1560.000000	0.00041364	
1580.000000	4.13749   	1580.000000	4.91133   	1580.000000	5.20238   	1580.000000	4.92579   	1580.000000	5.20202   	1580.000000	4.91093   	1580.000000	0.000408798	
1600.000000	4.13521   	1600.000000	4.90801   	1600.000000	5.19706   	1600.000000	4.92066   	1600.000000	5.19673   	1600.000000	4.9076    	1600.000000	0.000404073	
1620.000000	4.13322   	1620.000000	4.90499   	1620.000000	5.19201   	1620.000000	4.91577   	1620.000000	5.19167   	1620.000000	4.90459   	1620.000000	0.000399459	
1640.000000	4.13153   	1640.000000	4.90228   	1640.000000	5.1872    	1640.000000	4.91112   	1640.000000	5.18687   	1640.000000	4.90188   	1640.000000	0.000394953	
1660.000000	4.13011   	1660.000000	4.89986   	1660.000000	5.18262   	1660.000000	4.90671   	1660.000000	5.18231   	1660.000000	4.89947   	1660.000000	0.000390552	
1680.000000	4.12896   	1680.000000	4.89772   	1680.000000	5.17827   	1680.000000	4.90251   	1680.000000	5.17799   	1680.000000	4.89733   	1680.000000	0.000386251	
1700.000000	4.12807   	1700.000000	4.89585   	1700.000000	5.17414   	1700.000000	4.89853   	1700.000000	5.1739    	1700.000000	4.89547   	1700.000000	0.000382047	
1750.000000	4.12693   	1750.000000	4.89231   	1750.000000	5.16469   	1750.000000	4.88946   	1750.000000	5.16449   	1750.000000	4.89194   	1750.000000	0.000371941	
1800.000000	4.12725   	1800.000000	4.89028   	1800.000000	5.15642   	1800.000000	4.88154   	1800.000000	5.15624   	1800.000000	4.88991   	1800.000000	0.000362374	
1850.000000	4.12891   	1850.000000	4.88962   	1850.000000	5.14919   	1850.000000	4.87467   	1850.000000	5.1491    	1850.000000	4.88927   	1850.000000	0.000353304	
1900.000000	4.13184   	1900.000000	4.89024   	1900.000000	5.14293   	1900.000000	4.86876   	1900.000000	5.14288   	1900.000000	4.8899    	1900.000000	0.000344693	
1950.000000	4.13593   	1950.000000	4.89204   	1950.000000	5.13754   	1950.000000	4.8637    	1950.000000	5.13752   	1950.000000	4.89171   	1950.000000	0.000336506	
2000.000000	4.14111   	2000.000000	4.89493   	2000.000000	5.13296   	2000.000000	4.85944   	2000.000000	5.13301   	2000.000000	4.8946    	2000.000000	0.000328712	
2100.000000	4.15445   	2100.000000	4.90367   	2100.000000	5.12594   	2100.000000	4.85301   	2100.000000	5.12604   	2100.000000	4.90335   	2100.000000	0.000314195	
2200.000000	4.17138   	2200.000000	4.9159    	2200.000000	5.12139   	2200.000000	4.84899   	2200.000000	5.12159   	2200.000000	4.91559   	2200.000000	0.000300947	
2300.000000	4.19149   	2300.000000	4.93117   	2300.000000	5.1189    	2300.000000	4.84699   	2300.000000	5.1191    	2300.000000	4.93088   	2300.000000	0.000288807	
2400.000000	4.21441   	2400.000000	4.94909   	2400.000000	5.11815   	2400.000000	4.8467    	2400.000000	5.11843   	2400.000000	4.94882   	2400.000000	0.00027764	
2500.000000	4.23988   	2500.000000	4.96936   	2500.000000	5.11887   	2500.000000	4.84786   	2500.000000	5.11916   	2500.000000	4.96909   	2500.000000	0.000267332	
2600.000000	4.26762   	2600.000000	4.99169   	2600.000000	5.12085   	2600.000000	4.85024   	2600.000000	5.1212    	2600.000000	4.99143   	2600.000000	0.000257788	
2700.000000	4.29744   	2700.000000	5.01585   	2700.000000	5.1239    	2700.000000	4.85366   	2700.000000	5.12425   	2700.000000	5.01561   	2700.000000	0.000248923	
2800.000000	4.32914   	2800.000000	5.04165   	2800.000000	5.12787   	2800.000000	4.85798   	2800.000000	5.12827   	2800.000000	5.04141   	2800.000000	0.000240668	
2900.000000	4.36257   	2900.000000	5.06891   	2900.000000	5.13262   	2900.000000	4.86305   	2900.000000	5.13299   	2900.000000	5.06868   	2900.000000	0.000232961	
3000.000000	4.39759   	3000.000000	5.09749   	3000.000000	5.13804   	3000.000000	4.86877   	3000.000000	5.13843   	3000.000000	5.09726   	3000.000000	0.000225748	
3200.000000	4.47191   	3200.000000	5.15807   	3200.000000	5.1505    	3200.000000	4.88179   	3200.000000	5.15088   	3200.000000	5.15786   	3200.000000	0.000212624	
3400.000000	4.55129   	3400.000000	5.22254   	3400.000000	5.16462   	3400.000000	4.89643   	3400.000000	5.16501   	3400.000000	5.22234   	3400.000000	0.000200988	
3600.000000	4.63509   	3600.000000	5.29023   	3600.000000	5.17992   	3600.000000	4.91224   	3600.000000	5.18037   	3600.000000	5.29004   	3600.000000	0.000190598	
3800.000000	4.72281   	3800.000000	5.36061   	3800.000000	5.19606   	3800.000000	4.9289    	3800.000000	5.19657   	3800.000000	5.36043   	3800.000000	0.000181262	
4000.000000	4.81403   	4000.000000	5.43325   	4000.000000	5.21281   	4000.000000	4.94613   	4000.000000	5.21337   	4000.000000	5.43308   	4000.000000	0.000172826	
4200.000000	4.90842   	4200.000000	5.50782   	4200.000000	5.22996   	4200.000000	4.96376   	4200.000000	5.23062   	4200.000000	5.50765   	4200.000000	0.000165164	
4400.000000	5.0057    	4400.000000	5.58403   	4400.000000	5.24738   	4400.000000	4.98162   	4400.000000	5.24807   	4400.000000	5.58387   	4400.000000	0.000158173	
4600.000000	5.10564   	4600.000000	5.66165   	4600.000000	5.26495   	4600.000000	4.9996    	4600.000000	5.2657    	4600.000000	5.6615    	4600.000000	0.000151769	
4800.000000	5.20805   	4800.000000	5.74049   	4800.000000	5.28259   	4800.000000	5.01762   	4800.000000	5.28334   	4800.000000	5.74035   	4800.000000	0.000145878	
5000.000000	5.31278   	5000.000000	5.8204    	5000.000000	5.30022   	5000.000000	5.0356    	5000.000000	5.30098   	5000.000000	5.82026   	5000.000000	0.000140442	
5250.000000	5.44672   	5250.000000	5.92156   	5250.000000	5.32218   	5250.000000	5.05795   	5250.000000	5.32289   	5250.000000	5.92143   	5250.000000	0.000134209	
5500.000000	5.58382   	5500.000000	6.02395   	5500.000000	5.34395   	5500.000000	5.08008   	5500.000000	5.34459   	5500.000000	6.02382   	5500.000000	0.000128522	
6000.000000	5.86679   	6000.000000	6.2317    	6000.000000	5.38666   	6000.000000	5.12349   	6000.000000	5.38716   	6000.000000	6.23158   	6000.000000	0.000118521	
6500.000000	6.1605    	6500.000000	6.44252   	6500.000000	5.42766   	6500.000000	5.16556   	6500.000000	5.4284    	6500.000000	6.44241   	6500.000000	0.000110006	
7000.000000	6.46411   	7000.000000	6.65563   	7000.000000	5.46753   	7000.000000	5.20616   	7000.000000	5.46817   	7000.000000	6.65553   	7000.000000	0.000102665	
7500.000000	6.77699   	7500.000000	6.87046   	7500.000000	5.5058    	7500.000000	5.24527   	7500.000000	5.50644   	7500.000000	6.87036   	7500.000000	9.62708e-05	
8000.000000	7.09865   	8000.000000	7.08658   	8000.000000	5.54248   	8000.000000	5.2829    	8000.000000	5.54321   	8000.000000	7.08649   	8000.000000	9.06482e-05	
8500.000000	7.42874   	8500.000000	7.30367   	8500.000000	5.57776   	8500.000000	5.31911   	8500.000000	5.57853   	8500.000000	7.30358   	8500.000000	8.56645e-05	
9000.000000	7.76696   	9000.000000	7.52149   	9000.000000	5.61174   	9000.000000	5.35394   	9000.000000	5.61247   	9000.000000	7.52141   	9000.000000	8.12158e-05	
9500.000000	8.11311   	9500.000000	7.73986   	9500.000000	5.6444    	9500.000000	5.38748   	9500.000000	5.64509   	9500.000000	7.73978   	9500.000000	7.72195e-05	
10000.000000	8.46699   	10000.000000	7.95863   	10000.000000	5.6758    	10000.000000	5.41979   	10000.000000	5.67645   	10000.000000	7.95856   	10000.000000	7.36093e-05	
11000.000000	9.19742   	11000.000000	8.39693   	11000.000000	5.73506   	11000.000000	5.48098   	11000.000000	5.73569   	11000.000000	8.39687   	11000.000000	6.7341e-05	
12000.000000	9.9574    	12000.000000	8.83573   	12000.000000	5.79005   	12000.000000	5.53804   	12000.000000	5.79069   	12000.000000	8.83567   	12000.000000	6.20837e-05	
13000.000000	10.7464   	13000.000000	9.27459   	13000.000000	5.84121   	13000.000000	5.59143   	13000.000000	5.84193   	13000.000000	9.27454   	13000.000000	5.7609e-05	
14000.000000	11.5639   	14000.000000	9.71324   	14000.000000	5.88899   	14000.000000	5.64156   	14000.000000	5.88979   	14000.000000	9.71318   	14000.000000	5.37528e-05	
15000.000000	12.4098   	15000.000000	10.1515   	15000.000000	5.93377   	15000.000000	5.68877   	15000.000000	5.93464   	15000.000000	10.1514   	15000.000000	5.03941e-05	
16000.000000	13.2839   	16000.000000	10.5892   	16000.000000	5.97582   	16000.000000	5.73337   	16000.000000	5.97679   	16000.000000	10.5891   	16000.000000	4.74416e-05	
17000.000000	14.1861   	17000.000000	11.0263   	17000.000000	6.01542   	17000.000000	5.77561   	17000.000000	6.0165    	17000.000000	11.0262   	17000.000000	4.48253e-05	
18000.000000	15.1163   	18000.000000	11.4627   	18000.000000	6.05287   	18000.000000	5.81573   	18000.000000	6.05401   	18000.000000	11.4627   	18000.000000	4.24902e-05	
19000.000000	16.0745   	19000.000000	11.8984   	19000.000000	6.08842   	19000.000000	5.85391   	19000.000000	6.08946   	19000.000000	11.8984   	19000.000000	4.0393e-05	
20000.000000	17.0608   	20000.000000	12.3334   	20000.000000	6.12229   	20000.000000	5.89034   	20000.000000	6.1231    	20000.000000	12.3334   	20000.000000	3.84987e-05	
21000.000000	18.0751   	21000.000000	12.7677   	21000.000000	6.15447   	21000.000000	5.92516   	21000.000000	6.15505   	21000.000000	12.7677   	21000.000000	3.6779e-05	
22000.000000	19.1176   	22000.000000	13.2012   	22000.000000	6.18475   	22000.000000	5.9585    	22000.000000	6.18542   	22000.000000	13.2012   	22000.000000	3.52105e-05	
23000.000000	20.1883   	23000.000000	13.634    	23000.000000	6.21361   	23000.000000	5.99048   	23000.000000	6.21442   	23000.000000	13.634    	23000.000000	3.37741e-05	
24000.000000	21.2873   	24000.000000	14.0661   	24000.000000	6.24127   	24000.000000	6.02121   	24000.000000	6.24202   	24000.000000	14.0661   	24000.000000	3.24535e-05	
25000.000000	22.4147   	25000.000000	14.4975   	25000.000000	6.26774   	25000.000000	6.05077   	25000.000000	6.26846   	25000.000000	14.4975   	25000.000000	3.12352e-05	
26000.000000	23.5706   	26000.000000	14.9282   	26000.000000	6.29304   	26000.000000	6.07926   	26000.000000	6.29369   	26000.000000	14.9282   	26000.000000	3.01076e-05	
27000.000000	24.7551   	27000.000000	15.3582   	27000.000000	6.31724   	27000.000000	6.10674   	27000.000000	6.31792   	27000.000000	15.3582   	27000.000000	2.90608e-05	
28000.000000	25.9683   	28000.000000	15.7875   	28000.000000	6.34042   	28000.000000	6.13329   	28000.000000	6.3411    	28000.000000	15.7875   	28000.000000	2.80864e-05	
29000.000000	27.2104   	29000.000000	16.2162   	29000.000000	6.36269   	29000.000000	6.15896   	29000.000000	6.36339   	29000.000000	16.2162   	29000.000000	2.71771e-05	
30000.000000	28.4815   	30000.000000	16.6442   	30000.000000	6.38409   	30000.000000	6.18381   	30000.000000	6.38478   	30000.000000	16.6442   	30000.000000	2.63264e-05	
32000.000000	31.1111   	32000.000000	17.4984   	32000.000000	6.42451   	32000.000000	6.23124   	32000.000000	6.4252    	32000.000000	17.4984   	32000.000000	2.47796e-05	
34000.000000	33.8582   	34000.000000	18.3501   	34000.000000	6.46205   	34000.000000	6.27594   	34000.000000	6.46267   	34000.000000	18.3501   	34000.000000	2.34091e-05	
36000.000000	36.724    	36000.000000	19.1996   	36000.000000	6.49692   	36000.000000	6.3182    	36000.000000	6.49754   	36000.000000	19.1996   	36000.000000	2.21862e-05	
38000.000000	39.7098   	38000.000000	20.0468   	38000.000000	6.52941   	38000.000000	6.35827   	38000.000000	6.53012   	38000.000000	20.0468   	38000.000000	2.10881e-05	
40000.000000	42.8166   	40000.000000	20.892    	40000.000000	6.55982   	40000.000000	6.39636   	40000.000000	6.56059   	40000.000000	20.892    	40000.000000	2.00964e-05	
42000.000000	46.0458   	42000.000000	21.7351   	42000.000000	6.58839   	42000.000000	6.43267   	42000.000000	6.58915   	42000.000000	21.7351   	42000.000000	1.91962e-05	
44000.000000	49.3986   	44000.000000	22.5763   	44000.000000	6.61537   	44000.000000	6.46734   	44000.000000	6.61603   	44000.000000	22.5763   	44000.000000	1.83753e-05	
46000.000000	52.8764   	46000.000000	23.4157   	46000.000000	6.64099   	46000.000000	6.50053   	46000.000000	6.6413    	46000.000000	23.4156   	46000.000000	1.76236e-05	
48000.000000	56.4803   	48000.000000	24.2532   	48000.000000	6.66532   	48000.000000	6.53234   	48000.000000	6.66518   	48000.000000	24.2532   	48000.000000	1.69326e-05	
50000.000000	60.2118   	50000.000000	25.0891   	50000.000000	6.68825   	50000.000000	6.5629    	50000.000000	6.68772   	50000.000000	25.0891   	50000.000000	1.62952e-05	
