! 126Te energy loss (dE/dX) in He
! apply ZOOM for details
Energy (MeV/u)1	0 - [He-base] F.Hubert et al, AD&ND Tables 46(1990)1	Energy (MeV/u)2	1 - [H -base] J.F.Ziegler et al,Pergamon Press,NY(low energy)	Energy (MeV/u)3	2 - ATIMA 1.2 LS-theory (recommended for high energy)	Energy (MeV/u)4	3 - ATIMA 1.2 without LS-correction	Energy (MeV/u)5	4 - ATIMA 1.4 H.Weick, improved mean charge formula for HI	Energy (MeV/u)6	5 - electrical component of [1] - J.F.Ziegler et al	Energy (MeV/u)7	6 - nuclear component of [1] - J.F.Ziegler et al	
0.001000	13.1593   	0.001000	16.1111   	0.001000	13.9703   	0.001000	13.9703   	0.001000	13.9708   	0.001000	3.75066   	0.001000	12.3604   	
0.002000	13.6268   	0.002000	16.6894   	0.002000	14.1019   	0.002000	14.1019   	0.002000	14.1024   	0.002000	4.864     	0.002000	11.8253   	
0.005000	13.5166   	0.005000	16.5246   	0.005000	13.2657   	0.005000	13.2657   	0.005000	13.266    	0.005000	6.85838   	0.005000	9.66627   	
0.008000	13.4057   	0.008000	16.3494   	0.008000	12.722    	0.008000	12.722    	0.008000	12.7223   	0.008000	8.18025   	0.008000	8.16916   	
0.010000	13.4082   	0.010000	16.3279   	0.010000	12.5239   	0.010000	12.5239   	0.010000	12.5241   	0.010000	8.89421   	0.010000	7.43372   	
0.015000	13.5777   	0.015000	16.4824   	0.015000	12.3618   	0.015000	12.3618   	0.015000	12.3619   	0.015000	10.3548   	0.015000	6.12762   	
0.020000	13.8682   	0.020000	16.7946   	0.020000	12.4587   	0.020000	12.4587   	0.020000	12.4589   	0.020000	11.5344   	0.020000	5.26023   	
0.025000	14.2103   	0.025000	17.1768   	0.025000	12.6839   	0.025000	12.6839   	0.025000	12.684    	0.025000	12.5411   	0.025000	4.63573   	
0.030000	14.5734   	0.030000	17.5896   	0.030000	12.9774   	0.030000	12.9774   	0.030000	12.9775   	0.030000	13.4285   	0.030000	4.16111   	
0.035000	14.9428   	0.035000	18.0138   	0.035000	13.3089   	0.035000	13.3089   	0.035000	13.309    	0.035000	14.2276   	0.035000	3.7862    	
0.040000	15.311    	0.040000	18.4396   	0.040000	13.6615   	0.040000	13.6615   	0.040000	13.6616   	0.040000	14.9582   	0.040000	3.48134   	
0.045000	15.6743   	0.045000	18.8615   	0.045000	14.0255   	0.045000	14.0255   	0.045000	14.0255   	0.045000	15.6337   	0.045000	3.2278    	
0.050000	16.0307   	0.050000	19.2769   	0.050000	14.3948   	0.050000	14.3948   	0.050000	14.3949   	0.050000	16.2638   	0.050000	3.0131    	
0.055000	16.3793   	0.055000	19.6842   	0.055000	14.7658   	0.055000	14.7658   	0.055000	14.7659   	0.055000	16.8556   	0.055000	2.82859   	
0.060000	16.7196   	0.060000	20.0827   	0.060000	15.1361   	0.060000	15.1361   	0.060000	15.1362   	0.060000	17.4146   	0.060000	2.66807   	
0.070000	17.3841   	0.070000	20.8527   	0.070000	15.8688   	0.070000	15.8688   	0.070000	15.8688   	0.070000	18.451    	0.070000	2.40175   	
0.080000	19.3641   	0.080000	21.5875   	0.080000	16.5859   	0.080000	16.5859   	0.080000	16.586    	0.080000	19.3984   	0.080000	2.18909   	
0.090000	21.1896   	0.090000	23.8394   	0.090000	18.6366   	0.090000	18.6366   	0.090000	18.6366   	0.090000	21.8246   	0.090000	2.01482   	
0.100000	22.901    	0.100000	26.363    	0.100000	20.978    	0.100000	20.978    	0.100000	20.9781   	0.100000	24.5112   	0.100000	1.85188   	
0.120000	25.4232   	0.120000	31.2243   	0.120000	25.6421   	0.120000	25.6421   	0.120000	25.6421   	0.120000	29.6008   	0.120000	1.62356   	
0.140000	27.5995   	0.140000	35.7065   	0.140000	30.0906   	0.140000	30.0906   	0.140000	30.0907   	0.140000	34.2567   	0.140000	1.44983   	
0.160000	29.5968   	0.160000	39.7823   	0.160000	34.2253   	0.160000	34.2253   	0.160000	34.2254   	0.160000	38.4695   	0.160000	1.31273   	
0.180000	31.5129   	0.180000	43.4674   	0.180000	38.003    	0.180000	38.003    	0.180000	38.0031   	0.180000	42.2659   	0.180000	1.20146   	
0.200000	33.398    	0.200000	46.7956   	0.200000	41.4165   	0.200000	41.4165   	0.200000	41.4165   	0.200000	45.6864   	0.200000	1.10917   	
0.250000	37.225    	0.250000	54.1342   	0.250000	48.4797   	0.250000	48.4797   	0.250000	48.4798   	0.250000	53.1996   	0.250000	0.934523  	
0.300000	40.9951   	0.300000	60.6151   	0.300000	53.8286   	0.300000	53.8286   	0.300000	53.8286   	0.300000	59.8042   	0.300000	0.810899  	
0.350000	44.4028   	0.350000	65.8352   	0.350000	57.9465   	0.350000	57.9465   	0.350000	57.9465   	0.350000	65.1169   	0.350000	0.718341  	
0.400000	47.4619   	0.400000	70.1041   	0.400000	61.2113   	0.400000	61.2113   	0.400000	61.2113   	0.400000	69.4579   	0.400000	0.646197  	
0.450000	50.1956   	0.450000	73.6428   	0.450000	63.8851   	0.450000	63.8851   	0.450000	63.8852   	0.450000	73.0546   	0.450000	0.588236  	
0.500000	52.6329   	0.500000	76.6101   	0.500000	66.1413   	0.500000	66.1413   	0.500000	66.1413   	0.500000	76.0696   	0.500000	0.540552  	
0.600000	56.3709   	0.600000	83.4852   	0.600000	69.8125   	0.600000	69.8125   	0.600000	69.8125   	0.600000	83.0187   	0.600000	0.466525  	
0.700000	58.6384   	0.700000	88.8866   	0.700000	72.7382   	0.700000	72.7382   	0.700000	72.7383   	0.700000	88.475    	0.700000	0.411521  	
0.800000	62.1689   	0.800000	92.943    	0.800000	75.154    	0.800000	75.154    	0.800000	75.1541   	0.800000	92.5741   	0.800000	0.368906  	
0.900000	65.0282   	0.900000	96.014    	0.900000	78.0673   	0.900000	78.0673   	0.900000	78.0674   	0.900000	95.6792   	0.900000	0.334835  	
1.000000	67.1771   	1.000000	98.1659   	1.000000	80.5511   	1.000000	80.5511   	1.000000	80.5511   	1.000000	97.859    	1.000000	0.306922  	
1.250000	69.9661   	1.250000	99.9527   	1.250000	85.0762   	1.250000	85.0762   	1.250000	85.0763   	1.250000	99.6977   	1.250000	0.254975  	
1.500000	71.4887   	1.500000	100.447   	1.500000	87.9196   	1.500000	87.9196   	1.500000	87.9196   	1.500000	100.228   	1.500000	0.218905  	
1.750000	72.1706   	1.750000	100.168   	1.750000	89.6496   	1.750000	89.6496   	1.750000	89.6497   	1.750000	99.9761   	1.750000	0.19229   	
2.000000	71.9584   	2.000000	98.8449   	2.000000	90.6167   	2.000000	90.6167   	2.000000	90.6167   	2.000000	98.6731   	2.000000	0.171784  	
2.250000	71.6586   	2.250000	97.4797   	2.250000	91.0486   	2.250000	91.0486   	2.250000	91.0487   	2.250000	97.3243   	2.250000	0.155464  	
2.500000	107.173   	2.500000	96.0987   	2.500000	91.0988   	2.500000	91.0988   	2.500000	91.0988   	2.500000	95.9566   	2.500000	0.142146  	
3.000000	104.163   	3.000000	93.3551   	3.000000	90.4468   	3.000000	90.4468   	3.000000	90.4469   	3.000000	93.2334   	3.000000	0.121668  	
3.500000	100.744   	3.500000	90.7251   	3.500000	89.1934   	3.500000	89.1934   	3.500000	89.1935   	3.500000	90.6184   	3.500000	0.106615  	
4.000000	97.2564   	4.000000	88.1749   	4.000000	87.6209   	4.000000	87.6209   	4.000000	87.6209   	4.000000	88.0799   	4.000000	0.0950532 	
4.500000	93.8526   	4.500000	85.7278   	4.500000	85.887    	4.500000	85.887    	4.500000	85.8871   	4.500000	85.6419   	4.500000	0.0858755 	
5.000000	90.6006   	5.000000	83.3905   	5.000000	84.0695   	5.000000	84.0695   	5.000000	84.0696   	5.000000	83.3121   	5.000000	0.078402  	
5.500000	87.5265   	5.500000	81.1418   	5.500000	81.9971   	5.500000	81.9971   	5.500000	81.9972   	5.500000	81.0696   	5.500000	0.0721907 	
6.000000	84.6362   	6.000000	79.0134   	6.000000	80.0169   	6.000000	80.0169   	6.000000	80.017    	6.000000	78.9464   	6.000000	0.0669415 	
6.500000	81.9251   	6.500000	76.9971   	6.500000	78.1264   	6.500000	78.1264   	6.500000	78.1264   	6.500000	76.9347   	6.500000	0.0624432 	
7.000000	79.3842   	7.000000	75.0941   	7.000000	76.3218   	7.000000	76.3218   	7.000000	76.3219   	7.000000	75.0355   	7.000000	0.0585427 	
7.500000	77.0021   	7.500000	73.2825   	7.500000	74.599    	7.500000	74.599    	7.500000	74.599    	7.500000	73.2274   	7.500000	0.0551262 	
8.000000	74.7671   	8.000000	71.557    	8.000000	72.9534   	8.000000	72.9534   	8.000000	72.9535   	8.000000	71.5049   	8.000000	0.0521073 	
8.500000	72.6677   	8.500000	69.9113   	8.500000	71.3807   	8.500000	71.3807   	8.500000	71.3807   	8.500000	69.8618   	8.500000	0.0494192 	
9.000000	70.6932   	9.000000	68.3204   	9.000000	69.8764   	9.000000	69.8764   	9.000000	69.8765   	9.000000	68.2733   	9.000000	0.0470095 	
9.500000	68.8333   	9.500000	66.8109   	9.500000	68.4365   	9.500000	68.4365   	9.500000	68.4366   	9.500000	66.7661   	9.500000	0.0448362 	
10.000000	67.0787   	10.000000	62.6563   	10.000000	67.0571   	10.000000	67.0571   	10.000000	67.0572   	10.000000	62.6134   	10.000000	0.0428655 	
11.000000	63.8528   	11.000000	60.9129   	11.000000	63.8492   	11.000000	64.5817   	11.000000	65.1497   	11.000000	60.8734   	11.000000	0.0394268 	
12.000000	60.9568   	12.000000	59.2334   	12.000000	60.9597   	12.000000	62.3099   	12.000000	63.2994   	12.000000	59.1969   	12.000000	0.0365245 	
13.000000	58.3426   	13.000000	57.6162   	13.000000	58.346    	13.000000	60.2204   	13.000000	61.5202   	13.000000	57.5822   	13.000000	0.0340405 	
14.000000	55.9706   	14.000000	56.0673   	14.000000	55.9719   	14.000000	58.2937   	14.000000	59.8187   	14.000000	56.0354   	14.000000	0.0318889 	
15.000000	53.8081   	15.000000	54.5887   	15.000000	53.8075   	15.000000	56.5132   	15.000000	58.1974   	15.000000	54.5587   	15.000000	0.0300061 	
16.000000	51.8281   	16.000000	53.18     	16.000000	51.8295   	16.000000	54.8639   	16.000000	56.6562   	16.000000	53.1516   	16.000000	0.028344  	
17.000000	50.0079   	17.000000	51.8389   	17.000000	50.0167   	17.000000	53.3329   	17.000000	55.1936   	17.000000	51.8121   	17.000000	0.0268652 	
18.000000	48.3284   	18.000000	50.5629   	18.000000	48.3485   	18.000000	51.9087   	18.000000	53.8038   	18.000000	50.5373   	18.000000	0.0255406 	
19.000000	46.7735   	19.000000	49.3485   	19.000000	46.8104   	19.000000	50.5816   	19.000000	52.4871   	19.000000	49.3241   	19.000000	0.0243468 	
20.000000	45.3295   	20.000000	48.1923   	20.000000	45.3917   	20.000000	49.3425   	20.000000	51.2406   	20.000000	48.1691   	20.000000	0.023265  	
21.000000	43.9845   	21.000000	47.0911   	21.000000	44.0803   	21.000000	48.184    	21.000000	50.0557   	21.000000	47.0688   	21.000000	0.02228   	
22.000000	42.7285   	22.000000	46.0414   	22.000000	42.8639   	22.000000	47.099    	22.000000	48.9351   	22.000000	46.02     	22.000000	0.0213791 	
23.000000	41.5526   	23.000000	45.0401   	23.000000	41.7335   	23.000000	46.0814   	23.000000	47.8711   	23.000000	45.0196   	23.000000	0.0205517 	
24.000000	40.4492   	24.000000	44.0842   	24.000000	40.6827   	24.000000	45.1259   	24.000000	46.863    	24.000000	44.0644   	24.000000	0.0197892 	
25.000000	39.4115   	25.000000	43.1709   	25.000000	39.7046   	25.000000	44.2276   	25.000000	45.9065   	25.000000	43.1518   	25.000000	0.0190839 	
27.000000	37.5107   	27.000000	41.4617   	27.000000	37.9411   	27.000000	42.5856   	27.000000	44.1377   	27.000000	41.4439   	27.000000	0.017821  	
29.000000	35.8107   	29.000000	39.8936   	29.000000	36.405    	29.000000	41.1254   	29.000000	42.5438   	29.000000	39.8769   	29.000000	0.0167222 	
31.000000	34.2804   	31.000000	38.4501   	31.000000	35.1431   	31.000000	39.678    	31.000000	40.8471   	31.000000	38.4344   	31.000000	0.0157571 	
33.000000	32.8949   	33.000000	37.1173   	33.000000	34.0612   	33.000000	38.2184   	33.000000	39.0781   	33.000000	37.1024   	33.000000	0.0149023 	
35.000000	31.634    	35.000000	35.8831   	35.000000	33.0532   	35.000000	36.8736   	35.000000	37.4814   	35.000000	35.8689   	35.000000	0.0141396 	
38.000000	29.9407   	38.000000	34.1938   	38.000000	31.6643   	38.000000	35.0433   	38.000000	35.3557   	38.000000	34.1807   	38.000000	0.0131378 	
41.000000	28.4468   	41.000000	32.6734   	41.000000	30.3996   	41.000000	33.4052   	41.000000	33.4953   	41.000000	32.6611   	41.000000	0.0122744 	
44.000000	27.1179   	44.000000	31.2976   	44.000000	29.2452   	44.000000	31.9301   	44.000000	31.8506   	44.000000	31.286    	44.000000	0.0115224 	
47.000000	25.9274   	47.000000	30.0467   	47.000000	28.1883   	47.000000	30.5945   	47.000000	30.3857   	47.000000	30.0358   	47.000000	0.0108611 	
50.000000	24.8542   	50.000000	28.9043   	50.000000	27.2171   	50.000000	29.3794   	50.000000	29.0712   	50.000000	28.894    	50.000000	0.0102749 	
55.000000	23.2815   	55.000000	27.2057   	55.000000	25.7573   	55.000000	27.5805   	55.000000	27.1547   	55.000000	27.1963   	55.000000	0.00943241	
60.000000	21.9282   	60.000000	25.7215   	60.000000	24.4687   	60.000000	26.016    	60.000000	25.5145   	60.000000	25.7128   	60.000000	0.00872304	
65.000000	20.7503   	65.000000	24.4133   	65.000000	23.3257   	65.000000	24.6429   	65.000000	24.0949   	65.000000	24.4051   	65.000000	0.00811714	
70.000000	19.7149   	70.000000	23.2514   	70.000000	22.3031   	70.000000	23.4279   	70.000000	22.8526   	70.000000	23.2438   	70.000000	0.00759332	
75.000000	18.7969   	75.000000	22.2125   	75.000000	21.3808   	75.000000	22.3452   	75.000000	21.8212   	75.000000	22.2054   	75.000000	0.00713573	
80.000000	17.9771   	80.000000	21.2781   	80.000000	20.5492   	80.000000	21.3743   	80.000000	20.8993   	80.000000	21.2713   	80.000000	0.0067324 	
85.000000	17.2399   	85.000000	20.433    	85.000000	19.7931   	85.000000	20.4987   	85.000000	20.0701   	85.000000	20.4266   	85.000000	0.00637408	
90.000000	16.5733   	90.000000	19.6651   	90.000000	19.1      	90.000000	19.7052   	90.000000	19.321    	90.000000	19.659    	90.000000	0.00605354	
95.000000	15.9672   	95.000000	18.9642   	95.000000	18.4667   	95.000000	18.9827   	95.000000	18.6419   	95.000000	18.9584   	95.000000	0.00576502	
100.000000	15.4136   	100.000000	18.3219   	100.000000	17.8857   	100.000000	18.3221   	100.000000	18.0225   	100.000000	18.3164   	100.000000	0.00550389	
105.000000	14.9058   	105.000000	17.7311   	105.000000	17.3471   	105.000000	17.7158   	105.000000	17.4542   	105.000000	17.7259   	105.000000	0.00526637	
110.000000	14.4381   	110.000000	17.186    	110.000000	16.8495   	110.000000	17.1575   	110.000000	16.9322   	110.000000	17.181    	110.000000	0.00504935	
115.000000	14.0059   	115.000000	16.6814   	115.000000	16.3874   	115.000000	16.6417   	115.000000	16.4484   	115.000000	16.6765   	115.000000	0.00485024	
120.000000	13.6051   	120.000000	16.213    	120.000000	15.9576   	120.000000	16.1637   	120.000000	16.0018   	120.000000	16.2083   	120.000000	0.0046669 	
125.000000	13.2324   	125.000000	15.777    	125.000000	15.5572   	125.000000	15.7196   	125.000000	15.586    	125.000000	15.7725   	125.000000	0.00449749	
130.000000	12.8848   	130.000000	15.3701   	130.000000	15.1821   	130.000000	15.3059   	130.000000	15.1999   	130.000000	15.3658   	130.000000	0.00434046	
135.000000	12.5598   	135.000000	14.9897   	135.000000	14.8301   	135.000000	14.9196   	135.000000	14.8382   	135.000000	14.9855   	135.000000	0.00419448	
140.000000	12.2552   	140.000000	14.6331   	140.000000	14.5      	140.000000	14.5581   	140.000000	14.5008   	140.000000	14.6291   	140.000000	0.00405841	
145.000000	11.9691   	145.000000	14.2983   	145.000000	14.1898   	145.000000	14.2191   	145.000000	14.1828   	145.000000	14.2943   	145.000000	0.00393126	
150.000000	11.6998   	150.000000	13.9832   	150.000000	13.8969   	150.000000	13.9006   	150.000000	13.885    	150.000000	13.9794   	150.000000	0.00381217	
155.000000	11.3122   	155.000000	13.6863   	155.000000	13.6202   	155.000000	13.6008   	155.000000	13.604    	155.000000	13.6826   	155.000000	0.00370038	
160.000000	11.0893   	160.000000	13.406    	160.000000	13.3589   	160.000000	13.3181   	160.000000	13.339    	160.000000	13.4024   	160.000000	0.00359523	
165.000000	10.8786   	165.000000	13.1409   	165.000000	13.1122   	165.000000	13.0511   	165.000000	13.0892   	165.000000	13.1374   	165.000000	0.00349615	
170.000000	10.6791   	170.000000	12.8899   	170.000000	12.8775   	170.000000	12.7986   	170.000000	12.8517   	170.000000	12.8865   	170.000000	0.0034026 	
175.000000	10.4897   	175.000000	12.6518   	175.000000	12.6542   	175.000000	12.5594   	175.000000	12.6273   	175.000000	12.6485   	175.000000	0.00331414	
180.000000	10.3099   	180.000000	12.4258   	180.000000	12.4422   	180.000000	12.3325   	180.000000	12.4143   	180.000000	12.4225   	180.000000	0.00323036	
185.000000	10.1389   	185.000000	12.2108   	185.000000	12.2408   	185.000000	12.117    	185.000000	12.2113   	185.000000	12.2077   	185.000000	0.00315088	
190.000000	9.97603   	190.000000	12.0063   	190.000000	12.0491   	190.000000	11.9121   	190.000000	12.0186   	190.000000	12.0032   	190.000000	0.00307538	
195.000000	9.82072   	195.000000	11.8113   	195.000000	11.866    	195.000000	11.717    	195.000000	11.835    	195.000000	11.8083   	195.000000	0.00300357	
200.000000	9.67246   	200.000000	11.6253   	200.000000	11.6909   	200.000000	11.5311   	200.000000	11.6593   	200.000000	11.6223   	200.000000	0.00293517	
210.000000	9.39524   	210.000000	11.2777   	210.000000	11.3639   	210.000000	11.1842   	210.000000	11.3322   	210.000000	11.2749   	210.000000	0.00280769	
220.000000	9.14105   	220.000000	10.9596   	220.000000	11.0636   	220.000000	10.8672   	220.000000	11.0318   	220.000000	10.9569   	220.000000	0.00269124	
230.000000	8.90712   	230.000000	10.6672   	230.000000	10.7875   	230.000000	10.5763   	230.000000	10.7566   	230.000000	10.6646   	230.000000	0.00258445	
240.000000	8.69109   	240.000000	10.3976   	240.000000	10.5322   	240.000000	10.3086   	240.000000	10.5024   	240.000000	10.3951   	240.000000	0.00248614	
250.000000	8.491     	250.000000	10.1483   	250.000000	10.2962   	250.000000	10.0615   	250.000000	10.2676   	250.000000	10.1459   	250.000000	0.00239533	
260.000000	8.30512   	260.000000	9.9172    	260.000000	10.0773   	260.000000	9.83266   	260.000000	10.0495   	260.000000	9.91489   	260.000000	0.00231117	
270.000000	8.13201   	270.000000	9.70232   	270.000000	9.8735    	270.000000	9.62024   	270.000000	9.84706   	270.000000	9.70008   	270.000000	0.00223297	
280.000000	7.97038   	280.000000	9.50206   	280.000000	9.68395   	280.000000	9.42256   	280.000000	9.65782   	280.000000	9.4999    	280.000000	0.00216008	
290.000000	7.81913   	290.000000	9.31502   	290.000000	9.50642   	290.000000	9.23817   	290.000000	9.48167   	290.000000	9.31292   	290.000000	0.002092  	
300.000000	7.67731   	300.000000	9.13995   	300.000000	9.33953   	300.000000	9.06582   	300.000000	9.31592   	300.000000	9.13792   	300.000000	0.00202824	
310.000000	7.54406   	310.000000	8.97578   	310.000000	9.18309   	310.000000	8.9044    	310.000000	9.16098   	310.000000	8.97381   	310.000000	0.0019684 	
320.000000	7.41864   	320.000000	8.82154   	320.000000	9.03678   	320.000000	8.75294   	320.000000	9.01512   	320.000000	8.81962   	320.000000	0.00191213	
330.000000	7.30038   	330.000000	8.67638   	330.000000	8.89873   	330.000000	8.61056   	330.000000	8.87775   	330.000000	8.67452   	330.000000	0.00185912	
340.000000	7.1887    	340.000000	8.53954   	340.000000	8.76836   	340.000000	8.47652   	340.000000	8.74863   	340.000000	8.53773   	340.000000	0.00180908	
350.000000	7.08306   	350.000000	8.41036   	350.000000	8.64547   	350.000000	8.35011   	350.000000	8.62623   	350.000000	8.4086    	350.000000	0.00176177	
360.000000	6.98301   	360.000000	8.28822   	360.000000	8.52903   	360.000000	8.23074   	360.000000	8.51077   	360.000000	8.2865    	360.000000	0.00171697	
370.000000	6.88812   	370.000000	8.17259   	370.000000	8.41854   	370.000000	8.11785   	370.000000	8.40172   	370.000000	8.17092   	370.000000	0.00167448	
380.000000	6.79801   	380.000000	8.06298   	380.000000	8.31404   	380.000000	8.01095   	380.000000	8.29777   	380.000000	8.06135   	380.000000	0.00163413	
390.000000	6.71234   	390.000000	7.95895   	390.000000	8.21497   	390.000000	7.9096    	390.000000	8.19935   	390.000000	7.95736   	390.000000	0.00159575	
400.000000	6.63079   	400.000000	7.86011   	400.000000	8.12062   	400.000000	7.8134    	400.000000	8.10608   	400.000000	7.85855   	400.000000	0.0015592 	
410.000000	6.55309   	410.000000	7.76608   	410.000000	8.03081   	410.000000	7.72198   	410.000000	8.01688   	410.000000	7.76455   	410.000000	0.00152436	
420.000000	6.47897   	420.000000	7.67655   	420.000000	7.94545   	420.000000	7.63502   	420.000000	7.93208   	420.000000	7.67505   	420.000000	0.00149109	
430.000000	6.40821   	430.000000	7.5912    	430.000000	7.86424   	430.000000	7.55221   	430.000000	7.85144   	430.000000	7.58975   	430.000000	0.00145931	
440.000000	6.3406    	440.000000	7.50978   	440.000000	7.78683   	440.000000	7.47327   	440.000000	7.77435   	440.000000	7.50836   	440.000000	0.00142891	
450.000000	6.27593   	450.000000	7.43204   	450.000000	7.71286   	450.000000	7.39797   	450.000000	7.70059   	450.000000	7.43064   	450.000000	0.00139979	
460.000000	6.21402   	460.000000	7.35773   	460.000000	7.64201   	460.000000	7.32606   	460.000000	7.63027   	460.000000	7.35636   	460.000000	0.00137189	
470.000000	6.15472   	470.000000	7.28665   	470.000000	7.57412   	470.000000	7.25734   	470.000000	7.56315   	470.000000	7.28531   	470.000000	0.00134512	
480.000000	6.09786   	480.000000	7.21861   	480.000000	7.50914   	480.000000	7.19162   	480.000000	7.49856   	480.000000	7.2173    	480.000000	0.00131941	
490.000000	6.04332   	490.000000	7.15344   	490.000000	7.44695   	490.000000	7.1287    	490.000000	7.43674   	490.000000	7.15214   	490.000000	0.00129471	
500.000000	5.99095   	500.000000	7.09095   	500.000000	7.3874    	500.000000	7.06844   	500.000000	7.3776    	500.000000	7.08968   	500.000000	0.00127095	
520.000000	5.89229   	520.000000	6.97347   	520.000000	7.27553   	520.000000	6.95526   	520.000000	7.26635   	520.000000	6.97225   	520.000000	0.00122606	
540.000000	5.80102   	540.000000	6.86509   	540.000000	7.17204   	540.000000	6.851     	540.000000	7.1636    	540.000000	6.8639    	540.000000	0.00118434	
560.000000	5.7164    	560.000000	6.76486   	560.000000	7.07617   	560.000000	6.7547    	560.000000	7.06872   	560.000000	6.76371   	560.000000	0.00114548	
580.000000	5.63778   	580.000000	6.67197   	580.000000	6.98757   	580.000000	6.66558   	580.000000	6.98056   	580.000000	6.67086   	580.000000	0.00110918	
600.000000	5.5646    	600.000000	6.58571   	600.000000	6.90552   	600.000000	6.5829    	600.000000	6.89904   	600.000000	6.58464   	600.000000	0.00107519	
620.000000	5.49637   	620.000000	6.50547   	620.000000	6.82915   	620.000000	6.50607   	620.000000	6.82282   	620.000000	6.50442   	620.000000	0.00104331	
640.000000	5.43266   	640.000000	6.43069   	640.000000	6.75765   	640.000000	6.43454   	640.000000	6.75198   	640.000000	6.42968   	640.000000	0.00101333	
660.000000	5.37307   	660.000000	6.3609    	660.000000	6.69081   	660.000000	6.36782   	660.000000	6.68583   	660.000000	6.35992   	660.000000	0.000985084	
680.000000	5.31727   	680.000000	6.29567   	680.000000	6.62845   	680.000000	6.3055    	680.000000	6.62384   	680.000000	6.29471   	680.000000	0.000958432	
700.000000	5.26496   	700.000000	6.23462   	700.000000	6.57021   	700.000000	6.2472    	700.000000	6.56598   	700.000000	6.23369   	700.000000	0.000933237	
720.000000	5.21585   	720.000000	6.17742   	720.000000	6.5157    	720.000000	6.19259   	720.000000	6.51157   	720.000000	6.17651   	720.000000	0.000909383	
740.000000	5.16972   	740.000000	6.12375   	740.000000	6.46446   	740.000000	6.14137   	740.000000	6.46048   	740.000000	6.12286   	740.000000	0.000886762	
760.000000	5.12633   	760.000000	6.07336   	760.000000	6.41616   	760.000000	6.09326   	760.000000	6.41262   	760.000000	6.07249   	760.000000	0.000865281	
780.000000	5.08549   	780.000000	6.02599   	780.000000	6.37064   	780.000000	6.04804   	780.000000	6.36741   	780.000000	6.02514   	780.000000	0.000844855	
800.000000	5.04702   	800.000000	5.98142   	800.000000	6.3278    	800.000000	6.00547   	800.000000	6.32481   	800.000000	5.98059   	800.000000	0.000825407	
820.000000	5.01076   	820.000000	5.93946   	820.000000	6.28746   	820.000000	5.96537   	820.000000	6.28477   	820.000000	5.93865   	820.000000	0.000806867	
840.000000	4.97657   	840.000000	5.89992   	840.000000	6.24941   	840.000000	5.92755   	840.000000	6.24693   	840.000000	5.89913   	840.000000	0.000789173	
860.000000	4.9443    	860.000000	5.86264   	860.000000	6.21347   	860.000000	5.89186   	860.000000	6.21108   	860.000000	5.86187   	860.000000	0.000772266	
880.000000	4.91383   	880.000000	5.82747   	880.000000	6.17951   	880.000000	5.85815   	880.000000	6.1773    	880.000000	5.82672   	880.000000	0.000756096	
900.000000	4.88505   	900.000000	5.79428   	900.000000	6.14739   	900.000000	5.82627   	900.000000	6.14543   	900.000000	5.79354   	900.000000	0.000740614	
920.000000	4.85786   	920.000000	5.76293   	920.000000	6.11699   	920.000000	5.79612   	920.000000	6.11504   	920.000000	5.7622    	920.000000	0.000725777	
940.000000	4.83216   	940.000000	5.73331   	940.000000	6.08821   	940.000000	5.76757   	940.000000	6.08632   	940.000000	5.73259   	940.000000	0.000711544	
960.000000	4.80787   	960.000000	5.70531   	960.000000	6.06095   	960.000000	5.74053   	960.000000	6.05917   	960.000000	5.70461   	960.000000	0.00069788	
980.000000	4.78491   	980.000000	5.67885   	980.000000	6.03512   	980.000000	5.7149    	980.000000	6.03345   	980.000000	5.67816   	980.000000	0.00068475	
1000.000000	4.7632    	1000.000000	5.65382   	1000.000000	6.01061   	1000.000000	5.69059   	1000.000000	6.00887   	1000.000000	5.65315   	1000.000000	0.000672123	
1020.000000	4.74266   	1020.000000	5.63015   	1020.000000	5.9873    	1020.000000	5.66752   	1020.000000	5.98555   	1020.000000	5.62949   	1020.000000	0.00065997	
1040.000000	4.72325   	1040.000000	5.60777   	1040.000000	5.96511   	1040.000000	5.64562   	1040.000000	5.96345   	1040.000000	5.60712   	1040.000000	0.000648266	
1060.000000	4.7049    	1060.000000	5.58659   	1060.000000	5.94397   	1060.000000	5.62481   	1060.000000	5.9425    	1060.000000	5.58595   	1060.000000	0.000636984	
1080.000000	4.68755   	1080.000000	5.56655   	1080.000000	5.92385   	1080.000000	5.60505   	1080.000000	5.92241   	1080.000000	5.56592   	1080.000000	0.000626103	
1100.000000	4.67116   	1100.000000	5.54759   	1100.000000	5.90472   	1100.000000	5.58626   	1100.000000	5.90335   	1100.000000	5.54698   	1100.000000	0.000615602	
1120.000000	4.65567   	1120.000000	5.52967   	1120.000000	5.88653   	1120.000000	5.56839   	1120.000000	5.88527   	1120.000000	5.52906   	1120.000000	0.000605459	
1140.000000	4.64104   	1140.000000	5.51271   	1140.000000	5.86925   	1140.000000	5.55139   	1140.000000	5.8681    	1140.000000	5.51211   	1140.000000	0.000595658	
1160.000000	4.62724   	1160.000000	5.49668   	1160.000000	5.85281   	1160.000000	5.53521   	1160.000000	5.85169   	1160.000000	5.49609   	1160.000000	0.000586181	
1180.000000	4.61422   	1180.000000	5.48152   	1180.000000	5.83718   	1180.000000	5.51982   	1180.000000	5.83601   	1180.000000	5.48094   	1180.000000	0.000577011	
1200.000000	4.60194   	1200.000000	5.4672    	1200.000000	5.82229   	1200.000000	5.50516   	1200.000000	5.82112   	1200.000000	5.46663   	1200.000000	0.000568135	
1220.000000	4.59037   	1220.000000	5.45367   	1220.000000	5.80813   	1220.000000	5.4912    	1220.000000	5.80696   	1220.000000	5.45311   	1220.000000	0.000559538	
1240.000000	4.57948   	1240.000000	5.4409    	1240.000000	5.79463   	1240.000000	5.4779    	1240.000000	5.79351   	1240.000000	5.44035   	1240.000000	0.000551206	
1260.000000	4.56924   	1260.000000	5.42885   	1260.000000	5.78176   	1260.000000	5.46523   	1260.000000	5.7806    	1260.000000	5.42831   	1260.000000	0.000543128	
1280.000000	4.55962   	1280.000000	5.41749   	1280.000000	5.7695    	1280.000000	5.45317   	1280.000000	5.76827   	1280.000000	5.41696   	1280.000000	0.000535292	
1300.000000	4.5506    	1300.000000	5.40679   	1300.000000	5.7578    	1300.000000	5.44167   	1300.000000	5.75655   	1300.000000	5.40626   	1300.000000	0.000527687	
1320.000000	4.54214   	1320.000000	5.39671   	1320.000000	5.74664   	1320.000000	5.43071   	1320.000000	5.7454    	1320.000000	5.39619   	1320.000000	0.000520304	
1340.000000	4.53424   	1340.000000	5.38723   	1340.000000	5.73599   	1340.000000	5.42026   	1340.000000	5.7348    	1340.000000	5.38672   	1340.000000	0.000513131	
1360.000000	4.52685   	1360.000000	5.37833   	1360.000000	5.72582   	1360.000000	5.41031   	1360.000000	5.72466   	1360.000000	5.37782   	1360.000000	0.000506161	
1380.000000	4.51997   	1380.000000	5.36997   	1380.000000	5.71611   	1380.000000	5.40082   	1380.000000	5.71492   	1380.000000	5.36947   	1380.000000	0.000499385	
1400.000000	4.51357   	1400.000000	5.36214   	1400.000000	5.70684   	1400.000000	5.39177   	1400.000000	5.70567   	1400.000000	5.36165   	1400.000000	0.000492794	
1420.000000	4.50763   	1420.000000	5.35482   	1420.000000	5.698     	1420.000000	5.38315   	1420.000000	5.69686   	1420.000000	5.35433   	1420.000000	0.000486381	
1440.000000	4.50214   	1440.000000	5.34798   	1440.000000	5.68955   	1440.000000	5.37494   	1440.000000	5.68848   	1440.000000	5.3475    	1440.000000	0.00048014	
1460.000000	4.49708   	1460.000000	5.3416    	1460.000000	5.68149   	1460.000000	5.36711   	1460.000000	5.68052   	1460.000000	5.34112   	1460.000000	0.000474062	
1480.000000	4.49243   	1480.000000	5.33567   	1480.000000	5.6738    	1480.000000	5.35965   	1480.000000	5.67286   	1480.000000	5.3352    	1480.000000	0.000468142	
1500.000000	4.48819   	1500.000000	5.33016   	1500.000000	5.66646   	1500.000000	5.35255   	1500.000000	5.66554   	1500.000000	5.3297    	1500.000000	0.000462373	
1520.000000	4.48432   	1520.000000	5.32507   	1520.000000	5.65947   	1520.000000	5.34578   	1520.000000	5.6586    	1520.000000	5.32461   	1520.000000	0.00045675	
1540.000000	4.48082   	1540.000000	5.32037   	1540.000000	5.6528    	1540.000000	5.33934   	1540.000000	5.65201   	1540.000000	5.31992   	1540.000000	0.000451267	
1560.000000	4.47768   	1560.000000	5.31605   	1560.000000	5.64645   	1560.000000	5.33321   	1560.000000	5.64574   	1560.000000	5.3156    	1560.000000	0.000445918	
1580.000000	4.47489   	1580.000000	5.3121    	1580.000000	5.6404    	1580.000000	5.32737   	1580.000000	5.6398    	1580.000000	5.31166   	1580.000000	0.0004407 	
1600.000000	4.47243   	1600.000000	5.3085    	1600.000000	5.63465   	1600.000000	5.32181   	1600.000000	5.63409   	1600.000000	5.30806   	1600.000000	0.000435607	
1620.000000	4.47029   	1620.000000	5.30524   	1620.000000	5.62917   	1620.000000	5.31653   	1620.000000	5.62863   	1620.000000	5.30481   	1620.000000	0.000430635	
1640.000000	4.46846   	1640.000000	5.3023    	1640.000000	5.62397   	1640.000000	5.31151   	1640.000000	5.62344   	1640.000000	5.30188   	1640.000000	0.000425778	
1660.000000	4.46693   	1660.000000	5.29969   	1660.000000	5.61902   	1660.000000	5.30674   	1660.000000	5.61853   	1660.000000	5.29926   	1660.000000	0.000421035	
1680.000000	4.46569   	1680.000000	5.29737   	1680.000000	5.61432   	1680.000000	5.30221   	1680.000000	5.61387   	1680.000000	5.29696   	1680.000000	0.000416399	
1700.000000	4.46473   	1700.000000	5.29535   	1700.000000	5.60985   	1700.000000	5.2979    	1700.000000	5.60945   	1700.000000	5.29494   	1700.000000	0.000411868	
1750.000000	4.46351   	1750.000000	5.29152   	1750.000000	5.59965   	1750.000000	5.2881    	1750.000000	5.5993    	1750.000000	5.29112   	1750.000000	0.000400976	
1800.000000	4.46387   	1800.000000	5.28932   	1800.000000	5.59072   	1800.000000	5.27954   	1800.000000	5.59039   	1800.000000	5.28893   	1800.000000	0.000390666	
1850.000000	4.46568   	1850.000000	5.28861   	1850.000000	5.58293   	1850.000000	5.27212   	1850.000000	5.58269   	1850.000000	5.28823   	1850.000000	0.00038089	
1900.000000	4.46885   	1900.000000	5.28929   	1900.000000	5.57618   	1900.000000	5.26572   	1900.000000	5.57598   	1900.000000	5.28891   	1900.000000	0.000371609	
1950.000000	4.47328   	1950.000000	5.29123   	1950.000000	5.57038   	1950.000000	5.26026   	1950.000000	5.5702    	1950.000000	5.29087   	1950.000000	0.000362785	
2000.000000	4.47889   	2000.000000	5.29436   	2000.000000	5.56544   	2000.000000	5.25566   	2000.000000	5.56534   	2000.000000	5.294     	2000.000000	0.000354384	
2100.000000	4.49334   	2100.000000	5.3038    	2100.000000	5.55785   	2100.000000	5.24871   	2100.000000	5.55782   	2100.000000	5.30346   	2100.000000	0.000338737	
2200.000000	4.51167   	2200.000000	5.31703   	2200.000000	5.55291   	2200.000000	5.24437   	2200.000000	5.55303   	2200.000000	5.31671   	2200.000000	0.000324458	
2300.000000	4.53342   	2300.000000	5.33355   	2300.000000	5.55022   	2300.000000	5.24222   	2300.000000	5.55035   	2300.000000	5.33324   	2300.000000	0.000311373	
2400.000000	4.55823   	2400.000000	5.35294   	2400.000000	5.54943   	2400.000000	5.24191   	2400.000000	5.54963   	2400.000000	5.35264   	2400.000000	0.000299336	
2500.000000	4.58578   	2500.000000	5.37486   	2500.000000	5.55025   	2500.000000	5.24317   	2500.000000	5.55043   	2500.000000	5.37457   	2500.000000	0.000288226	
2600.000000	4.61579   	2600.000000	5.39901   	2600.000000	5.55243   	2600.000000	5.24575   	2600.000000	5.55264   	2600.000000	5.39873   	2600.000000	0.000277938	
2700.000000	4.64805   	2700.000000	5.42515   	2700.000000	5.55574   	2700.000000	5.24945   	2700.000000	5.55594   	2700.000000	5.42488   	2700.000000	0.000268383	
2800.000000	4.68235   	2800.000000	5.45305   	2800.000000	5.56001   	2800.000000	5.25412   	2800.000000	5.56029   	2800.000000	5.45279   	2800.000000	0.000259485	
2900.000000	4.71851   	2900.000000	5.48254   	2900.000000	5.56509   	2900.000000	5.25961   	2900.000000	5.5654    	2900.000000	5.48228   	2900.000000	0.000251177	
3000.000000	4.75638   	3000.000000	5.51344   	3000.000000	5.57087   	3000.000000	5.2658    	3000.000000	5.57128   	3000.000000	5.5132    	3000.000000	0.000243402	
3200.000000	4.83678   	3200.000000	5.57897   	3200.000000	5.58417   	3200.000000	5.27989   	3200.000000	5.58474   	3200.000000	5.57874   	3200.000000	0.000229255	
3400.000000	4.92264   	3400.000000	5.6487    	3400.000000	5.59937   	3400.000000	5.29573   	3400.000000	5.60002   	3400.000000	5.64848   	3400.000000	0.000216712	
3600.000000	5.01328   	3600.000000	5.72191   	3600.000000	5.61599   	3600.000000	5.31284   	3600.000000	5.61662   	3600.000000	5.72171   	3600.000000	0.000205512	
3800.000000	5.10816   	3800.000000	5.79803   	3800.000000	5.63368   	3800.000000	5.33085   	3800.000000	5.63413   	3800.000000	5.79784   	3800.000000	0.000195448	
4000.000000	5.20683   	4000.000000	5.8766    	4000.000000	5.65209   	4000.000000	5.3495    	4000.000000	5.65229   	4000.000000	5.87642   	4000.000000	0.000186353	
4200.000000	5.30892   	4200.000000	5.95725   	4200.000000	5.67092   	4200.000000	5.36856   	4200.000000	5.67093   	4200.000000	5.95708   	4200.000000	0.000178094	
4400.000000	5.41414   	4400.000000	6.03968   	4400.000000	5.68995   	4400.000000	5.38788   	4400.000000	5.68978   	4400.000000	6.03951   	4400.000000	0.000170557	
4600.000000	5.52224   	4600.000000	6.12364   	4600.000000	5.70903   	4600.000000	5.40733   	4600.000000	5.70883   	4600.000000	6.12348   	4600.000000	0.000163653	
4800.000000	5.63302   	4800.000000	6.20892   	4800.000000	5.72808   	4800.000000	5.42682   	4800.000000	5.72789   	4800.000000	6.20876   	4800.000000	0.000157303	
5000.000000	5.74629   	5000.000000	6.29534   	5000.000000	5.74701   	5000.000000	5.44627   	5000.000000	5.74694   	5000.000000	6.29519   	5000.000000	0.000151442	
5250.000000	5.89116   	5250.000000	6.40476   	5250.000000	5.77047   	5250.000000	5.47044   	5250.000000	5.77061   	5250.000000	6.40462   	5250.000000	0.000144722	
5500.000000	6.03945   	5500.000000	6.5155    	5500.000000	5.79362   	5500.000000	5.49438   	5500.000000	5.79405   	5500.000000	6.51536   	5500.000000	0.000138591	
6000.000000	6.34551   	6000.000000	6.7402    	6000.000000	5.83903   	6000.000000	5.54134   	6000.000000	5.84003   	6000.000000	6.74008   	6000.000000	0.000127808	
6500.000000	6.66319   	6500.000000	6.96823   	6500.000000	5.88379   	6500.000000	5.58684   	6500.000000	5.88456   	6500.000000	6.96811   	6500.000000	0.000118628	
7000.000000	6.99158   	7000.000000	7.19873   	7000.000000	5.92668   	7000.000000	5.63075   	7000.000000	5.9275    	7000.000000	7.19862   	7000.000000	0.000110714	
7500.000000	7.32998   	7500.000000	7.43109   	7500.000000	5.96797   	7500.000000	5.67305   	7500.000000	5.96881   	7500.000000	7.43099   	7500.000000	0.00010382	
8000.000000	7.6779    	8000.000000	7.66484   	8000.000000	6.00766   	8000.000000	5.71376   	8000.000000	6.00851   	8000.000000	7.66474   	8000.000000	9.77574e-05	
8500.000000	8.03492   	8500.000000	7.89965   	8500.000000	6.04573   	8500.000000	5.75291   	8500.000000	6.04662   	8500.000000	7.89956   	8500.000000	9.23841e-05	
9000.000000	8.40075   	9000.000000	8.13525   	9000.000000	6.08227   	9000.000000	5.79059   	9000.000000	6.08324   	9000.000000	8.13516   	9000.000000	8.75874e-05	
9500.000000	8.77514   	9500.000000	8.37143   	9500.000000	6.11738   	9500.000000	5.82686   	9500.000000	6.11843   	9500.000000	8.37135   	9500.000000	8.32784e-05	
10000.000000	9.1579    	10000.000000	8.60806   	10000.000000	6.15116   	10000.000000	5.8618    	10000.000000	6.15225   	10000.000000	8.60798   	10000.000000	7.93857e-05	
11000.000000	9.94793   	11000.000000	9.08212   	11000.000000	6.21499   	11000.000000	5.92799   	11000.000000	6.21612   	11000.000000	9.08205   	11000.000000	7.26269e-05	
12000.000000	10.7699   	12000.000000	9.55673   	12000.000000	6.27434   	12000.000000	5.9897    	12000.000000	6.27541   	12000.000000	9.55666   	12000.000000	6.6958e-05	
13000.000000	11.6233   	13000.000000	10.0314   	13000.000000	6.3296    	13000.000000	6.04745   	13000.000000	6.33061   	13000.000000	10.0313   	13000.000000	6.21329e-05	
14000.000000	12.5075   	14000.000000	10.5058   	14000.000000	6.38126   	14000.000000	6.10167   	14000.000000	6.38216   	14000.000000	10.5058   	14000.000000	5.79747e-05	
15000.000000	13.4225   	15000.000000	10.9798   	15000.000000	6.42966   	15000.000000	6.15273   	15000.000000	6.43044   	15000.000000	10.9798   	15000.000000	5.43529e-05	
16000.000000	14.3679   	16000.000000	11.4533   	16000.000000	6.47499   	16000.000000	6.20097   	16000.000000	6.47579   	16000.000000	11.4532   	16000.000000	5.11691e-05	
17000.000000	15.3436   	17000.000000	11.926    	17000.000000	6.51757   	17000.000000	6.24666   	17000.000000	6.5185    	17000.000000	11.926    	17000.000000	4.83476e-05	
18000.000000	16.3497   	18000.000000	12.3981   	18000.000000	6.55772   	18000.000000	6.29004   	18000.000000	6.55883   	18000.000000	12.398    	18000.000000	4.58295e-05	
19000.000000	17.3862   	19000.000000	12.8693   	19000.000000	6.59576   	19000.000000	6.33135   	19000.000000	6.59692   	19000.000000	12.8693   	19000.000000	4.35679e-05	
20000.000000	18.4529   	20000.000000	13.3398   	20000.000000	6.63193   	20000.000000	6.37074   	20000.000000	6.63305   	20000.000000	13.3398   	20000.000000	4.15251e-05	
21000.000000	19.55     	21000.000000	13.8095   	21000.000000	6.66636   	21000.000000	6.4084    	21000.000000	6.66735   	21000.000000	13.8095   	21000.000000	3.96705e-05	
22000.000000	20.6776   	22000.000000	14.2785   	22000.000000	6.69898   	22000.000000	6.44446   	22000.000000	6.69995   	22000.000000	14.2784   	22000.000000	3.79791e-05	
23000.000000	21.8357   	23000.000000	14.7466   	23000.000000	6.72998   	23000.000000	6.47905   	23000.000000	6.73104   	23000.000000	14.7465   	23000.000000	3.643e-05 	
24000.000000	23.0243   	24000.000000	15.2139   	24000.000000	6.75959   	24000.000000	6.51228   	24000.000000	6.76064   	24000.000000	15.2139   	24000.000000	3.50059e-05	
25000.000000	24.2437   	25000.000000	15.6805   	25000.000000	6.78799   	25000.000000	6.54426   	25000.000000	6.78897   	25000.000000	15.6805   	25000.000000	3.3692e-05	
26000.000000	25.4939   	26000.000000	16.1463   	26000.000000	6.81513   	26000.000000	6.57507   	26000.000000	6.816     	26000.000000	16.1463   	26000.000000	3.24759e-05	
27000.000000	26.7751   	27000.000000	16.6114   	27000.000000	6.84105   	27000.000000	6.60479   	27000.000000	6.84194   	27000.000000	16.6114   	27000.000000	3.1347e-05	
28000.000000	28.0873   	28000.000000	17.0758   	28000.000000	6.86585   	28000.000000	6.63351   	28000.000000	6.86674   	28000.000000	17.0758   	28000.000000	3.02961e-05	
29000.000000	29.4308   	29000.000000	17.5394   	29000.000000	6.88962   	29000.000000	6.66127   	29000.000000	6.89059   	29000.000000	17.5394   	29000.000000	2.93154e-05	
30000.000000	30.8055   	30000.000000	18.0024   	30000.000000	6.91246   	30000.000000	6.68814   	30000.000000	6.91346   	30000.000000	18.0024   	30000.000000	2.83979e-05	
32000.000000	33.6497   	32000.000000	18.9262   	32000.000000	6.95559   	32000.000000	6.73945   	32000.000000	6.95665   	32000.000000	18.9262   	32000.000000	2.67297e-05	
34000.000000	36.621    	34000.000000	19.8475   	34000.000000	6.99567   	34000.000000	6.78779   	34000.000000	6.99665   	34000.000000	19.8475   	34000.000000	2.52516e-05	
36000.000000	39.7207   	36000.000000	20.7663   	36000.000000	7.03286   	36000.000000	6.8335    	36000.000000	7.03386   	36000.000000	20.7662   	36000.000000	2.39327e-05	
38000.000000	42.9501   	38000.000000	21.6827   	38000.000000	7.06749   	38000.000000	6.87683   	38000.000000	7.06858   	38000.000000	21.6826   	38000.000000	2.27483e-05	
40000.000000	46.3105   	40000.000000	22.5968   	40000.000000	7.09985   	40000.000000	6.91804   	40000.000000	7.10104   	40000.000000	22.5967   	40000.000000	2.16787e-05	
42000.000000	49.8032   	42000.000000	23.5087   	42000.000000	7.13022   	42000.000000	6.9573    	42000.000000	7.13144   	42000.000000	23.5087   	42000.000000	2.07078e-05	
44000.000000	53.4296   	44000.000000	24.4185   	44000.000000	7.15889   	44000.000000	6.99481   	44000.000000	7.16004   	44000.000000	24.4185   	44000.000000	1.98224e-05	
46000.000000	57.1911   	46000.000000	25.3264   	46000.000000	7.18611   	46000.000000	7.0307    	46000.000000	7.1869    	46000.000000	25.3264   	46000.000000	1.90117e-05	
48000.000000	61.0891   	48000.000000	26.2323   	48000.000000	7.21196   	48000.000000	7.06511   	48000.000000	7.21228   	48000.000000	26.2323   	48000.000000	1.82664e-05	
50000.000000	65.1251   	50000.000000	27.1364   	50000.000000	7.2363    	50000.000000	7.09815   	50000.000000	7.23622   	50000.000000	27.1364   	50000.000000	1.75789e-05	
