! 126I energy loss (dE/dX) in He
! apply ZOOM for details
Energy (MeV/u)1	0 - [He-base] F.Hubert et al, AD&ND Tables 46(1990)1	Energy (MeV/u)2	1 - [H -base] J.F.Ziegler et al,Pergamon Press,NY(low energy)	Energy (MeV/u)3	2 - ATIMA 1.2 LS-theory (recommended for high energy)	Energy (MeV/u)4	3 - ATIMA 1.2 without LS-correction	Energy (MeV/u)5	4 - ATIMA 1.4 H.Weick, improved mean charge formula for HI	Energy (MeV/u)6	5 - electrical component of [1] - J.F.Ziegler et al	Energy (MeV/u)7	6 - nuclear component of [1] - J.F.Ziegler et al	
0.001000	13.3407   	0.001000	16.3469   	0.001000	14.6434   	0.001000	14.6434   	0.001000	14.6439   	0.001000	3.7861    	0.001000	12.5608   	
0.002000	13.8322   	0.002000	16.9604   	0.002000	14.9955   	0.002000	14.9955   	0.002000	14.9959   	0.002000	4.90996   	0.002000	12.0504   	
0.005000	13.7284   	0.005000	16.8134   	0.005000	14.5465   	0.005000	14.5465   	0.005000	14.5469   	0.005000	6.92318   	0.005000	9.89019   	
0.008000	13.6079   	0.008000	16.6326   	0.008000	14.2648   	0.008000	14.2648   	0.008000	14.2651   	0.008000	8.25754   	0.008000	8.37508   	
0.010000	13.6037   	0.010000	16.6061   	0.010000	14.2127   	0.010000	14.2127   	0.010000	14.213    	0.010000	8.97825   	0.010000	7.62783   	
0.015000	13.7591   	0.015000	16.7495   	0.015000	14.3616   	0.015000	14.3616   	0.015000	14.3618   	0.015000	10.4526   	0.015000	6.29688   	
0.020000	14.0393   	0.020000	17.0539   	0.020000	14.7229   	0.020000	14.7229   	0.020000	14.7231   	0.020000	11.6434   	0.020000	5.41057   	
0.025000	14.3739   	0.025000	17.4309   	0.025000	15.1829   	0.025000	15.1829   	0.025000	15.183    	0.025000	12.6596   	0.025000	4.77136   	
0.030000	14.7314   	0.030000	17.8404   	0.030000	15.6902   	0.030000	15.6902   	0.030000	15.6903   	0.030000	13.5554   	0.030000	4.28499   	
0.035000	15.0965   	0.035000	18.2625   	0.035000	16.2194   	0.035000	16.2194   	0.035000	16.2195   	0.035000	14.3621   	0.035000	3.90045   	
0.040000	15.4614   	0.040000	18.6871   	0.040000	16.7571   	0.040000	16.7571   	0.040000	16.7572   	0.040000	15.0996   	0.040000	3.58754   	
0.045000	15.8222   	0.045000	19.1086   	0.045000	17.2956   	0.045000	17.2956   	0.045000	17.2957   	0.045000	15.7814   	0.045000	3.32716   	
0.050000	16.1766   	0.050000	19.524    	0.050000	17.8306   	0.050000	17.8306   	0.050000	17.8306   	0.050000	16.4174   	0.050000	3.10657   	
0.055000	16.5236   	0.055000	19.9318   	0.055000	18.3596   	0.055000	18.3596   	0.055000	18.3596   	0.055000	17.0148   	0.055000	2.91692   	
0.060000	16.8627   	0.060000	20.331    	0.060000	18.8812   	0.060000	18.8812   	0.060000	18.8812   	0.060000	17.5792   	0.060000	2.75187   	
0.070000	17.5171   	0.070000	21.1032   	0.070000	19.8995   	0.070000	19.8995   	0.070000	19.8996   	0.070000	18.6253   	0.070000	2.47792   	
0.080000	19.1644   	0.080000	21.8408   	0.080000	20.8836   	0.080000	20.8836   	0.080000	20.8836   	0.080000	19.5817   	0.080000	2.25906   	
0.090000	20.9352   	0.090000	23.6458   	0.090000	22.8124   	0.090000	22.8124   	0.090000	22.8124   	0.090000	21.5662   	0.090000	2.07964   	
0.100000	22.5976   	0.100000	26.088    	0.100000	25.3215   	0.100000	25.3215   	0.100000	25.3215   	0.100000	24.1763   	0.100000	1.91169   	
0.120000	25.0462   	0.120000	30.7998   	0.120000	30.2245   	0.120000	30.2245   	0.120000	30.2245   	0.120000	29.1233   	0.120000	1.67652   	
0.140000	27.1661   	0.140000	35.1523   	0.140000	34.8064   	0.140000	34.8064   	0.140000	34.8065   	0.140000	33.6548   	0.140000	1.49749   	
0.160000	29.119    	0.160000	39.1195   	0.160000	38.9946   	0.160000	38.9946   	0.160000	38.9947   	0.160000	37.7633   	0.160000	1.35614   	
0.180000	30.9994   	0.180000	42.7161   	0.180000	42.7671   	0.180000	42.7671   	0.180000	42.7671   	0.180000	41.4747   	0.180000	1.2414    	
0.200000	32.8551   	0.200000	45.9739   	0.200000	46.1332   	0.200000	46.1332   	0.200000	46.1333   	0.200000	44.8277   	0.200000	1.14619   	
0.250000	36.6314   	0.250000	53.1145   	0.250000	52.9723   	0.250000	52.9723   	0.250000	52.9723   	0.250000	52.1485   	0.250000	0.965973  	
0.300000	40.5174   	0.300000	59.7693   	0.300000	58.0374   	0.300000	58.0374   	0.300000	58.0374   	0.300000	58.931    	0.300000	0.838355  	
0.350000	44.0323   	0.350000	65.1625   	0.350000	61.8716   	0.350000	61.8716   	0.350000	61.8717   	0.350000	64.4197   	0.350000	0.742779  	
0.400000	47.1917   	0.400000	69.5956   	0.400000	64.8764   	0.400000	64.8764   	0.400000	64.8765   	0.400000	68.9273   	0.400000	0.668266  	
0.450000	50.0193   	0.450000	73.2869   	0.450000	67.3208   	0.450000	67.3208   	0.450000	67.3208   	0.450000	72.6785   	0.450000	0.608389  	
0.500000	52.5445   	0.500000	76.3947   	0.500000	69.3776   	0.500000	69.3776   	0.500000	69.3777   	0.500000	75.8356   	0.500000	0.559124  	
0.600000	56.3226   	0.600000	83.2938   	0.600000	72.7284   	0.600000	72.7284   	0.600000	72.7284   	0.600000	82.8112   	0.600000	0.482625  	
0.700000	58.8354   	0.700000	89.0921   	0.700000	75.4144   	0.700000	75.4144   	0.700000	75.4145   	0.700000	88.6663   	0.700000	0.425773  	
0.800000	62.5797   	0.800000	93.4868   	0.800000	77.6485   	0.800000	77.6485   	0.800000	77.6486   	0.800000	93.1051   	0.800000	0.381719  	
0.900000	65.6266   	0.900000	96.8463   	0.900000	79.5374   	0.900000	79.5374   	0.900000	79.5375   	0.900000	96.4998   	0.900000	0.346493  	
1.000000	68.0861   	1.000000	99.4252   	1.000000	81.4449   	1.000000	81.4449   	1.000000	81.445    	1.000000	99.1076   	1.000000	0.31763   	
1.250000	71.1578   	1.250000	101.671   	1.250000	86.1814   	1.250000	86.1814   	1.250000	86.1815   	1.250000	101.407   	1.250000	0.263908  	
1.500000	72.8732   	1.500000	102.422   	1.500000	89.1873   	1.500000	89.1873   	1.500000	89.1874   	1.500000	102.195   	1.500000	0.226599  	
1.750000	73.7384   	1.750000	102.35    	1.750000	91.0447   	1.750000	91.0447   	1.750000	91.0447   	1.750000	102.15    	1.750000	0.199066  	
2.000000	73.5154   	2.000000	101.023   	2.000000	92.1127   	2.000000	92.1127   	2.000000	92.1128   	2.000000	100.845   	2.000000	0.177849  	
2.250000	73.1688   	2.250000	99.5592   	2.250000	92.6255   	2.250000	92.6255   	2.250000	92.6256   	2.250000	99.3983   	2.250000	0.160963  	
2.500000	109.87    	2.500000	98.1088   	2.500000	92.7408   	2.500000	92.7408   	2.500000	92.7408   	2.500000	97.9616   	2.500000	0.147182  	
3.000000	106.882   	3.000000	95.2739   	3.000000	92.1842   	3.000000	92.1842   	3.000000	92.1843   	3.000000	95.1479   	3.000000	0.125989  	
3.500000	103.449   	3.500000	92.596    	3.500000	90.9935   	3.500000	90.9935   	3.500000	90.9935   	3.500000	92.4856   	3.500000	0.11041   	
4.000000	99.928    	4.000000	90.0203   	4.000000	89.4614   	4.000000	89.4614   	4.000000	89.4614   	4.000000	89.9218   	4.000000	0.0984418 	
4.500000	96.4801   	4.500000	87.556    	4.500000	87.7525   	4.500000	87.7525   	4.500000	87.7525   	4.500000	87.4671   	4.500000	0.0889413 	
5.000000	93.1784   	5.000000	85.2072   	5.000000	85.9625   	5.000000	85.9625   	5.000000	85.9626   	5.000000	85.126    	5.000000	0.0812045 	
5.500000	90.0522   	5.500000	82.9822   	5.500000	83.9424   	5.500000	83.9424   	5.500000	83.9425   	5.500000	82.9075   	5.500000	0.074774  	
6.000000	87.1089   	6.000000	80.8649   	6.000000	81.9471   	6.000000	81.9471   	6.000000	81.9472   	6.000000	80.7955   	6.000000	0.0693393 	
6.500000	84.3452   	6.500000	78.8481   	6.500000	80.04     	6.500000	80.04     	6.500000	80.0401   	6.500000	78.7834   	6.500000	0.0646818 	
7.000000	81.7525   	7.000000	76.9193   	7.000000	78.2179   	7.000000	78.2179   	7.000000	78.2179   	7.000000	76.8586   	7.000000	0.0606431 	
7.500000	79.3201   	7.500000	75.0819   	7.500000	76.4767   	7.500000	76.4767   	7.500000	76.4767   	7.500000	75.0248   	7.500000	0.0571055 	
8.000000	77.0364   	8.000000	73.3333   	8.000000	74.8123   	8.000000	74.8123   	8.000000	74.8124   	8.000000	73.2793   	8.000000	0.0539795 	
8.500000	74.89     	8.500000	71.6672   	8.500000	73.2204   	8.500000	73.2204   	8.500000	73.2205   	8.500000	71.616    	8.500000	0.0511959 	
9.000000	72.8702   	9.000000	70.0692   	9.000000	71.6969   	9.000000	71.6969   	9.000000	71.6969   	9.000000	70.0205   	9.000000	0.0487005 	
9.500000	70.9667   	9.500000	68.5428   	9.500000	70.2376   	9.500000	70.2376   	9.500000	70.2377   	9.500000	68.4964   	9.500000	0.0464499 	
10.000000	69.1703   	10.000000	64.2985   	10.000000	68.8389   	10.000000	68.8389   	10.000000	68.839    	10.000000	64.2541   	10.000000	0.0444091 	
11.000000	65.8656   	11.000000	62.5396   	11.000000	65.5675   	11.000000	66.3292   	11.000000	66.9305   	11.000000	62.4987   	11.000000	0.0408478 	
12.000000	62.8969   	12.000000	60.8426   	12.000000	62.6185   	12.000000	64.0238   	12.000000	65.073    	12.000000	60.8048   	12.000000	0.037842  	
13.000000	60.2155   	13.000000	59.2073   	13.000000	59.9489   	13.000000	61.9016   	13.000000	63.2821   	13.000000	59.1721   	13.000000	0.0352693 	
14.000000	57.7813   	14.000000	57.6387   	14.000000	57.5233   	14.000000	59.9435   	14.000000	61.5658   	14.000000	57.6057   	14.000000	0.0330408 	
15.000000	55.5611   	15.000000	56.1394   	15.000000	55.312    	15.000000	58.1328   	15.000000	59.9273   	15.000000	56.1083   	15.000000	0.0310906 	
16.000000	53.5275   	16.000000	54.7094   	16.000000	53.2886   	16.000000	56.4546   	16.000000	58.3675   	16.000000	54.68     	16.000000	0.029369  	
17.000000	51.6573   	17.000000	53.3469   	17.000000	51.4316   	17.000000	54.896    	17.000000	56.885    	17.000000	53.3191   	17.000000	0.0278373 	
18.000000	49.9311   	18.000000	52.0493   	18.000000	49.724    	18.000000	53.4456   	18.000000	55.4748   	18.000000	52.0228   	18.000000	0.0264652 	
19.000000	48.3324   	19.000000	50.8135   	19.000000	48.1509   	19.000000	52.0934   	19.000000	54.1373   	19.000000	50.7883   	19.000000	0.0252286 	
20.000000	46.8474   	20.000000	49.6362   	20.000000	46.6985   	20.000000	50.8305   	20.000000	52.8701   	20.000000	49.6121   	20.000000	0.024108  	
21.000000	45.4638   	21.000000	48.5141   	21.000000	45.3542   	21.000000	49.6492   	21.000000	51.6641   	21.000000	48.491    	21.000000	0.0230876 	
22.000000	44.1715   	22.000000	47.4439   	22.000000	44.1065   	22.000000	48.5426   	22.000000	50.5228   	22.000000	47.4218   	22.000000	0.0221543 	
23.000000	42.9613   	23.000000	46.4226   	23.000000	42.9475   	23.000000	47.5045   	23.000000	49.4383   	23.000000	46.4013   	23.000000	0.0212972 	
24.000000	41.8255   	24.000000	45.4471   	24.000000	41.8712   	24.000000	46.5294   	24.000000	48.4101   	24.000000	45.4266   	24.000000	0.0205072 	
25.000000	40.7571   	25.000000	44.5146   	25.000000	40.8702   	25.000000	45.6125   	25.000000	47.4338   	25.000000	44.4948   	25.000000	0.0197766 	
27.000000	38.7994   	27.000000	42.7684   	27.000000	39.0626   	27.000000	43.9358   	27.000000	45.627    	27.000000	42.7499   	27.000000	0.0184682 	
29.000000	37.048    	29.000000	41.1651   	29.000000	37.4846   	29.000000	42.4443   	29.000000	43.997    	29.000000	41.1477   	29.000000	0.0173299 	
31.000000	35.471    	31.000000	39.6882   	31.000000	36.1948   	31.000000	40.9636   	31.000000	42.2535   	31.000000	39.6719   	31.000000	0.01633   	
33.000000	34.0427   	33.000000	38.3238   	33.000000	35.0961   	33.000000	39.4681   	33.000000	40.4296   	33.000000	38.3083   	33.000000	0.0154443 	
35.000000	32.7426   	35.000000	37.0595   	35.000000	34.0681   	35.000000	38.0896   	35.000000	38.7827   	35.000000	37.0448   	35.000000	0.0146541 	
38.000000	30.9961   	38.000000	35.328    	38.000000	32.6488   	38.000000	36.2122   	38.000000	36.589    	38.000000	35.3144   	38.000000	0.0136161 	
41.000000	29.4547   	41.000000	33.7685   	41.000000	31.3603   	41.000000	34.5309   	41.000000	34.6685   	41.000000	33.7558   	41.000000	0.0127216 	
44.000000	28.0832   	44.000000	32.3564   	44.000000	30.1803   	44.000000	33.016    	44.000000	32.9695   	44.000000	32.3445   	44.000000	0.0119423 	
47.000000	26.8543   	47.000000	31.0718   	47.000000	29.0996   	47.000000	31.6436   	47.000000	31.4552   	47.000000	31.0606   	47.000000	0.0112571 	
50.000000	25.7461   	50.000000	29.8981   	50.000000	28.104    	50.000000	30.3944   	50.000000	30.0961   	50.000000	29.8875   	50.000000	0.0106497 	
55.000000	24.1218   	55.000000	28.1518   	55.000000	26.6101   	55.000000	28.5439   	55.000000	28.1124   	55.000000	28.142    	55.000000	0.00977669	
60.000000	22.7236   	60.000000	26.6248   	60.000000	25.2925   	60.000000	26.9335   	60.000000	26.4141   	60.000000	26.6157   	60.000000	0.00904161	
65.000000	21.5062   	65.000000	25.278    	65.000000	24.1187   	65.000000	25.5192   	65.000000	24.943    	65.000000	25.2696   	65.000000	0.00841373	
70.000000	20.4359   	70.000000	24.0812   	70.000000	23.0679   	70.000000	24.267    	70.000000	23.6557   	70.000000	24.0734   	70.000000	0.0078709 	
75.000000	19.4868   	75.000000	23.0107   	75.000000	22.1231   	75.000000	23.1506   	75.000000	22.5894   	75.000000	23.0033   	75.000000	0.00739669	
80.000000	18.6389   	80.000000	22.0472   	80.000000	21.2674   	80.000000	22.1491   	80.000000	21.6379   	80.000000	22.0402   	80.000000	0.00697871	
85.000000	17.8764   	85.000000	21.1756   	85.000000	20.4888   	85.000000	21.2456   	85.000000	20.781    	85.000000	21.169    	85.000000	0.00660737	
90.000000	17.1867   	90.000000	20.3832   	90.000000	19.7796   	90.000000	20.4264   	90.000000	20.0068   	90.000000	20.3769   	90.000000	0.00627517	
95.000000	16.5596   	95.000000	19.6597   	95.000000	19.1265   	95.000000	19.6802   	95.000000	19.3051   	95.000000	19.6538   	95.000000	0.00597616	
100.000000	15.9867   	100.000000	18.9966   	100.000000	18.5273   	100.000000	18.9978   	100.000000	18.6651   	100.000000	18.9909   	100.000000	0.00570552	
105.000000	15.4611   	105.000000	18.3864   	105.000000	17.9737   	105.000000	18.3714   	105.000000	18.0783   	105.000000	18.381    	105.000000	0.00545935	
110.000000	14.977    	110.000000	17.8233   	110.000000	17.4602   	110.000000	17.7943   	110.000000	17.54     	110.000000	17.818    	110.000000	0.00523442	
115.000000	14.5295   	115.000000	17.3018   	115.000000	16.9844   	115.000000	17.261    	115.000000	17.0409   	115.000000	17.2968   	115.000000	0.00502807	
120.000000	14.1146   	120.000000	16.8176   	120.000000	16.5413   	120.000000	16.7667   	120.000000	16.5797   	120.000000	16.8128   	120.000000	0.00483804	
125.000000	13.7286   	125.000000	16.3668   	125.000000	16.1279   	125.000000	16.3074   	125.000000	16.1504   	125.000000	16.3622   	125.000000	0.00466246	
130.000000	13.3686   	130.000000	15.9462   	130.000000	15.7418   	130.000000	15.8794   	130.000000	15.7517   	130.000000	15.9417   	130.000000	0.0044997 	
135.000000	13.0321   	135.000000	15.5526   	135.000000	15.3779   	135.000000	15.4797   	135.000000	15.3783   	135.000000	15.5483   	135.000000	0.0043484 	
140.000000	12.7166   	140.000000	15.1838   	140.000000	15.0374   	140.000000	15.1056   	140.000000	15.0302   	140.000000	15.1796   	140.000000	0.00420737	
145.000000	12.4202   	145.000000	14.8373   	145.000000	14.7177   	145.000000	14.7547   	145.000000	14.7021   	145.000000	14.8333   	145.000000	0.00407558	
150.000000	12.1412   	150.000000	14.5113   	150.000000	14.4147   	150.000000	14.425    	150.000000	14.3949   	150.000000	14.5074   	150.000000	0.00395214	
155.000000	11.7394   	155.000000	14.204    	155.000000	14.1288   	155.000000	14.1146   	155.000000	14.1047   	155.000000	14.2002   	155.000000	0.00383627	
160.000000	11.5085   	160.000000	13.9138   	160.000000	13.8592   	160.000000	13.8219   	160.000000	13.8311   	160.000000	13.9101   	160.000000	0.00372728	
165.000000	11.2902   	165.000000	13.6394   	165.000000	13.6041   	165.000000	13.5455   	165.000000	13.5731   	165.000000	13.6358   	165.000000	0.00362458	
170.000000	11.0834   	170.000000	13.3795   	170.000000	13.3618   	170.000000	13.2839   	170.000000	13.3278   	170.000000	13.3759   	170.000000	0.00352762	
175.000000	10.8873   	175.000000	13.1329   	175.000000	13.1316   	175.000000	13.0362   	175.000000	13.096    	175.000000	13.1295   	175.000000	0.00343592	
180.000000	10.701    	180.000000	12.8988   	180.000000	12.913    	180.000000	12.8011   	180.000000	12.8761   	180.000000	12.8955   	180.000000	0.00334908	
185.000000	10.5237   	185.000000	12.6762   	185.000000	12.7051   	185.000000	12.5779   	185.000000	12.6663   	185.000000	12.6729   	185.000000	0.0032667 	
190.000000	10.3549   	190.000000	12.4643   	190.000000	12.5065   	190.000000	12.3656   	190.000000	12.4673   	190.000000	12.4611   	190.000000	0.00318844	
195.000000	10.194    	195.000000	12.2623   	195.000000	12.3166   	195.000000	12.1634   	195.000000	12.2776   	195.000000	12.2592   	195.000000	0.003114  	
200.000000	10.0403   	200.000000	12.0695   	200.000000	12.1352   	200.000000	11.9707   	200.000000	12.0961   	200.000000	12.0665   	200.000000	0.0030431 	
210.000000	9.75295   	210.000000	11.7094   	210.000000	11.7976   	210.000000	11.6112   	210.000000	11.7583   	210.000000	11.7065   	210.000000	0.00291095	
220.000000	9.48946   	220.000000	11.3796   	220.000000	11.487    	220.000000	11.2826   	220.000000	11.4478   	220.000000	11.3768   	220.000000	0.00279025	
230.000000	9.24694   	230.000000	11.0765   	230.000000	11.2013   	230.000000	10.9811   	230.000000	11.1633   	230.000000	11.0739   	230.000000	0.00267955	
240.000000	9.02298   	240.000000	10.7971   	240.000000	10.9377   	240.000000	10.7035   	240.000000	10.9004   	240.000000	10.7945   	240.000000	0.00257764	
250.000000	8.81551   	250.000000	10.5386   	250.000000	10.6933   	250.000000	10.4473   	250.000000	10.6578   	250.000000	10.5361   	250.000000	0.0024835 	
260.000000	8.62278   	260.000000	10.2989   	260.000000	10.4666   	260.000000	10.21     	260.000000	10.4324   	260.000000	10.2965   	260.000000	0.00239627	
270.000000	8.44326   	270.000000	10.0761   	270.000000	10.2559   	270.000000	9.98965   	270.000000	10.2231   	270.000000	10.0737   	270.000000	0.00231519	
280.000000	8.27565   	280.000000	9.86834   	280.000000	10.0592   	280.000000	9.78461   	280.000000	10.0274   	280.000000	9.8661    	280.000000	0.00223964	
290.000000	8.11879   	290.000000	9.67431   	290.000000	9.87486   	290.000000	9.59336   	290.000000	9.8453    	290.000000	9.67214   	290.000000	0.00216906	
300.000000	7.97171   	300.000000	9.4927    	300.000000	9.70224   	300.000000	9.41457   	300.000000	9.6739    	300.000000	9.4906    	300.000000	0.00210296	
310.000000	7.8335    	310.000000	9.32237   	310.000000	9.54048   	310.000000	9.24711   	310.000000	9.51363   	310.000000	9.32033   	310.000000	0.00204094	
320.000000	7.70341   	320.000000	9.16233   	320.000000	9.38854   	320.000000	9.08997   	320.000000	9.36277   	320.000000	9.16035   	320.000000	0.0019826 	
330.000000	7.58075   	330.000000	9.0117    	330.000000	9.24569   	330.000000	8.94226   	330.000000	9.22065   	330.000000	9.00977   	330.000000	0.00192765	
340.000000	7.4649    	340.000000	8.86971   	340.000000	9.11092   	340.000000	8.80317   	340.000000	9.08707   	340.000000	8.86783   	340.000000	0.00187577	
350.000000	7.35532   	350.000000	8.73564   	350.000000	8.98329   	350.000000	8.67201   	350.000000	8.96033   	350.000000	8.73381   	350.000000	0.00182673	
360.000000	7.25153   	360.000000	8.60888   	360.000000	8.86257   	360.000000	8.54814   	360.000000	8.84073   	360.000000	8.6071    	360.000000	0.00178028	
370.000000	7.15309   	370.000000	8.48887   	370.000000	8.74842   	370.000000	8.43099   	370.000000	8.72781   	370.000000	8.48714   	370.000000	0.00173624	
380.000000	7.0596    	380.000000	8.3751    	380.000000	8.64033   	380.000000	8.32006   	380.000000	8.62023   	380.000000	8.37341   	380.000000	0.0016944 	
390.000000	6.97072   	390.000000	8.26712   	390.000000	8.53767   	390.000000	8.21488   	390.000000	8.51838   	390.000000	8.26547   	390.000000	0.00165461	
400.000000	6.88611   	400.000000	8.16451   	400.000000	8.43987   	400.000000	8.11504   	400.000000	8.42186   	400.000000	8.1629    	400.000000	0.00161672	
410.000000	6.80549   	410.000000	8.0669    	410.000000	8.34672   	410.000000	8.02016   	410.000000	8.32952   	410.000000	8.06532   	410.000000	0.0015806 	
420.000000	6.72859   	420.000000	7.97396   	420.000000	8.2581    	420.000000	7.9299    	420.000000	8.24174   	420.000000	7.97241   	420.000000	0.00154612	
430.000000	6.65518   	430.000000	7.88536   	430.000000	8.17371   	430.000000	7.84395   	430.000000	8.15827   	430.000000	7.88385   	430.000000	0.00151316	
440.000000	6.58502   	440.000000	7.80083   	440.000000	8.09321   	440.000000	7.76203   	440.000000	8.07845   	440.000000	7.79935   	440.000000	0.00148164	
450.000000	6.51791   	450.000000	7.72011   	450.000000	8.01638   	450.000000	7.68386   	450.000000	8.00209   	450.000000	7.71866   	450.000000	0.00145146	
460.000000	6.45367   	460.000000	7.64296   	460.000000	7.94303   	460.000000	7.60922   	460.000000	7.92926   	460.000000	7.64154   	460.000000	0.00142253	
470.000000	6.39213   	470.000000	7.56916   	470.000000	7.87288   	470.000000	7.53789   	470.000000	7.85977   	470.000000	7.56777   	470.000000	0.00139478	
480.000000	6.33314   	480.000000	7.49852   	480.000000	7.80561   	480.000000	7.46966   	480.000000	7.79287   	480.000000	7.49715   	480.000000	0.00136813	
490.000000	6.27653   	490.000000	7.43084   	490.000000	7.74103   	490.000000	7.40436   	490.000000	7.72885   	490.000000	7.4295    	490.000000	0.00134252	
500.000000	6.22219   	500.000000	7.36596   	500.000000	7.67908   	500.000000	7.3418    	500.000000	7.6676    	500.000000	7.36464   	500.000000	0.00131789	
520.000000	6.1198    	520.000000	7.24397   	520.000000	7.56274   	520.000000	7.22431   	520.000000	7.55235   	520.000000	7.2427    	520.000000	0.00127134	
540.000000	6.02508   	540.000000	7.13142   	540.000000	7.45551   	540.000000	7.11607   	540.000000	7.44591   	540.000000	7.13019   	540.000000	0.00122809	
560.000000	5.93726   	560.000000	7.02733   	560.000000	7.35643   	560.000000	7.0161    	560.000000	7.34761   	560.000000	7.02614   	560.000000	0.0011878 	
580.000000	5.85566   	580.000000	6.93086   	580.000000	7.26468   	580.000000	6.92357   	580.000000	7.25625   	580.000000	6.92971   	580.000000	0.00115016	
600.000000	5.77971   	600.000000	6.84128   	600.000000	7.17934   	600.000000	6.83774   	600.000000	7.17173   	600.000000	6.84017   	600.000000	0.00111493	
620.000000	5.7089    	620.000000	6.75795   	620.000000	7.09989   	620.000000	6.75796   	620.000000	7.09268   	620.000000	6.75686   	620.000000	0.00108187	
640.000000	5.64277   	640.000000	6.68028   	640.000000	7.02596   	640.000000	6.68369   	640.000000	7.01922   	640.000000	6.67923   	640.000000	0.00105078	
660.000000	5.58092   	660.000000	6.6078    	660.000000	6.95693   	660.000000	6.61442   	660.000000	6.95067   	660.000000	6.60678   	660.000000	0.0010215 	
680.000000	5.523     	680.000000	6.54005   	680.000000	6.89228   	680.000000	6.54972   	680.000000	6.88641   	680.000000	6.53905   	680.000000	0.00099387	
700.000000	5.4687    	700.000000	6.47664   	700.000000	6.83172   	700.000000	6.48919   	700.000000	6.82645   	700.000000	6.47567   	700.000000	0.000967748	
720.000000	5.41772   	720.000000	6.41722   	720.000000	6.77498   	720.000000	6.43248   	720.000000	6.77004   	720.000000	6.41628   	720.000000	0.000943015	
740.000000	5.36983   	740.000000	6.36148   	740.000000	6.72179   	740.000000	6.3793    	740.000000	6.71708   	740.000000	6.36056   	740.000000	0.000919562	
760.000000	5.32479   	760.000000	6.30914   	760.000000	6.67184   	760.000000	6.32935   	760.000000	6.66746   	760.000000	6.30824   	760.000000	0.00089729	
780.000000	5.2824    	780.000000	6.25994   	780.000000	6.62478   	780.000000	6.28239   	780.000000	6.62058   	780.000000	6.25906   	780.000000	0.000876111	
800.000000	5.24247   	800.000000	6.21364   	800.000000	6.58033   	800.000000	6.23819   	800.000000	6.57641   	800.000000	6.21279   	800.000000	0.000855947	
820.000000	5.20483   	820.000000	6.17006   	820.000000	6.53834   	820.000000	6.19654   	820.000000	6.53489   	820.000000	6.16922   	820.000000	0.000836724	
840.000000	5.16933   	840.000000	6.12899   	840.000000	6.49875   	840.000000	6.15728   	840.000000	6.49565   	840.000000	6.12817   	840.000000	0.000818377	
860.000000	5.13583   	860.000000	6.09027   	860.000000	6.46143   	860.000000	6.12021   	860.000000	6.45848   	860.000000	6.08947   	860.000000	0.000800848	
880.000000	5.1042    	880.000000	6.05374   	880.000000	6.42622   	880.000000	6.0852    	880.000000	6.42344   	880.000000	6.05295   	880.000000	0.000784082	
900.000000	5.07432   	900.000000	6.01925   	900.000000	6.39294   	900.000000	6.05211   	900.000000	6.39039   	900.000000	6.01848   	900.000000	0.000768029	
920.000000	5.0461    	920.000000	5.98669   	920.000000	6.36144   	920.000000	6.02079   	920.000000	6.35887   	920.000000	5.98593   	920.000000	0.000752645	
940.000000	5.01942   	940.000000	5.95592   	940.000000	6.33161   	940.000000	5.99115   	940.000000	6.32908   	940.000000	5.95518   	940.000000	0.000737888	
960.000000	4.99421   	960.000000	5.92684   	960.000000	6.30331   	960.000000	5.96307   	960.000000	6.30092   	960.000000	5.92612   	960.000000	0.000723719	
980.000000	4.97036   	980.000000	5.89935   	980.000000	6.27644   	980.000000	5.93645   	980.000000	6.27425   	980.000000	5.89864   	980.000000	0.000710105	
1000.000000	4.94782   	1000.000000	5.87336   	1000.000000	6.25092   	1000.000000	5.91121   	1000.000000	6.24875   	1000.000000	5.87266   	1000.000000	0.000697013	
1020.000000	4.92651   	1020.000000	5.84877   	1020.000000	6.22667   	1020.000000	5.88725   	1020.000000	6.22455   	1020.000000	5.84808   	1020.000000	0.000684412	
1040.000000	4.90636   	1040.000000	5.82551   	1040.000000	6.20361   	1040.000000	5.86451   	1040.000000	6.20162   	1040.000000	5.82484   	1040.000000	0.000672276	
1060.000000	4.8873    	1060.000000	5.80351   	1060.000000	6.18168   	1060.000000	5.84291   	1060.000000	6.17989   	1060.000000	5.80285   	1060.000000	0.000660578	
1080.000000	4.86929   	1080.000000	5.7827    	1080.000000	6.16082   	1080.000000	5.82238   	1080.000000	6.15904   	1080.000000	5.78205   	1080.000000	0.000649296	
1100.000000	4.85227   	1100.000000	5.76301   	1100.000000	6.14097   	1100.000000	5.80286   	1100.000000	6.13926   	1100.000000	5.76237   	1100.000000	0.000638407	
1120.000000	4.83619   	1120.000000	5.74438   	1120.000000	6.1221    	1120.000000	5.78431   	1120.000000	6.12049   	1120.000000	5.74376   	1120.000000	0.00062789	
1140.000000	4.82101   	1140.000000	5.72677   	1140.000000	6.10414   	1140.000000	5.76666   	1140.000000	6.10268   	1140.000000	5.72615   	1140.000000	0.000617727	
1160.000000	4.80668   	1160.000000	5.71011   	1160.000000	6.08705   	1160.000000	5.74986   	1160.000000	6.08565   	1160.000000	5.70951   	1160.000000	0.0006079 	
1180.000000	4.79316   	1180.000000	5.69437   	1180.000000	6.07079   	1180.000000	5.73387   	1180.000000	6.06938   	1180.000000	5.69377   	1180.000000	0.000598392	
1200.000000	4.78041   	1200.000000	5.67949   	1200.000000	6.05533   	1200.000000	5.71865   	1200.000000	6.05392   	1200.000000	5.67891   	1200.000000	0.000589188	
1220.000000	4.7684    	1220.000000	5.66544   	1220.000000	6.04062   	1220.000000	5.70415   	1220.000000	6.03922   	1220.000000	5.66486   	1220.000000	0.000580274	
1240.000000	4.7571    	1240.000000	5.65218   	1240.000000	6.02661   	1240.000000	5.69034   	1240.000000	6.02526   	1240.000000	5.65161   	1240.000000	0.000571635	
1260.000000	4.74647   	1260.000000	5.63966   	1260.000000	6.01327   	1260.000000	5.67719   	1260.000000	6.01186   	1260.000000	5.6391    	1260.000000	0.000563258	
1280.000000	4.73648   	1280.000000	5.62786   	1280.000000	6.00055   	1280.000000	5.66466   	1280.000000	5.99907   	1280.000000	5.6273    	1280.000000	0.000555133	
1300.000000	4.72712   	1300.000000	5.61674   	1300.000000	5.9884    	1300.000000	5.65271   	1300.000000	5.9869    	1300.000000	5.61619   	1300.000000	0.000547248	
1320.000000	4.71834   	1320.000000	5.60627   	1320.000000	5.9768    	1320.000000	5.64133   	1320.000000	5.97533   	1320.000000	5.60573   	1320.000000	0.000539591	
1340.000000	4.71013   	1340.000000	5.59642   	1340.000000	5.96571   	1340.000000	5.63048   	1340.000000	5.96433   	1340.000000	5.59589   	1340.000000	0.000532154	
1360.000000	4.70246   	1360.000000	5.58717   	1360.000000	5.95512   	1360.000000	5.62015   	1360.000000	5.9538    	1360.000000	5.58665   	1360.000000	0.000524927	
1380.000000	4.69532   	1380.000000	5.57849   	1380.000000	5.945     	1380.000000	5.61029   	1380.000000	5.94369   	1380.000000	5.57798   	1380.000000	0.0005179 	
1400.000000	4.68868   	1400.000000	5.57036   	1400.000000	5.93535   	1400.000000	5.6009    	1400.000000	5.93408   	1400.000000	5.56985   	1400.000000	0.000511066	
1420.000000	4.68251   	1420.000000	5.56275   	1420.000000	5.92614   	1420.000000	5.59195   	1420.000000	5.92494   	1420.000000	5.56225   	1420.000000	0.000504416	
1440.000000	4.67682   	1440.000000	5.55564   	1440.000000	5.91736   	1440.000000	5.58342   	1440.000000	5.91625   	1440.000000	5.55515   	1440.000000	0.000497944	
1460.000000	4.67156   	1460.000000	5.54902   	1460.000000	5.90899   	1460.000000	5.57529   	1460.000000	5.90798   	1460.000000	5.54853   	1460.000000	0.000491642	
1480.000000	4.66674   	1480.000000	5.54285   	1480.000000	5.90102   	1480.000000	5.56755   	1480.000000	5.90003   	1480.000000	5.54237   	1480.000000	0.000485503	
1500.000000	4.66233   	1500.000000	5.53714   	1500.000000	5.89342   	1500.000000	5.56017   	1500.000000	5.89243   	1500.000000	5.53666   	1500.000000	0.000479521	
1520.000000	4.65832   	1520.000000	5.53184   	1520.000000	5.88618   	1520.000000	5.55314   	1520.000000	5.88523   	1520.000000	5.53137   	1520.000000	0.00047369	
1540.000000	4.65469   	1540.000000	5.52696   	1540.000000	5.87928   	1540.000000	5.54645   	1540.000000	5.87839   	1540.000000	5.5265    	1540.000000	0.000468004	
1560.000000	4.65143   	1560.000000	5.52248   	1560.000000	5.87271   	1560.000000	5.54008   	1560.000000	5.8719    	1560.000000	5.52201   	1560.000000	0.000462459	
1580.000000	4.64853   	1580.000000	5.51837   	1580.000000	5.86646   	1580.000000	5.53402   	1580.000000	5.86573   	1580.000000	5.51791   	1580.000000	0.000457047	
1600.000000	4.64598   	1600.000000	5.51463   	1600.000000	5.8605    	1600.000000	5.52825   	1600.000000	5.85981   	1600.000000	5.51418   	1600.000000	0.000451766	
1620.000000	4.64376   	1620.000000	5.51124   	1620.000000	5.85484   	1620.000000	5.52277   	1620.000000	5.85414   	1620.000000	5.5108    	1620.000000	0.00044661	
1640.000000	4.64186   	1640.000000	5.5082    	1640.000000	5.84945   	1640.000000	5.51755   	1640.000000	5.84876   	1640.000000	5.50776   	1640.000000	0.000441574	
1660.000000	4.64028   	1660.000000	5.50548   	1660.000000	5.84432   	1660.000000	5.5126    	1660.000000	5.84366   	1660.000000	5.50504   	1660.000000	0.000436655	
1680.000000	4.63899   	1680.000000	5.50307   	1680.000000	5.83944   	1680.000000	5.50789   	1680.000000	5.83882   	1680.000000	5.50264   	1680.000000	0.000431849	
1700.000000	4.638     	1700.000000	5.50098   	1700.000000	5.83481   	1700.000000	5.50342   	1700.000000	5.83424   	1700.000000	5.50055   	1700.000000	0.00042715	
1750.000000	4.63674   	1750.000000	5.497     	1750.000000	5.82421   	1750.000000	5.49324   	1750.000000	5.82372   	1750.000000	5.49658   	1750.000000	0.000415856	
1800.000000	4.63711   	1800.000000	5.49471   	1800.000000	5.81492   	1800.000000	5.48436   	1800.000000	5.81447   	1800.000000	5.49431   	1800.000000	0.000405164	
1850.000000	4.639     	1850.000000	5.49398   	1850.000000	5.8068    	1850.000000	5.47665   	1850.000000	5.80649   	1850.000000	5.49358   	1850.000000	0.000395027	
1900.000000	4.6423    	1900.000000	5.49468   	1900.000000	5.79975   	1900.000000	5.47001   	1900.000000	5.79952   	1900.000000	5.49429   	1900.000000	0.000385402	
1950.000000	4.64691   	1950.000000	5.4967    	1950.000000	5.7937    	1950.000000	5.46434   	1950.000000	5.79353   	1950.000000	5.49632   	1950.000000	0.000376252	
2000.000000	4.65274   	2000.000000	5.49994   	2000.000000	5.78855   	2000.000000	5.45956   	2000.000000	5.78849   	2000.000000	5.49958   	2000.000000	0.000367541	
2100.000000	4.66776   	2100.000000	5.50976   	2100.000000	5.78069   	2100.000000	5.45235   	2100.000000	5.7807    	2100.000000	5.50941   	2100.000000	0.000351315	
2200.000000	4.6868    	2200.000000	5.5235    	2200.000000	5.77562   	2200.000000	5.44784   	2200.000000	5.77573   	2200.000000	5.52316   	2200.000000	0.000336507	
2300.000000	4.70941   	2300.000000	5.54066   	2300.000000	5.77286   	2300.000000	5.44561   	2300.000000	5.77296   	2300.000000	5.54033   	2300.000000	0.000322938	
2400.000000	4.73518   	2400.000000	5.5608    	2400.000000	5.77205   	2400.000000	5.4453    	2400.000000	5.77222   	2400.000000	5.56049   	2400.000000	0.000310456	
2500.000000	4.7638    	2500.000000	5.58357   	2500.000000	5.77287   	2500.000000	5.4466    	2500.000000	5.77306   	2500.000000	5.58327   	2500.000000	0.000298935	
2600.000000	4.79499   	2600.000000	5.60866   	2600.000000	5.77507   	2600.000000	5.44929   	2600.000000	5.77537   	2600.000000	5.60837   	2600.000000	0.000288266	
2700.000000	4.8285    	2700.000000	5.63581   	2700.000000	5.77845   	2700.000000	5.45314   	2700.000000	5.7788    	2700.000000	5.63553   	2700.000000	0.000278357	
2800.000000	4.86413   	2800.000000	5.6648    	2800.000000	5.78284   	2800.000000	5.45799   	2800.000000	5.78333   	2800.000000	5.66453   	2800.000000	0.000269129	
2900.000000	4.9017    	2900.000000	5.69543   	2900.000000	5.7881    	2900.000000	5.46369   	2900.000000	5.78863   	2900.000000	5.69517   	2900.000000	0.000260513	
3000.000000	4.94105   	3000.000000	5.72754   	3000.000000	5.79409   	3000.000000	5.47013   	3000.000000	5.79474   	3000.000000	5.72728   	3000.000000	0.00025245	
3200.000000	5.02457   	3200.000000	5.79561   	3200.000000	5.80795   	3200.000000	5.48476   	3200.000000	5.80873   	3200.000000	5.79537   	3200.000000	0.000237779	
3400.000000	5.11377   	3400.000000	5.86805   	3400.000000	5.82378   	3400.000000	5.50122   	3400.000000	5.8246    	3400.000000	5.86782   	3400.000000	0.000224772	
3600.000000	5.20794   	3600.000000	5.9441    	3600.000000	5.8411    	3600.000000	5.519     	3600.000000	5.84185   	3600.000000	5.94389   	3600.000000	0.000213156	
3800.000000	5.3065    	3800.000000	6.02318   	3800.000000	5.85951   	3800.000000	5.53771   	3800.000000	5.86003   	3800.000000	6.02297   	3800.000000	0.000202719	
4000.000000	5.409     	4000.000000	6.1048    	4000.000000	5.87865   	4000.000000	5.55708   	4000.000000	5.8789    	4000.000000	6.10461   	4000.000000	0.000193287	
4200.000000	5.51506   	4200.000000	6.18858   	4200.000000	5.89821   	4200.000000	5.57689   	4200.000000	5.89825   	4200.000000	6.1884    	4200.000000	0.000184721	
4400.000000	5.62437   	4400.000000	6.27421   	4400.000000	5.91797   	4400.000000	5.59696   	4400.000000	5.91784   	4400.000000	6.27404   	4400.000000	0.000176906	
4600.000000	5.73667   	4600.000000	6.36143   	4600.000000	5.93779   	4600.000000	5.61717   	4600.000000	5.93761   	4600.000000	6.36126   	4600.000000	0.000169745	
4800.000000	5.85175   	4800.000000	6.45002   	4800.000000	5.95755   	4800.000000	5.63741   	4800.000000	5.95741   	4800.000000	6.44985   	4800.000000	0.000163159	
5000.000000	5.96942   	5000.000000	6.5398    	5000.000000	5.97721   	5000.000000	5.65762   	5000.000000	5.9772    	5000.000000	6.53964   	5000.000000	0.000157081	
5250.000000	6.11991   	5250.000000	6.65347   	5250.000000	6.00154   	5250.000000	5.68273   	5250.000000	6.00177   	5250.000000	6.65332   	5250.000000	0.000150111	
5500.000000	6.27396   	5500.000000	6.76851   	5500.000000	6.02556   	5500.000000	5.7076    	5500.000000	6.02612   	5500.000000	6.76836   	5500.000000	0.000143753	
6000.000000	6.59191   	6000.000000	7.00193   	6000.000000	6.0727    	6000.000000	5.75638   	6000.000000	6.07386   	6000.000000	7.0018    	6000.000000	0.00013257	
6500.000000	6.92193   	6500.000000	7.23882   	6500.000000	6.11916   	6500.000000	5.80364   	6500.000000	6.12009   	6500.000000	7.2387    	6500.000000	0.000123048	
7000.000000	7.26307   	7000.000000	7.47827   	7000.000000	6.16349   	7000.000000	5.84926   	7000.000000	6.16467   	7000.000000	7.47816   	7000.000000	0.000114841	
7500.000000	7.61461   	7500.000000	7.71965   	7500.000000	6.20661   	7500.000000	5.89321   	7500.000000	6.20756   	7500.000000	7.71954   	7500.000000	0.00010769	
8000.000000	7.97604   	8000.000000	7.96248   	8000.000000	6.24779   	8000.000000	5.93549   	8000.000000	6.24877   	8000.000000	7.96238   	8000.000000	0.000101402	
8500.000000	8.34692   	8500.000000	8.2064    	8500.000000	6.28723   	8500.000000	5.97617   	8500.000000	6.28833   	8500.000000	8.20631   	8500.000000	9.58291e-05	
9000.000000	8.72696   	9000.000000	8.45115   	9000.000000	6.32518   	9000.000000	6.01531   	9000.000000	6.32634   	9000.000000	8.45106   	9000.000000	9.08541e-05	
9500.000000	9.11589   	9500.000000	8.69651   	9500.000000	6.36168   	9500.000000	6.05299   	9500.000000	6.36287   	9500.000000	8.69642   	9500.000000	8.63849e-05	
10000.000000	9.51351   	10000.000000	8.94232   	10000.000000	6.3968    	10000.000000	6.08929   	10000.000000	6.39796   	10000.000000	8.94224   	10000.000000	8.23473e-05	
11000.000000	10.3342   	11000.000000	9.43479   	11000.000000	6.46311   	11000.000000	6.15804   	11000.000000	6.46425   	11000.000000	9.43472   	11000.000000	7.53371e-05	
12000.000000	11.1881   	12000.000000	9.92783   	12000.000000	6.52465   	12000.000000	6.22215   	12000.000000	6.52577   	12000.000000	9.92776   	12000.000000	6.94572e-05	
13000.000000	12.0746   	13000.000000	10.4209   	13000.000000	6.58188   	13000.000000	6.28214   	13000.000000	6.58303   	13000.000000	10.4209   	13000.000000	6.44525e-05	
14000.000000	12.9932   	14000.000000	10.9138   	14000.000000	6.6353    	14000.000000	6.33846   	14000.000000	6.63651   	14000.000000	10.9137   	14000.000000	6.01395e-05	
15000.000000	13.9437   	15000.000000	11.4062   	15000.000000	6.68535   	15000.000000	6.39151   	15000.000000	6.68658   	15000.000000	11.4061   	15000.000000	5.63828e-05	
16000.000000	14.9258   	16000.000000	11.898    	16000.000000	6.73227   	16000.000000	6.44161   	16000.000000	6.73361   	16000.000000	11.898    	16000.000000	5.30804e-05	
17000.000000	15.9395   	17000.000000	12.3891   	17000.000000	6.77641   	17000.000000	6.48908   	17000.000000	6.7779    	17000.000000	12.3891   	17000.000000	5.01539e-05	
18000.000000	16.9846   	18000.000000	12.8795   	18000.000000	6.81811   	18000.000000	6.53415   	18000.000000	6.81971   	18000.000000	12.8794   	18000.000000	4.7542e-05	
19000.000000	18.0613   	19000.000000	13.3691   	19000.000000	6.85767   	19000.000000	6.57705   	19000.000000	6.85919   	19000.000000	13.369    	19000.000000	4.5196e-05	
20000.000000	19.1695   	20000.000000	13.8578   	20000.000000	6.89533   	20000.000000	6.61798   	20000.000000	6.89664   	20000.000000	13.8578   	20000.000000	4.30771e-05	
21000.000000	20.3092   	21000.000000	14.3458   	21000.000000	6.93111   	21000.000000	6.6571    	21000.000000	6.93219   	21000.000000	14.3457   	21000.000000	4.11534e-05	
22000.000000	21.4805   	22000.000000	14.8329   	22000.000000	6.96481   	22000.000000	6.69456   	22000.000000	6.96597   	22000.000000	14.8329   	22000.000000	3.93989e-05	
23000.000000	22.6836   	23000.000000	15.3192   	23000.000000	6.99692   	23000.000000	6.73049   	23000.000000	6.99818   	23000.000000	15.3192   	23000.000000	3.77921e-05	
24000.000000	23.9184   	24000.000000	15.8047   	24000.000000	7.02761   	24000.000000	6.76501   	24000.000000	7.02884   	24000.000000	15.8047   	24000.000000	3.63148e-05	
25000.000000	25.1851   	25000.000000	16.2894   	25000.000000	7.05691   	25000.000000	6.79823   	25000.000000	7.05818   	25000.000000	16.2894   	25000.000000	3.49519e-05	
26000.000000	26.4839   	26000.000000	16.7733   	26000.000000	7.08493   	26000.000000	6.83024   	26000.000000	7.08618   	26000.000000	16.7733   	26000.000000	3.36904e-05	
27000.000000	27.8148   	27000.000000	17.2565   	27000.000000	7.11179   	27000.000000	6.86112   	27000.000000	7.11304   	27000.000000	17.2564   	27000.000000	3.25194e-05	
28000.000000	29.178    	28000.000000	17.7389   	28000.000000	7.13753   	28000.000000	6.89094   	28000.000000	7.13872   	28000.000000	17.7388   	28000.000000	3.14293e-05	
29000.000000	30.5736   	29000.000000	18.2205   	29000.000000	7.16219   	29000.000000	6.91978   	29000.000000	7.16341   	29000.000000	18.2205   	29000.000000	3.0412e-05	
30000.000000	32.0018   	30000.000000	18.7014   	30000.000000	7.18587   	30000.000000	6.9477    	30000.000000	7.18708   	30000.000000	18.7014   	30000.000000	2.94604e-05	
32000.000000	34.9564   	32000.000000	19.6612   	32000.000000	7.23059   	32000.000000	7.00099   	32000.000000	7.23177   	32000.000000	19.6611   	32000.000000	2.77298e-05	
34000.000000	38.0431   	34000.000000	20.6182   	34000.000000	7.27216   	34000.000000	7.05121   	34000.000000	7.27317   	34000.000000	20.6182   	34000.000000	2.61966e-05	
36000.000000	41.2631   	36000.000000	21.5726   	36000.000000	7.3107    	36000.000000	7.09869   	36000.000000	7.31166   	36000.000000	21.5726   	36000.000000	2.48284e-05	
38000.000000	44.6179   	38000.000000	22.5246   	38000.000000	7.34646   	38000.000000	7.14371   	38000.000000	7.34757   	38000.000000	22.5246   	38000.000000	2.35998e-05	
40000.000000	48.1088   	40000.000000	23.4742   	40000.000000	7.37982   	40000.000000	7.18652   	40000.000000	7.38113   	40000.000000	23.4742   	40000.000000	2.24903e-05	
42000.000000	51.7371   	42000.000000	24.4216   	42000.000000	7.41115   	42000.000000	7.22731   	42000.000000	7.41257   	42000.000000	24.4215   	42000.000000	2.14831e-05	
44000.000000	55.5043   	44000.000000	25.3667   	44000.000000	7.44076   	44000.000000	7.26626   	44000.000000	7.44213   	44000.000000	25.3667   	44000.000000	2.05647e-05	
46000.000000	59.4119   	46000.000000	26.3098   	46000.000000	7.46893   	46000.000000	7.30355   	46000.000000	7.4699    	46000.000000	26.3098   	46000.000000	1.97236e-05	
48000.000000	63.4613   	48000.000000	27.2509   	48000.000000	7.49572   	48000.000000	7.33929   	48000.000000	7.49612   	48000.000000	27.2509   	48000.000000	1.89505e-05	
50000.000000	67.654    	50000.000000	28.1901   	50000.000000	7.52096   	50000.000000	7.37362   	50000.000000	7.52087   	50000.000000	28.1901   	50000.000000	1.82373e-05	
