! 128Xe energy loss (dE/dX) in He
! apply ZOOM for details
Energy (MeV/u)1	0 - [He-base] F.Hubert et al, AD&ND Tables 46(1990)1	Energy (MeV/u)2	1 - [H -base] J.F.Ziegler et al,Pergamon Press,NY(low energy)	Energy (MeV/u)3	2 - ATIMA 1.2 LS-theory (recommended for high energy)	Energy (MeV/u)4	3 - ATIMA 1.2 without LS-correction	Energy (MeV/u)5	4 - ATIMA 1.4 H.Weick, improved mean charge formula for HI	Energy (MeV/u)6	5 - electrical component of [1] - J.F.Ziegler et al	Energy (MeV/u)7	6 - nuclear component of [1] - J.F.Ziegler et al	
0.001000	0.000243617	0.001000	0.000298645	0.001000	0.000320355	0.001000	0.000320355	0.001000	0.000320365	0.001000	6.88613e-05	0.001000	0.000229784	
0.002000	0.000252889	0.002000	0.000310332	0.002000	0.000349115	0.002000	0.000349115	0.002000	0.000349124	0.002000	8.93021e-05	0.002000	0.00022103	
0.005000	0.000251117	0.005000	0.000308031	0.005000	0.000384629	0.005000	0.000384629	0.005000	0.000384635	0.005000	0.000125918	0.005000	0.000182113	
0.008000	0.000248775	0.008000	0.000304698	0.008000	0.000410674	0.008000	0.000410674	0.008000	0.000410679	0.008000	0.000150188	0.008000	0.000154511	
0.010000	0.000248578	0.010000	0.000304141	0.010000	0.000427243	0.010000	0.000427243	0.010000	0.000427247	0.010000	0.000163296	0.010000	0.000140845	
0.015000	0.000251128	0.015000	0.000306547	0.015000	0.000467198	0.015000	0.000467198	0.015000	0.000467202	0.015000	0.000190112	0.015000	0.000116435	
0.020000	0.000255993	0.020000	0.000311905	0.020000	0.000505162	0.020000	0.000505162	0.020000	0.000505165	0.020000	0.000211769	0.020000	0.000100136	
0.025000	0.000261886	0.025000	0.000318614	0.025000	0.000541195	0.025000	0.000541195	0.025000	0.000541197	0.025000	0.000230252	0.025000	8.83622e-05	
0.030000	0.000268226	0.030000	0.000325938	0.030000	0.000575446	0.030000	0.000575446	0.030000	0.000575448	0.030000	0.000246545	0.030000	7.93932e-05	
0.035000	0.000274727	0.035000	0.000333512	0.035000	0.000608094	0.035000	0.000608094	0.035000	0.000608096	0.035000	0.000261217	0.035000	7.22958e-05	
0.040000	0.000281243	0.040000	0.000341147	0.040000	0.000639308	0.040000	0.000639308	0.040000	0.00063931	0.040000	0.00027463	0.040000	6.65167e-05	
0.045000	0.000287697	0.045000	0.000348737	0.045000	0.000669242	0.045000	0.000669242	0.045000	0.000669244	0.045000	0.000287032	0.045000	6.17051e-05	
0.050000	0.000294047	0.050000	0.000356226	0.050000	0.000698027	0.050000	0.000698027	0.050000	0.000698029	0.050000	0.000298599	0.050000	5.76269e-05	
0.055000	0.000300271	0.055000	0.000363584	0.055000	0.000725777	0.055000	0.000725777	0.055000	0.000725778	0.055000	0.000309465	0.055000	5.41194e-05	
0.060000	0.000306359	0.060000	0.000370795	0.060000	0.000752589	0.060000	0.000752589	0.060000	0.00075259	0.060000	0.000319729	0.060000	5.10657e-05	
0.070000	0.00031812	0.070000	0.000384751	0.070000	0.000803727	0.070000	0.000803727	0.070000	0.000803728	0.070000	0.000338756	0.070000	4.59953e-05	
0.080000	0.000343456	0.080000	0.000398094	0.080000	0.000851991	0.080000	0.000851991	0.080000	0.000851993	0.080000	0.000356151	0.080000	4.19427e-05	
0.090000	0.000376976	0.090000	0.000424485	0.090000	0.00090215	0.090000	0.00090215	0.090000	0.000902151	0.090000	0.000385866	0.090000	3.86191e-05	
0.100000	0.000408008	0.100000	0.000470337	0.100000	0.000955105	0.100000	0.000955105	0.100000	0.000955106	0.100000	0.000434832	0.100000	3.55044e-05	
0.120000	0.000454765	0.120000	0.000559138	0.120000	0.00105019	0.120000	0.00105019	0.120000	0.00105019	0.120000	0.000527992	0.120000	3.11462e-05	
0.140000	0.000495348	0.140000	0.000641451	0.140000	0.00113055	0.140000	0.00113055	0.140000	0.00113055	0.140000	0.000613625	0.140000	2.78267e-05	
0.160000	0.000532686	0.160000	0.000716628	0.160000	0.00119756	0.160000	0.00119756	0.160000	0.00119757	0.160000	0.000691423	0.160000	2.52048e-05	
0.180000	0.000568525	0.180000	0.000784849	0.180000	0.00125287	0.180000	0.00125287	0.180000	0.00125287	0.180000	0.000761773	0.180000	2.30758e-05	
0.200000	0.000603767	0.200000	0.000846655	0.200000	0.00129817	0.200000	0.00129817	0.200000	0.00129818	0.200000	0.000825346	0.200000	2.13089e-05	
0.250000	0.000674601	0.250000	0.000979253	0.250000	0.00137804	0.250000	0.00137804	0.250000	0.00137805	0.250000	0.00096129	0.250000	1.79631e-05	
0.300000	0.000750506	0.300000	0.0011094 	0.300000	0.00142601	0.300000	0.00142601	0.300000	0.00142601	0.300000	0.00109381	0.300000	1.55929e-05	
0.350000	0.000818793	0.350000	0.00121484	0.350000	0.00145582	0.350000	0.00145582	0.350000	0.00145582	0.350000	0.00120102	0.350000	1.38173e-05	
0.400000	0.000879911	0.400000	0.00130132	0.400000	0.00147571	0.400000	0.00147571	0.400000	0.00147571	0.400000	0.00128889	0.400000	1.24328e-05	
0.450000	0.00093441	0.450000	0.00137311	0.450000	0.00149031	0.450000	0.00149031	0.450000	0.00149031	0.450000	0.00136179	0.450000	1.132e-05 	
0.500000	0.000982919	0.500000	0.00143332	0.500000	0.00150215	0.500000	0.00150215	0.500000	0.00150215	0.500000	0.00142292	0.500000	1.04042e-05	
0.600000	0.00104651	0.600000	0.00155205	0.600000	0.00152212	0.600000	0.00152212	0.600000	0.00152212	0.600000	0.00154307	0.600000	8.98202e-06	
0.700000	0.00109006	0.700000	0.00165449	0.700000	0.00153999	0.700000	0.00153999	0.700000	0.00154   	0.700000	0.00164657	0.700000	7.92486e-06	
0.800000	0.00115699	0.800000	0.0017318 	0.800000	0.00155658	0.800000	0.00155658	0.800000	0.00155658	0.800000	0.00172469	0.800000	7.10555e-06	
0.900000	0.00121139	0.900000	0.00179064	0.900000	0.00157183	0.900000	0.00157183	0.900000	0.00157184	0.900000	0.00178419	0.900000	6.45035e-06	
1.000000	0.00125579	1.000000	0.00183561	1.000000	0.0015856 	1.000000	0.0015856 	1.000000	0.00158561	1.000000	0.0018297 	1.000000	5.91344e-06	
1.250000	0.00130857	1.250000	0.00187156	1.250000	0.00161317	1.250000	0.00161317	1.250000	0.00161317	1.250000	0.00186665	1.250000	4.91395e-06	
1.500000	0.00133624	1.500000	0.00187896	1.500000	0.00163152	1.500000	0.00163152	1.500000	0.00163152	1.500000	0.00187474	1.500000	4.2197e-06	
1.750000	0.00134972	1.750000	0.00187375	1.750000	0.00166352	1.750000	0.00166352	1.750000	0.00166352	1.750000	0.00187004	1.750000	3.70728e-06	
2.000000	0.0013487 	2.000000	0.00185364	2.000000	0.00168459	2.000000	0.00168459	2.000000	0.00168459	2.000000	0.00185033	2.000000	3.31239e-06	
2.250000	0.00134374	2.250000	0.00182871	2.250000	0.0016953 	2.250000	0.0016953 	2.250000	0.0016953 	2.250000	0.00182572	2.250000	2.99807e-06	
2.500000	0.00202615	2.500000	0.00180351	2.500000	0.00169857	2.500000	0.00169857	2.500000	0.00169857	2.500000	0.00180077	2.500000	2.74151e-06	
3.000000	0.00197283	3.000000	0.00175332	3.000000	0.00169032	3.000000	0.00169032	3.000000	0.00169032	3.000000	0.00175097	3.000000	2.34696e-06	
3.500000	0.00191085	3.500000	0.00170368	3.500000	0.00167005	3.500000	0.00167005	3.500000	0.00167006	3.500000	0.00170163	3.500000	2.05688e-06	
4.000000	0.00184691	4.000000	0.00165612	4.000000	0.00164324	4.000000	0.00164324	4.000000	0.00164324	4.000000	0.00165428	4.000000	1.83403e-06	
4.500000	0.00178409	4.500000	0.00161091	4.500000	0.00161296	4.500000	0.00161296	4.500000	0.00161296	4.500000	0.00160925	4.500000	1.65711e-06	
5.000000	0.0017238 	5.000000	0.00156799	5.000000	0.00158102	5.000000	0.00158102	5.000000	0.00158102	5.000000	0.00156648	5.000000	1.51302e-06	
5.500000	0.00166661	5.500000	0.00152751	5.500000	0.00154594	5.500000	0.00154594	5.500000	0.00154594	5.500000	0.00152611	5.500000	1.39326e-06	
6.000000	0.0016127 	6.000000	0.00148914	6.000000	0.00150977	6.000000	0.00150977	6.000000	0.00150977	6.000000	0.00148785	6.000000	1.29204e-06	
6.500000	0.00156202	6.500000	0.00145256	6.500000	0.00147516	6.500000	0.00147516	6.500000	0.00147516	6.500000	0.00145135	6.500000	1.20529e-06	
7.000000	0.00151444	7.000000	0.0014176 	7.000000	0.00144206	7.000000	0.00144206	7.000000	0.00144206	7.000000	0.00141647	7.000000	1.13006e-06	
7.500000	0.00146976	7.500000	0.00138418	7.500000	0.0014104 	7.500000	0.0014104 	7.500000	0.0014104 	7.500000	0.00138312	7.500000	1.06416e-06	
8.000000	0.00142778	8.000000	0.00135236	8.000000	0.00138011	8.000000	0.00138011	8.000000	0.00138011	8.000000	0.00135135	8.000000	1.00593e-06	
8.500000	0.00138831	8.500000	0.00132202	8.500000	0.00135113	8.500000	0.00135113	8.500000	0.00135113	8.500000	0.00132106	8.500000	9.54077e-07	
9.000000	0.00135114	9.000000	0.00129301	9.000000	0.00132337	9.000000	0.00132337	9.000000	0.00132337	9.000000	0.0012921 	9.000000	9.07591e-07	
9.500000	0.0013161 	9.500000	0.00126513	9.500000	0.00129676	9.500000	0.00129676	9.500000	0.00129676	9.500000	0.00126427	9.500000	8.65663e-07	
10.000000	0.00128302	10.000000	0.00118706	10.000000	0.00127124	10.000000	0.00127124	10.000000	0.00127124	10.000000	0.00118623	10.000000	8.27644e-07	
11.000000	0.00122212	11.000000	0.00115507	11.000000	0.00121122	11.000000	0.00122547	11.000000	0.00123691	11.000000	0.00115431	11.000000	7.61296e-07	
12.000000	0.00116738	12.000000	0.00112421	12.000000	0.00115707	12.000000	0.00118338	12.000000	0.00120337	12.000000	0.0011235 	12.000000	7.05296e-07	
13.000000	0.0011179 	13.000000	0.00109446	13.000000	0.00110802	13.000000	0.0011446 	13.000000	0.00117095	13.000000	0.0010938 	13.000000	6.57361e-07	
14.000000	0.00107297	14.000000	0.00106588	14.000000	0.00106343	14.000000	0.0011088 	14.000000	0.00113981	14.000000	0.00106527	14.000000	6.15839e-07	
15.000000	0.00103197	15.000000	0.00103853	15.000000	0.00102275	15.000000	0.00107568	15.000000	0.00111002	15.000000	0.00103795	15.000000	5.79503e-07	
16.000000	0.000994395	16.000000	0.00101242	16.000000	0.000985525	16.000000	0.00104496	16.000000	0.00108163	16.000000	0.00101187	16.000000	5.47424e-07	
17.000000	0.00095983	17.000000	0.000987519	17.000000	0.000951365	17.000000	0.00101641	17.000000	0.0010546 	17.000000	0.000987001	17.000000	5.18882e-07	
18.000000	0.000927916	18.000000	0.000963784	18.000000	0.000919931	18.000000	0.00098984	18.000000	0.00102886	18.000000	0.00096329	18.000000	4.93314e-07	
19.000000	0.000898352	19.000000	0.000941161	19.000000	0.000890942	19.000000	0.000965054	19.000000	0.00100442	19.000000	0.000940691	19.000000	4.7027e-07	
20.000000	0.00087088	20.000000	0.000919596	20.000000	0.000864164	20.000000	0.000941898	20.000000	0.000981246	20.000000	0.000919146	20.000000	4.49389e-07	
21.000000	0.000845279	21.000000	0.000899028	21.000000	0.000839383	21.000000	0.000920231	21.000000	0.00095917	21.000000	0.000898598	21.000000	4.30374e-07	
22.000000	0.00082136	22.000000	0.000879402	22.000000	0.000816404	22.000000	0.000899927	22.000000	0.000938261	22.000000	0.000878989	22.000000	4.12981e-07	
23.000000	0.000798956	23.000000	0.000860661	23.000000	0.000795067	23.000000	0.000880875	23.000000	0.000918378	23.000000	0.000860264	23.000000	3.97009e-07	
24.000000	0.000777925	24.000000	0.000842752	24.000000	0.00077523	24.000000	0.000862975	24.000000	0.000899514	24.000000	0.00084237	24.000000	3.82287e-07	
25.000000	0.000758139	25.000000	0.000825626	25.000000	0.000756756	25.000000	0.000846139	25.000000	0.000881591	25.000000	0.000825257	25.000000	3.68671e-07	
27.000000	0.000721873	27.000000	0.000793535	27.000000	0.000723385	27.000000	0.000815343	27.000000	0.000848392	27.000000	0.000793191	27.000000	3.44287e-07	
29.000000	0.000689417	29.000000	0.000764048	29.000000	0.000694236	29.000000	0.000787938	29.000000	0.000818411	29.000000	0.000763725	29.000000	3.23072e-07	
31.000000	0.000660182	31.000000	0.000736869	31.000000	0.000670518	31.000000	0.000760688	31.000000	0.000786187	31.000000	0.000736565	31.000000	3.04436e-07	
33.000000	0.000633699	33.000000	0.000711742	33.000000	0.000650449	33.000000	0.000733125	33.000000	0.000752368	33.000000	0.000711454	33.000000	2.8793e-07	
35.000000	0.000609585	35.000000	0.000688447	35.000000	0.000631582	35.000000	0.000707706	35.000000	0.000721824	35.000000	0.000688173	35.000000	2.73202e-07	
38.000000	0.000577184	38.000000	0.000656524	38.000000	0.000605584	38.000000	0.000673069	38.000000	0.000681115	38.000000	0.00065627	38.000000	2.53855e-07	
41.000000	0.000548578	41.000000	0.000627751	41.000000	0.000581907	41.000000	0.000642028	41.000000	0.000645453	41.000000	0.000627513	41.000000	2.37182e-07	
44.000000	0.000523118	44.000000	0.000601682	44.000000	0.000560258	44.000000	0.000614044	44.000000	0.000613905	44.000000	0.00060146	44.000000	2.22657e-07	
47.000000	0.000500298	47.000000	0.000577954	47.000000	0.000540357	47.000000	0.00058868	47.000000	0.000585754	47.000000	0.000577744	47.000000	2.09885e-07	
50.000000	0.000479717	50.000000	0.000556262	50.000000	0.000521999	50.000000	0.000565581	50.000000	0.000560485	50.000000	0.000556064	50.000000	1.98562e-07	
55.000000	0.00044954	55.000000	0.000523969	55.000000	0.000494538	55.000000	0.000531341	55.000000	0.000523561	55.000000	0.000523786	55.000000	1.82289e-07	
60.000000	0.000423556	60.000000	0.000495711	60.000000	0.000470213	60.000000	0.000501525	60.000000	0.00049194	60.000000	0.000495542	60.000000	1.68587e-07	
65.000000	0.000400926	65.000000	0.000470773	65.000000	0.000448566	65.000000	0.000475322	65.000000	0.000464514	65.000000	0.000470616	65.000000	1.56882e-07	
70.000000	0.000381024	70.000000	0.000448601	70.000000	0.00042916	70.000000	0.000452112	70.000000	0.000440522	70.000000	0.000448454	70.000000	1.46763e-07	
75.000000	0.000363372	75.000000	0.000428756	75.000000	0.000411732	75.000000	0.000431408	75.000000	0.000420683	75.000000	0.000428618	75.000000	1.37923e-07	
80.000000	0.0003476 	80.000000	0.00041089	80.000000	0.000395893	80.000000	0.000412826	80.000000	0.000402992	80.000000	0.00041076	80.000000	1.30131e-07	
85.000000	0.000333414	85.000000	0.00039472	85.000000	0.00038152	85.000000	0.000396056	85.000000	0.000387077	85.000000	0.000394596	85.000000	1.23208e-07	
90.000000	0.00032058	90.000000	0.000380014	90.000000	0.000368378	90.000000	0.000380845	90.000000	0.000372674	90.000000	0.000379897	90.000000	1.17015e-07	
95.000000	0.000308908	95.000000	0.000366583	95.000000	0.000356313	95.000000	0.000366986	95.000000	0.000359624	95.000000	0.000366471	95.000000	1.1144e-07	
100.000000	0.000298244	100.000000	0.000354267	100.000000	0.000345196	100.000000	0.000354307	100.000000	0.000347725	100.000000	0.00035416	100.000000	1.06394e-07	
105.000000	0.000288459	105.000000	0.000342932	105.000000	0.000334956	105.000000	0.000342664	105.000000	0.000336816	105.000000	0.000342831	105.000000	1.01805e-07	
110.000000	0.000279445	110.000000	0.000332467	110.000000	0.000325464	110.000000	0.000331936	110.000000	0.000326815	110.000000	0.00033237	110.000000	9.76114e-08	
115.000000	0.000271113	115.000000	0.000322775	115.000000	0.000316636	115.000000	0.00032202	115.000000	0.000317552	115.000000	0.000322682	115.000000	9.37641e-08	
120.000000	0.000263385	120.000000	0.000313774	120.000000	0.000308405	120.000000	0.000312827	120.000000	0.000308995	120.000000	0.000313683	120.000000	9.02212e-08	
125.000000	0.000256196	125.000000	0.000305391	125.000000	0.000300719	125.000000	0.000304282	125.000000	0.000301017	125.000000	0.000305305	125.000000	8.69475e-08	
130.000000	0.000249491	130.000000	0.000297567	130.000000	0.000293544	130.000000	0.000296318	130.000000	0.00029361	130.000000	0.000297483	130.000000	8.3913e-08	
135.000000	0.000243221	135.000000	0.000290247	135.000000	0.000286836	135.000000	0.00028888	135.000000	0.000286673	135.000000	0.000290166	135.000000	8.1092e-08	
140.000000	0.000237343	140.000000	0.000283384	140.000000	0.000280504	140.000000	0.000281917	140.000000	0.000280208	140.000000	0.000283305	140.000000	7.84625e-08	
145.000000	0.000231821	145.000000	0.000276936	145.000000	0.000274541	145.000000	0.000275385	145.000000	0.000274114	145.000000	0.00027686	145.000000	7.60052e-08	
150.000000	0.000226623	150.000000	0.000270868	150.000000	0.00026895	150.000000	0.000269247	150.000000	0.000268408	150.000000	0.000270795	150.000000	7.37037e-08	
155.000000	0.000219131	155.000000	0.000265147	155.000000	0.00026365	155.000000	0.000263467	155.000000	0.000263022	155.000000	0.000265076	155.000000	7.15432e-08	
160.000000	0.000214829	160.000000	0.000259745	160.000000	0.000258622	160.000000	0.000258016	160.000000	0.000257943	160.000000	0.000259675	160.000000	6.95111e-08	
165.000000	0.00021076	165.000000	0.000254634	165.000000	0.000253872	165.000000	0.000252866	165.000000	0.000253155	165.000000	0.000254567	165.000000	6.75961e-08	
170.000000	0.000206907	170.000000	0.000249794	170.000000	0.000249375	170.000000	0.000247994	170.000000	0.000248597	170.000000	0.000249728	170.000000	6.57882e-08	
175.000000	0.000203251	175.000000	0.000245202	175.000000	0.000245105	175.000000	0.000243378	175.000000	0.000244291	175.000000	0.000245138	175.000000	6.40785e-08	
180.000000	0.000199778	180.000000	0.000240841	180.000000	0.000241036	180.000000	0.000238999	180.000000	0.000240204	180.000000	0.000240779	180.000000	6.24592e-08	
185.000000	0.000196474	185.000000	0.000236694	185.000000	0.000237163	185.000000	0.000234839	185.000000	0.000236307	185.000000	0.000236633	185.000000	6.09231e-08	
190.000000	0.000193328	190.000000	0.000232745	190.000000	0.000233478	190.000000	0.000230883	190.000000	0.000232609	190.000000	0.000232686	190.000000	5.94639e-08	
195.000000	0.000190327	195.000000	0.000228981	195.000000	0.000229958	195.000000	0.000227115	195.000000	0.000229085	195.000000	0.000228923	195.000000	5.80759e-08	
200.000000	0.000187463	200.000000	0.000225389	200.000000	0.000226591	200.000000	0.000223523	200.000000	0.000225712	200.000000	0.000225332	200.000000	5.67539e-08	
210.000000	0.000182105	210.000000	0.000218677	210.000000	0.000220301	210.000000	0.000216822	210.000000	0.000219435	210.000000	0.000218623	210.000000	5.42898e-08	
220.000000	0.000177193	220.000000	0.000212529	220.000000	0.000214521	220.000000	0.000210695	220.000000	0.000213665	220.000000	0.000212477	220.000000	5.2039e-08	
230.000000	0.00017267	230.000000	0.000206878	230.000000	0.000209206	230.000000	0.000205073	230.000000	0.000208376	230.000000	0.000206828	230.000000	4.99748e-08	
240.000000	0.000168494	240.000000	0.000201667	240.000000	0.000204291	240.000000	0.000199897	240.000000	0.000203488	240.000000	0.000201619	240.000000	4.80745e-08	
250.000000	0.000164625	250.000000	0.000196847	250.000000	0.000199739	250.000000	0.000195118	250.000000	0.000198974	250.000000	0.000196801	250.000000	4.63191e-08	
260.000000	0.00016103	260.000000	0.000192376	260.000000	0.000195521	260.000000	0.000190692	260.000000	0.000194783	260.000000	0.000192331	260.000000	4.46924e-08	
270.000000	0.000157682	270.000000	0.000188219	270.000000	0.000191597	270.000000	0.000186582	270.000000	0.000190892	270.000000	0.000188176	270.000000	4.31806e-08	
280.000000	0.000154555	280.000000	0.000184344	280.000000	0.000187934	280.000000	0.000182757	280.000000	0.000187255	280.000000	0.000184302	280.000000	4.17717e-08	
290.000000	0.00015163	290.000000	0.000180724	290.000000	0.000184508	290.000000	0.000179189	290.000000	0.000183868	290.000000	0.000180683	290.000000	4.04555e-08	
300.000000	0.000148886	300.000000	0.000177335	300.000000	0.000181296	300.000000	0.000175853	300.000000	0.000180681	300.000000	0.000177296	300.000000	3.92229e-08	
310.000000	0.000146307	310.000000	0.000174156	310.000000	0.000178283	310.000000	0.000172729	310.000000	0.0001777 	310.000000	0.000174118	310.000000	3.80662e-08	
320.000000	0.00014388	320.000000	0.00017117	320.000000	0.000175452	320.000000	0.000169796	320.000000	0.000174893	320.000000	0.000171133	320.000000	3.69785e-08	
330.000000	0.000141592	330.000000	0.000168358	330.000000	0.000172787	330.000000	0.00016704	330.000000	0.000172249	330.000000	0.000168322	330.000000	3.59536e-08	
340.000000	0.00013943	340.000000	0.000165708	340.000000	0.00017027	340.000000	0.000164444	340.000000	0.000169764	340.000000	0.000165673	340.000000	3.49863e-08	
350.000000	0.000137386	350.000000	0.000163205	350.000000	0.000167891	350.000000	0.000161996	350.000000	0.000167406	350.000000	0.000163171	350.000000	3.40717e-08	
360.000000	0.000135449	360.000000	0.000160839	360.000000	0.000165647	360.000000	0.000159684	360.000000	0.00016518	360.000000	0.000160806	360.000000	3.32055e-08	
370.000000	0.000133612	370.000000	0.000158599	370.000000	0.000163525	370.000000	0.000157498	370.000000	0.000163078	370.000000	0.000158567	370.000000	3.23841e-08	
380.000000	0.000131868	380.000000	0.000156475	380.000000	0.000161507	380.000000	0.000155427	380.000000	0.000161074	380.000000	0.000156443	380.000000	3.16039e-08	
390.000000	0.000130209	390.000000	0.000154459	390.000000	0.000159589	390.000000	0.000153464	390.000000	0.000159176	390.000000	0.000154428	390.000000	3.08619e-08	
400.000000	0.00012863	400.000000	0.000152543	400.000000	0.00015777	400.000000	0.0001516 	400.000000	0.000157379	400.000000	0.000152513	400.000000	3.01553e-08	
410.000000	0.000127126	410.000000	0.000150721	410.000000	0.000156038	410.000000	0.000149829	410.000000	0.00015566	410.000000	0.000150691	410.000000	2.94816e-08	
420.000000	0.000125691	420.000000	0.000148985	420.000000	0.000154383	420.000000	0.000148144	420.000000	0.000154026	420.000000	0.000148956	420.000000	2.88385e-08	
430.000000	0.00012432	430.000000	0.000147331	430.000000	0.000152805	430.000000	0.000146539	430.000000	0.000152472	430.000000	0.000147302	430.000000	2.8224e-08	
440.000000	0.000123011	440.000000	0.000145752	440.000000	0.000151307	440.000000	0.00014501	440.000000	0.000150986	440.000000	0.000145725	440.000000	2.76362e-08	
450.000000	0.000121759	450.000000	0.000144245	450.000000	0.000149879	450.000000	0.000143551	450.000000	0.000149564	450.000000	0.000144218	450.000000	2.70733e-08	
460.000000	0.00012056	460.000000	0.000142804	460.000000	0.000148511	460.000000	0.000142157	460.000000	0.000148208	460.000000	0.000142778	460.000000	2.65338e-08	
470.000000	0.000119411	470.000000	0.000141426	470.000000	0.000147199	470.000000	0.000140825	470.000000	0.000146914	470.000000	0.0001414 	470.000000	2.60162e-08	
480.000000	0.00011831	480.000000	0.000140107	480.000000	0.000145942	480.000000	0.000139552	480.000000	0.000145668	480.000000	0.000140081	480.000000	2.55192e-08	
490.000000	0.000117253	490.000000	0.000138843	490.000000	0.000144737	490.000000	0.000138332	490.000000	0.000144475	490.000000	0.000138818	490.000000	2.50416e-08	
500.000000	0.000116239	500.000000	0.000137631	500.000000	0.000143583	500.000000	0.000137164	500.000000	0.000143334	500.000000	0.000137606	500.000000	2.45822e-08	
520.000000	0.000114328	520.000000	0.000135352	520.000000	0.000141415	520.000000	0.00013497	520.000000	0.000141188	520.000000	0.000135329	520.000000	2.37142e-08	
540.000000	0.00011256	540.000000	0.00013325	540.000000	0.000139412	540.000000	0.000132949	540.000000	0.000139204	540.000000	0.000133227	540.000000	2.29076e-08	
560.000000	0.00011092	560.000000	0.000131306	560.000000	0.00013756	560.000000	0.000131083	560.000000	0.000137373	560.000000	0.000131284	560.000000	2.21561e-08	
580.000000	0.000109397	580.000000	0.000129504	580.000000	0.000135848	580.000000	0.000129355	580.000000	0.000135671	580.000000	0.000129483	580.000000	2.14542e-08	
600.000000	0.000107979	600.000000	0.000127831	600.000000	0.000134259	600.000000	0.000127752	600.000000	0.000134095	600.000000	0.00012781	600.000000	2.0797e-08	
620.000000	0.000106657	620.000000	0.000126274	620.000000	0.000132777	620.000000	0.000126262	620.000000	0.000132622	620.000000	0.000126254	620.000000	2.01804e-08	
640.000000	0.000105422	640.000000	0.000124823	640.000000	0.000131393	640.000000	0.000124875	640.000000	0.000131253	640.000000	0.000124803	640.000000	1.96007e-08	
660.000000	0.000104268	660.000000	0.000123469	660.000000	0.000130104	660.000000	0.000123582	660.000000	0.000129974	660.000000	0.00012345	660.000000	1.90546e-08	
680.000000	0.000103186	680.000000	0.000122203	680.000000	0.000128902	680.000000	0.000122373	680.000000	0.000128775	680.000000	0.000122185	680.000000	1.85392e-08	
700.000000	0.000102173	700.000000	0.000121019	700.000000	0.000127774	700.000000	0.000121243	700.000000	0.000127657	700.000000	0.000121001	700.000000	1.8052e-08	
720.000000	0.000101221	720.000000	0.000119909	720.000000	0.000126714	720.000000	0.000120184	720.000000	0.000126605	720.000000	0.000119891	720.000000	1.75907e-08	
740.000000	0.000100327	740.000000	0.000118867	740.000000	0.000125718	740.000000	0.00011919	740.000000	0.000125618	740.000000	0.00011885	740.000000	1.71533e-08	
760.000000	9.94857e-05	760.000000	0.000117889	760.000000	0.000124782	760.000000	0.000118257	760.000000	0.000124692	760.000000	0.000117873	760.000000	1.67379e-08	
780.000000	9.86942e-05	780.000000	0.00011697	780.000000	0.000123903	780.000000	0.00011738	780.000000	0.000123818	780.000000	0.000116954	780.000000	1.63429e-08	
800.000000	9.79486e-05	800.000000	0.000116105	800.000000	0.000123075	800.000000	0.000116555	800.000000	0.000122994	800.000000	0.000116089	800.000000	1.59668e-08	
820.000000	9.72458e-05	820.000000	0.000115291	820.000000	0.000122294	820.000000	0.000115777	820.000000	0.00012222	820.000000	0.000115275	820.000000	1.56083e-08	
840.000000	9.65829e-05	840.000000	0.000114524	840.000000	0.000121558	840.000000	0.000115044	840.000000	0.000121489	840.000000	0.000114508	840.000000	1.52661e-08	
860.000000	9.59574e-05	860.000000	0.0001138 	860.000000	0.000120864	860.000000	0.000114351	860.000000	0.000120795	860.000000	0.000113785	860.000000	1.49391e-08	
880.000000	9.53668e-05	880.000000	0.000113117	880.000000	0.000120207	880.000000	0.000113698	880.000000	0.000120142	880.000000	0.000113103	880.000000	1.46264e-08	
900.000000	9.4809e-05	900.000000	0.000112473	900.000000	0.000119583	900.000000	0.000113079	900.000000	0.000119525	900.000000	0.000112459	900.000000	1.4327e-08	
920.000000	9.42819e-05	920.000000	0.000111865	920.000000	0.000118992	920.000000	0.000112495	920.000000	0.000118938	920.000000	0.000111851	920.000000	1.40401e-08	
940.000000	9.37838e-05	940.000000	0.00011129	940.000000	0.000118431	940.000000	0.000111941	940.000000	0.000118382	940.000000	0.000111276	940.000000	1.37648e-08	
960.000000	9.33129e-05	960.000000	0.000110747	960.000000	0.000117901	960.000000	0.000111416	960.000000	0.000117856	960.000000	0.000110733	960.000000	1.35006e-08	
980.000000	9.28677e-05	980.000000	0.000110233	980.000000	0.0001174 	980.000000	0.000110919	980.000000	0.000117359	980.000000	0.00011022	980.000000	1.32466e-08	
1000.000000	9.24468e-05	1000.000000	0.000109747	1000.000000	0.000116926	1000.000000	0.000110448	1000.000000	0.000116883	1000.000000	0.000109734	1000.000000	1.30024e-08	
1020.000000	9.20488e-05	1020.000000	0.000109288	1020.000000	0.000116476	1020.000000	0.00011   	1020.000000	0.000116432	1020.000000	0.000109275	1020.000000	1.27674e-08	
1040.000000	9.16725e-05	1040.000000	0.000108853	1040.000000	0.000116047	1040.000000	0.000109575	1040.000000	0.000116004	1040.000000	0.000108841	1040.000000	1.25411e-08	
1060.000000	9.13167e-05	1060.000000	0.000108442	1060.000000	0.000115639	1060.000000	0.000109172	1060.000000	0.000115598	1060.000000	0.00010843	1060.000000	1.23229e-08	
1080.000000	9.09804e-05	1080.000000	0.000108053	1080.000000	0.000115249	1080.000000	0.000108788	1080.000000	0.000115209	1080.000000	0.000108041	1080.000000	1.21124e-08	
1100.000000	9.06626e-05	1100.000000	0.000107685	1100.000000	0.000114879	1100.000000	0.000108424	1100.000000	0.00011484	1100.000000	0.000107673	1100.000000	1.19093e-08	
1120.000000	9.03624e-05	1120.000000	0.000107337	1120.000000	0.000114527	1120.000000	0.000108077	1120.000000	0.00011449	1120.000000	0.000107326	1120.000000	1.17132e-08	
1140.000000	9.00788e-05	1140.000000	0.000107008	1140.000000	0.000114192	1140.000000	0.000107748	1140.000000	0.000114157	1140.000000	0.000106997	1140.000000	1.15236e-08	
1160.000000	8.98112e-05	1160.000000	0.000106697	1160.000000	0.000113873	1160.000000	0.000107434	1160.000000	0.000113839	1160.000000	0.000106686	1160.000000	1.13403e-08	
1180.000000	8.95587e-05	1180.000000	0.000106403	1180.000000	0.00011357	1180.000000	0.000107135	1180.000000	0.000113536	1180.000000	0.000106392	1180.000000	1.1163e-08	
1200.000000	8.93207e-05	1200.000000	0.000106125	1200.000000	0.000113281	1200.000000	0.000106851	1200.000000	0.000113247	1200.000000	0.000106114	1200.000000	1.09913e-08	
1220.000000	8.90965e-05	1220.000000	0.000105862	1220.000000	0.000113006	1220.000000	0.00010658	1220.000000	0.000112973	1220.000000	0.000105852	1220.000000	1.0825e-08	
1240.000000	8.88854e-05	1240.000000	0.000105615	1240.000000	0.000112744	1240.000000	0.000106322	1240.000000	0.000112712	1240.000000	0.000105604	1240.000000	1.06639e-08	
1260.000000	8.86869e-05	1260.000000	0.000105381	1260.000000	0.000112494	1260.000000	0.000106077	1260.000000	0.000112462	1260.000000	0.00010537	1260.000000	1.05076e-08	
1280.000000	8.85005e-05	1280.000000	0.00010516	1280.000000	0.000112255	1280.000000	0.000105842	1280.000000	0.000112223	1280.000000	0.00010515	1280.000000	1.03561e-08	
1300.000000	8.83256e-05	1300.000000	0.000104952	1300.000000	0.000112028	1300.000000	0.000105619	1300.000000	0.000111996	1300.000000	0.000104942	1300.000000	1.0209e-08	
1320.000000	8.81617e-05	1320.000000	0.000104757	1320.000000	0.000111811	1320.000000	0.000105407	1320.000000	0.00011178	1320.000000	0.000104747	1320.000000	1.00662e-08	
1340.000000	8.80084e-05	1340.000000	0.000104573	1340.000000	0.000111604	1340.000000	0.000105204	1340.000000	0.000111575	1340.000000	0.000104563	1340.000000	9.92746e-09	
1360.000000	8.78653e-05	1360.000000	0.0001044 	1360.000000	0.000111406	1360.000000	0.000105011	1360.000000	0.000111378	1360.000000	0.00010439	1360.000000	9.79265e-09	
1380.000000	8.77319e-05	1380.000000	0.000104238	1380.000000	0.000111217	1380.000000	0.000104827	1380.000000	0.000111189	1380.000000	0.000104228	1380.000000	9.66158e-09	
1400.000000	8.76078e-05	1400.000000	0.000104086	1400.000000	0.000111037	1400.000000	0.000104652	1400.000000	0.00011101	1400.000000	0.000104076	1400.000000	9.53411e-09	
1420.000000	8.74928e-05	1420.000000	0.000103944	1420.000000	0.000110866	1420.000000	0.000104484	1420.000000	0.000110839	1420.000000	0.000103934	1420.000000	9.41007e-09	
1440.000000	8.73864e-05	1440.000000	0.000103811	1440.000000	0.000110702	1440.000000	0.000104325	1440.000000	0.000110677	1440.000000	0.000103801	1440.000000	9.28935e-09	
1460.000000	8.72884e-05	1460.000000	0.000103687	1460.000000	0.000110546	1460.000000	0.000104173	1460.000000	0.000110523	1460.000000	0.000103678	1460.000000	9.17179e-09	
1480.000000	8.71983e-05	1480.000000	0.000103572	1480.000000	0.000110398	1480.000000	0.000104029	1480.000000	0.000110374	1480.000000	0.000103563	1480.000000	9.05728e-09	
1500.000000	8.7116e-05	1500.000000	0.000103465	1500.000000	0.000110256	1500.000000	0.000103891	1500.000000	0.000110232	1500.000000	0.000103456	1500.000000	8.9457e-09	
1520.000000	8.70411e-05	1520.000000	0.000103366	1520.000000	0.000110122	1520.000000	0.00010376	1520.000000	0.000110098	1520.000000	0.000103357	1520.000000	8.83694e-09	
1540.000000	8.69734e-05	1540.000000	0.000103275	1540.000000	0.000109993	1540.000000	0.000103635	1540.000000	0.000109971	1540.000000	0.000103266	1540.000000	8.73088e-09	
1560.000000	8.69126e-05	1560.000000	0.000103191	1560.000000	0.00010987	1560.000000	0.000103516	1560.000000	0.000109849	1560.000000	0.000103182	1560.000000	8.62744e-09	
1580.000000	8.68585e-05	1580.000000	0.000103114	1580.000000	0.000109754	1580.000000	0.000103402	1580.000000	0.000109734	1580.000000	0.000103106	1580.000000	8.5265e-09	
1600.000000	8.68108e-05	1600.000000	0.000103044	1600.000000	0.000109642	1600.000000	0.000103295	1600.000000	0.000109624	1600.000000	0.000103036	1600.000000	8.42799e-09	
1620.000000	8.67694e-05	1620.000000	0.000102981	1620.000000	0.000109536	1620.000000	0.000103192	1620.000000	0.000109518	1620.000000	0.000102973	1620.000000	8.33181e-09	
1640.000000	8.6734e-05	1640.000000	0.000102924	1640.000000	0.000109435	1640.000000	0.000103095	1640.000000	0.000109418	1640.000000	0.000102916	1640.000000	8.23788e-09	
1660.000000	8.67044e-05	1660.000000	0.000102873	1660.000000	0.000109339	1660.000000	0.000103002	1660.000000	0.000109322	1660.000000	0.000102865	1660.000000	8.14612e-09	
1680.000000	8.66805e-05	1680.000000	0.000102829	1680.000000	0.000109248	1680.000000	0.000102914	1680.000000	0.000109232	1680.000000	0.00010282	1680.000000	8.05646e-09	
1700.000000	8.6662e-05	1700.000000	0.000102789	1700.000000	0.000109161	1700.000000	0.000102831	1700.000000	0.000109147	1700.000000	0.000102781	1700.000000	7.96882e-09	
1750.000000	8.66386e-05	1750.000000	0.000102715	1750.000000	0.000108962	1750.000000	0.000102641	1750.000000	0.00010895	1750.000000	0.000102707	1750.000000	7.75814e-09	
1800.000000	8.66457e-05	1800.000000	0.000102672	1800.000000	0.000108788	1800.000000	0.000102475	1800.000000	0.000108778	1800.000000	0.000102665	1800.000000	7.5587e-09	
1850.000000	8.66811e-05	1850.000000	0.000102659	1850.000000	0.000108637	1850.000000	0.000102331	1850.000000	0.000108629	1850.000000	0.000102651	1850.000000	7.36961e-09	
1900.000000	8.67429e-05	1900.000000	0.000102672	1900.000000	0.000108506	1900.000000	0.000102207	1900.000000	0.000108499	1900.000000	0.000102664	1900.000000	7.19007e-09	
1950.000000	8.68291e-05	1950.000000	0.000102709	1950.000000	0.000108393	1950.000000	0.000102101	1950.000000	0.000108387	1950.000000	0.000102702	1950.000000	7.01938e-09	
2000.000000	8.69381e-05	2000.000000	0.00010277	2000.000000	0.000108298	2000.000000	0.000102012	2000.000000	0.000108293	2000.000000	0.000102763	2000.000000	6.85689e-09	
2100.000000	8.72189e-05	2100.000000	0.000102953	2100.000000	0.000108151	2100.000000	0.000101877	2100.000000	0.000108148	2100.000000	0.000102947	2100.000000	6.55422e-09	
2200.000000	8.75748e-05	2200.000000	0.00010321	2200.000000	0.000108055	2200.000000	0.000101793	2200.000000	0.000108056	2200.000000	0.000103204	2200.000000	6.278e-09 	
2300.000000	8.79973e-05	2300.000000	0.000103531	2300.000000	0.000108002	2300.000000	0.000101751	2300.000000	0.000108004	2300.000000	0.000103525	2300.000000	6.02487e-09	
2400.000000	8.84791e-05	2400.000000	0.000103907	2400.000000	0.000107986	2400.000000	0.000101746	2400.000000	0.00010799	2400.000000	0.000103901	2400.000000	5.79204e-09	
2500.000000	8.9014e-05	2500.000000	0.000104333	2500.000000	0.000108001	2500.000000	0.00010177	2500.000000	0.000108006	2500.000000	0.000104327	2500.000000	5.57711e-09	
2600.000000	8.95968e-05	2600.000000	0.000104801	2600.000000	0.000108043	2600.000000	0.00010182	2600.000000	0.000108049	2600.000000	0.000104796	2600.000000	5.37809e-09	
2700.000000	9.02231e-05	2700.000000	0.000105309	2700.000000	0.000108106	2700.000000	0.000101892	2700.000000	0.000108114	2700.000000	0.000105304	2700.000000	5.19324e-09	
2800.000000	9.08889e-05	2800.000000	0.00010585	2800.000000	0.000108189	2800.000000	0.000101983	2800.000000	0.000108198	2800.000000	0.000105845	2800.000000	5.0211e-09	
2900.000000	9.15909e-05	2900.000000	0.000106423	2900.000000	0.000108288	2900.000000	0.00010209	2900.000000	0.000108297	2900.000000	0.000106418	2900.000000	4.86038e-09	
3000.000000	9.23263e-05	3000.000000	0.000107023	3000.000000	0.000108401	3000.000000	0.00010221	3000.000000	0.000108412	3000.000000	0.000107018	3000.000000	4.70996e-09	
3200.000000	9.38869e-05	3200.000000	0.000108295	3200.000000	0.000108661	3200.000000	0.000102483	3200.000000	0.000108673	3200.000000	0.00010829	3200.000000	4.43629e-09	
3400.000000	9.55538e-05	3400.000000	0.000109648	3400.000000	0.000108956	3400.000000	0.000102791	3400.000000	0.00010897	3400.000000	0.000109644	3400.000000	4.19363e-09	
3600.000000	9.73134e-05	3600.000000	0.000111069	3600.000000	0.000109278	3600.000000	0.000103123	3600.000000	0.000109292	3600.000000	0.000111065	3600.000000	3.97694e-09	
3800.000000	9.91552e-05	3800.000000	0.000112547	3800.000000	0.000109619	3800.000000	0.000103473	3800.000000	0.000109632	3800.000000	0.000112543	3800.000000	3.78223e-09	
4000.000000	0.00010107	4000.000000	0.000114072	4000.000000	0.000109973	4000.000000	0.000103835	4000.000000	0.000109984	4000.000000	0.000114069	4000.000000	3.60628e-09	
4200.000000	0.000103052	4200.000000	0.000115638	4200.000000	0.000110336	4200.000000	0.000104205	4200.000000	0.000110346	4200.000000	0.000115634	4200.000000	3.44647e-09	
4400.000000	0.000105095	4400.000000	0.000117238	4400.000000	0.000110703	4400.000000	0.00010458	4400.000000	0.000110711	4400.000000	0.000117234	4400.000000	3.30067e-09	
4600.000000	0.000107193	4600.000000	0.000118867	4600.000000	0.000111072	4600.000000	0.000104958	4600.000000	0.000111081	4600.000000	0.000118864	4600.000000	3.16708e-09	
4800.000000	0.000109344	4800.000000	0.000120523	4800.000000	0.000111441	4800.000000	0.000105336	4800.000000	0.00011145	4800.000000	0.00012052	4800.000000	3.04421e-09	
5000.000000	0.000111542	5000.000000	0.0001222 	5000.000000	0.000111809	5000.000000	0.000105713	5000.000000	0.00011182	5000.000000	0.000122197	5000.000000	2.93082e-09	
5250.000000	0.000114354	5250.000000	0.000124324	5250.000000	0.000112266	5250.000000	0.000106183	5250.000000	0.000112279	5250.000000	0.000124322	5250.000000	2.8008e-09	
5500.000000	0.000117233	5500.000000	0.000126474	5500.000000	0.000112718	5500.000000	0.000106647	5500.000000	0.000112734	5500.000000	0.000126471	5500.000000	2.68217e-09	
6000.000000	0.000123174	6000.000000	0.000130836	6000.000000	0.000113605	6000.000000	0.000107559	6000.000000	0.000113625	6000.000000	0.000130833	6000.000000	2.47354e-09	
6500.000000	0.000129341	6500.000000	0.000135262	6500.000000	0.000114469	6500.000000	0.000108442	6500.000000	0.000114488	6500.000000	0.00013526	6500.000000	2.2959e-09	
7000.000000	0.000135715	7000.000000	0.000139736	7000.000000	0.000115297	7000.000000	0.000109295	7000.000000	0.000115321	7000.000000	0.000139734	7000.000000	2.14277e-09	
7500.000000	0.000142284	7500.000000	0.000144247	7500.000000	0.000116099	7500.000000	0.000110116	7500.000000	0.000116121	7500.000000	0.000144245	7500.000000	2.00936e-09	
8000.000000	0.000149037	8000.000000	0.000148784	8000.000000	0.000116867	8000.000000	0.000110906	8000.000000	0.000116891	8000.000000	0.000148782	8000.000000	1.89206e-09	
8500.000000	0.000155968	8500.000000	0.000153342	8500.000000	0.000117605	8500.000000	0.000111666	8500.000000	0.000117629	8500.000000	0.00015334	8500.000000	1.78808e-09	
9000.000000	0.000163069	9000.000000	0.000157915	9000.000000	0.000118314	9000.000000	0.000112397	9000.000000	0.000118339	9000.000000	0.000157914	9000.000000	1.69526e-09	
9500.000000	0.000170336	9500.000000	0.0001625 	9500.000000	0.000118996	9500.000000	0.000113101	9500.000000	0.00011902	9500.000000	0.000162498	9500.000000	1.61187e-09	
10000.000000	0.000177766	10000.000000	0.000167093	10000.000000	0.000119652	10000.000000	0.000113779	10000.000000	0.000119675	10000.000000	0.000167092	10000.000000	1.53654e-09	
11000.000000	0.000193102	11000.000000	0.000176295	11000.000000	0.000120888	11000.000000	0.000115064	11000.000000	0.000120912	11000.000000	0.000176294	11000.000000	1.40575e-09	
12000.000000	0.000209058	12000.000000	0.000185508	12000.000000	0.000122031	12000.000000	0.000116262	12000.000000	0.00012206	12000.000000	0.000185507	12000.000000	1.29605e-09	
13000.000000	0.000225622	13000.000000	0.000194722	13000.000000	0.000123097	13000.000000	0.000117383	13000.000000	0.000123128	13000.000000	0.000194721	13000.000000	1.20267e-09	
14000.000000	0.000242787	14000.000000	0.000203931	14000.000000	0.000124098	14000.000000	0.000118435	14000.000000	0.000124125	14000.000000	0.00020393	14000.000000	1.1222e-09	
15000.000000	0.000260546	15000.000000	0.000213132	15000.000000	0.000125039	15000.000000	0.000119427	15000.000000	0.000125059	15000.000000	0.000213131	15000.000000	1.0521e-09	
16000.000000	0.000278898	16000.000000	0.000222322	16000.000000	0.00012592	16000.000000	0.000120363	16000.000000	0.000125936	16000.000000	0.000222321	16000.000000	9.90487e-10	
17000.000000	0.000297839	17000.000000	0.000231499	17000.000000	0.000126745	17000.000000	0.00012125	17000.000000	0.000126761	17000.000000	0.000231498	17000.000000	9.35882e-10	
18000.000000	0.000317369	18000.000000	0.000240662	18000.000000	0.000127521	18000.000000	0.000122092	18000.000000	0.00012754	18000.000000	0.000240661	18000.000000	8.87148e-10	
19000.000000	0.000337487	19000.000000	0.00024981	19000.000000	0.000128253	19000.000000	0.000122894	19000.000000	0.000128276	19000.000000	0.000249809	19000.000000	8.43376e-10	
20000.000000	0.000358194	20000.000000	0.000258943	20000.000000	0.000128948	20000.000000	0.000123658	20000.000000	0.000128973	20000.000000	0.000258942	20000.000000	8.03839e-10	
21000.000000	0.00037949	21000.000000	0.00026806	21000.000000	0.00012961	21000.000000	0.000124389	21000.000000	0.000129635	21000.000000	0.000268059	21000.000000	7.67945e-10	
22000.000000	0.000401378	22000.000000	0.000277162	22000.000000	0.00013024	22000.000000	0.000125089	22000.000000	0.000130264	22000.000000	0.000277162	22000.000000	7.35209e-10	
23000.000000	0.000423857	23000.000000	0.000286249	23000.000000	0.000130837	23000.000000	0.000125761	23000.000000	0.000130864	23000.000000	0.000286249	23000.000000	7.05227e-10	
24000.000000	0.000446931	24000.000000	0.000295321	24000.000000	0.000131406	24000.000000	0.000126406	24000.000000	0.000131435	24000.000000	0.000295321	24000.000000	6.77662e-10	
25000.000000	0.000470601	25000.000000	0.000304378	25000.000000	0.000131953	25000.000000	0.000127026	25000.000000	0.000131981	25000.000000	0.000304378	25000.000000	6.52231e-10	
26000.000000	0.000494869	26000.000000	0.000313421	26000.000000	0.000132477	26000.000000	0.000127624	26000.000000	0.000132501	26000.000000	0.00031342	26000.000000	6.28694e-10	
27000.000000	0.000519738	27000.000000	0.000322449	27000.000000	0.000132977	27000.000000	0.000128201	27000.000000	0.000133001	27000.000000	0.000322448	27000.000000	6.06843e-10	
28000.000000	0.00054521	28000.000000	0.000331462	28000.000000	0.000133454	28000.000000	0.000128759	28000.000000	0.000133479	28000.000000	0.000331462	28000.000000	5.86503e-10	
29000.000000	0.000571288	29000.000000	0.000340462	29000.000000	0.000133911	29000.000000	0.000129298	29000.000000	0.000133938	29000.000000	0.000340462	29000.000000	5.67521e-10	
30000.000000	0.000597974	30000.000000	0.000349449	30000.000000	0.000134351	30000.000000	0.000129819	30000.000000	0.000134378	30000.000000	0.000349448	30000.000000	5.49763e-10	
32000.000000	0.000653183	32000.000000	0.000367382	32000.000000	0.00013518	32000.000000	0.000130815	32000.000000	0.000135209	32000.000000	0.000367381	32000.000000	5.17473e-10	
34000.000000	0.00071086	34000.000000	0.000385265	34000.000000	0.000135952	34000.000000	0.000131753	34000.000000	0.000135978	34000.000000	0.000385264	34000.000000	4.88863e-10	
36000.000000	0.000771029	36000.000000	0.000403099	36000.000000	0.000136668	36000.000000	0.00013264	36000.000000	0.000136693	36000.000000	0.000403099	36000.000000	4.63333e-10	
38000.000000	0.000833715	38000.000000	0.000420887	38000.000000	0.000137334	38000.000000	0.000133482	38000.000000	0.00013736	38000.000000	0.000420887	38000.000000	4.40407e-10	
40000.000000	0.000898944	40000.000000	0.000438631	40000.000000	0.000137957	40000.000000	0.000134281	40000.000000	0.000137983	40000.000000	0.000438631	40000.000000	4.19703e-10	
42000.000000	0.000966741	42000.000000	0.000456333	42000.000000	0.00013854	42000.000000	0.000135044	42000.000000	0.000138566	42000.000000	0.000456332	42000.000000	4.00909e-10	
44000.000000	0.00103713	44000.000000	0.000473994	44000.000000	0.000139089	44000.000000	0.000135772	44000.000000	0.000139115	44000.000000	0.000473994	44000.000000	3.83771e-10	
46000.000000	0.00111015	46000.000000	0.000491616	46000.000000	0.000139609	46000.000000	0.000136468	46000.000000	0.00013963	46000.000000	0.000491616	46000.000000	3.68077e-10	
48000.000000	0.00118582	48000.000000	0.000509201	48000.000000	0.000140102	48000.000000	0.000137136	48000.000000	0.000140116	48000.000000	0.000509201	48000.000000	3.53651e-10	
50000.000000	0.00126416	50000.000000	0.000526751	50000.000000	0.000140567	50000.000000	0.000137778	50000.000000	0.000140575	50000.000000	0.00052675	50000.000000	3.40342e-10	
