! 133Cs energy loss (dE/dX) in He
! apply ZOOM for details
Energy (MeV/u)1	0 - [He-base] F.Hubert et al, AD&ND Tables 46(1990)1	Energy (MeV/u)2	1 - [H -base] J.F.Ziegler et al,Pergamon Press,NY(low energy)	Energy (MeV/u)3	2 - ATIMA 1.2 LS-theory (recommended for high energy)	Energy (MeV/u)4	3 - ATIMA 1.2 without LS-correction	Energy (MeV/u)5	4 - ATIMA 1.4 H.Weick, improved mean charge formula for HI	Energy (MeV/u)6	5 - electrical component of [1] - J.F.Ziegler et al	Energy (MeV/u)7	6 - nuclear component of [1] - J.F.Ziegler et al	
0.001000	13.7382   	0.001000	16.8388   	0.001000	14.6073   	0.001000	14.6073   	0.001000	14.6078   	0.001000	3.86083   	0.001000	12.978    	
0.002000	14.2735   	0.002000	17.5217   	0.002000	14.8189   	0.002000	14.8189   	0.002000	14.8194   	0.002000	5.00688   	0.002000	12.5149   	
0.005000	14.1746   	0.005000	17.4092   	0.005000	13.9922   	0.005000	13.9922   	0.005000	13.9925   	0.005000	7.05984   	0.005000	10.3494   	
0.008000	14.0315   	0.008000	17.2174   	0.008000	13.4046   	0.008000	13.4046   	0.008000	13.4048   	0.008000	8.42053   	0.008000	8.79686   	
0.010000	14.0124   	0.010000	17.1808   	0.010000	13.1769   	0.010000	13.1769   	0.010000	13.1771   	0.010000	9.15547   	0.010000	8.02533   	
0.015000	14.1374   	0.015000	17.3024   	0.015000	12.9527   	0.015000	12.9527   	0.015000	12.9529   	0.015000	10.659    	0.015000	6.64346   	
0.020000	14.3957   	0.020000	17.5916   	0.020000	13.0037   	0.020000	13.0037   	0.020000	13.0038   	0.020000	11.8732   	0.020000	5.71843   	
0.025000	14.7143   	0.025000	17.9586   	0.025000	13.1943   	0.025000	13.1943   	0.025000	13.1944   	0.025000	12.9095   	0.025000	5.04915   	
0.030000	15.0599   	0.030000	18.3617   	0.030000	13.4613   	0.030000	13.4613   	0.030000	13.4614   	0.030000	13.823    	0.030000	4.53874   	
0.035000	15.4159   	0.035000	18.7801   	0.035000	13.7719   	0.035000	13.7719   	0.035000	13.772    	0.035000	14.6456   	0.035000	4.1345    	
0.040000	15.774    	0.040000	19.2028   	0.040000	14.108    	0.040000	14.108    	0.040000	14.108    	0.040000	15.3976   	0.040000	3.80514   	
0.045000	16.1294   	0.045000	19.6237   	0.045000	14.4585   	0.045000	14.4585   	0.045000	14.4586   	0.045000	16.0929   	0.045000	3.53077   	
0.050000	16.4797   	0.050000	20.0396   	0.050000	14.817    	0.050000	14.817    	0.050000	14.8171   	0.050000	16.7415   	0.050000	3.29812   	
0.055000	16.8235   	0.055000	20.4486   	0.055000	15.179    	0.055000	15.179    	0.055000	15.1791   	0.055000	17.3507   	0.055000	3.09795   	
0.060000	17.1601   	0.060000	20.8498   	0.060000	15.5419   	0.060000	15.5419   	0.060000	15.542    	0.060000	17.9262   	0.060000	2.92363   	
0.070000	17.8111   	0.070000	21.627    	0.070000	16.2633   	0.070000	16.2633   	0.070000	16.2634   	0.070000	18.993    	0.070000	2.63405   	
0.080000	18.9261   	0.080000	22.3707   	0.080000	16.9728   	0.080000	16.9728   	0.080000	16.9729   	0.080000	19.9682   	0.080000	2.40251   	
0.090000	20.7973   	0.090000	23.4359   	0.090000	17.9748   	0.090000	17.9748   	0.090000	17.9748   	0.090000	21.2234   	0.090000	2.21255   	
0.100000	22.5334   	0.100000	25.9927   	0.100000	20.3164   	0.100000	20.3164   	0.100000	20.3164   	0.100000	23.9583   	0.100000	2.03432   	
0.120000	25.1667   	0.120000	30.958    	0.120000	25.0288   	0.120000	25.0288   	0.120000	25.0288   	0.120000	29.1729   	0.120000	1.78513   	
0.140000	27.4589   	0.140000	35.5731   	0.140000	29.568    	0.140000	29.568    	0.140000	29.5681   	0.140000	33.9779   	0.140000	1.59523   	
0.160000	29.5707   	0.160000	39.7974   	0.160000	33.8211   	0.160000	33.8211   	0.160000	33.8212   	0.160000	38.3522   	0.160000	1.44519   	
0.180000	31.5982   	0.180000	43.6379   	0.180000	37.7341   	0.180000	37.7341   	0.180000	37.7342   	0.180000	42.3146   	0.180000	1.32331   	
0.200000	33.5918   	0.200000	47.1228   	0.200000	41.2918   	0.200000	41.2918   	0.200000	41.2919   	0.200000	45.9007   	0.200000	1.22214   	
0.250000	37.4948   	0.250000	54.5116   	0.250000	48.7229   	0.250000	48.7229   	0.250000	48.723    	0.250000	53.4811   	0.250000	1.0305    	
0.300000	41.8      	0.300000	61.7824   	0.300000	54.4188   	0.300000	54.4188   	0.300000	54.4189   	0.300000	60.8877   	0.300000	0.894695  	
0.350000	45.6765   	0.350000	67.766    	0.350000	58.8495   	0.350000	58.8495   	0.350000	58.8496   	0.350000	66.973    	0.350000	0.792931  	
0.400000	49.1494   	0.400000	72.6866   	0.400000	62.3928   	0.400000	62.3928   	0.400000	62.3928   	0.400000	71.973    	0.400000	0.713558  	
0.450000	52.2496   	0.450000	76.7804   	0.450000	65.3149   	0.450000	65.3149   	0.450000	65.3149   	0.450000	76.1307   	0.450000	0.649755  	
0.500000	55.0121   	0.500000	80.2216   	0.500000	67.794    	0.500000	67.794    	0.500000	67.794    	0.500000	79.6244   	0.500000	0.597242  	
0.600000	58.4685   	0.600000	86.6815   	0.600000	71.8515   	0.600000	71.8515   	0.600000	71.8516   	0.600000	86.1658   	0.600000	0.515674  	
0.700000	60.9983   	0.700000	92.5536   	0.700000	75.1039   	0.700000	75.1039   	0.700000	75.1039   	0.700000	92.0986   	0.700000	0.455031  	
0.800000	64.8259   	0.800000	97.0049   	0.800000	77.8022   	0.800000	77.8022   	0.800000	77.8022   	0.800000	96.5969   	0.800000	0.408024  	
0.900000	67.9452   	0.900000	100.41    	0.900000	80.3627   	0.900000	80.3627   	0.900000	80.3628   	0.900000	100.039   	0.900000	0.370428  	
1.000000	70.4986   	1.000000	103.026   	1.000000	83.1552   	1.000000	83.1552   	1.000000	83.1552   	1.000000	102.687   	1.000000	0.339617  	
1.250000	73.6178   	1.250000	105.288   	1.250000	88.3176   	1.250000	88.3176   	1.250000	88.3177   	1.250000	105.006   	1.250000	0.282252  	
1.500000	75.1566   	1.500000	105.664   	1.500000	91.6529   	1.500000	91.6529   	1.500000	91.653    	1.500000	105.421   	1.500000	0.242399  	
1.750000	75.9201   	1.750000	105.37    	1.750000	93.7693   	1.750000	93.7693   	1.750000	93.7694   	1.750000	105.157   	1.750000	0.21298   	
2.000000	76.0653   	2.000000	104.524   	2.000000	95.0437   	2.000000	95.0437   	2.000000	95.0438   	2.000000	104.333   	2.000000	0.190306  	
2.250000	75.9512   	2.250000	103.359   	2.250000	95.7224   	2.250000	95.7224   	2.250000	95.7225   	2.250000	103.186   	2.250000	0.172257  	
2.500000	115.251   	2.500000	102.111   	2.500000	95.972    	2.500000	95.972    	2.500000	95.9721   	2.500000	101.954   	2.500000	0.157524  	
3.000000	112.32    	3.000000	99.5025   	3.000000	95.614    	3.000000	95.614    	3.000000	95.614    	3.000000	99.3676   	3.000000	0.134865  	
3.500000	108.87    	3.500000	96.6261   	3.500000	94.5553   	3.500000	94.5553   	3.500000	94.5553   	3.500000	96.5079   	3.500000	0.118203  	
4.000000	105.29    	4.000000	93.8148   	4.000000	93.1102   	4.000000	93.1102   	4.000000	93.1102   	4.000000	93.7094   	4.000000	0.105402  	
4.500000	101.76    	4.500000	91.212    	4.500000	91.4566   	4.500000	91.4566   	4.500000	91.4567   	4.500000	91.1168   	4.500000	0.0952388 	
5.000000	98.3641   	5.000000	88.7804   	5.000000	89.6993   	5.000000	89.6993   	5.000000	89.6993   	5.000000	88.6934   	5.000000	0.0869612 	
5.500000	95.1376   	5.500000	86.5148   	5.500000	87.8268   	5.500000	87.8268   	5.500000	87.8268   	5.500000	86.4348   	5.500000	0.0800806 	
6.000000	92.0917   	6.000000	84.4086   	6.000000	85.804    	6.000000	85.804    	6.000000	85.8041   	6.000000	84.3344   	6.000000	0.0742649 	
6.500000	89.2254   	6.500000	82.3923   	6.500000	83.8662   	6.500000	83.8662   	6.500000	83.8663   	6.500000	82.323    	6.500000	0.0692805 	
7.000000	86.5316   	7.000000	80.4636   	7.000000	82.0111   	7.000000	82.0111   	7.000000	82.0112   	7.000000	80.3987   	7.000000	0.0649581 	
7.500000	84.0004   	7.500000	78.6165   	7.500000	80.2353   	7.500000	80.2353   	7.500000	80.2354   	7.500000	78.5553   	7.500000	0.0611716 	
8.000000	81.6208   	8.000000	76.8513   	8.000000	78.5352   	8.000000	78.5352   	8.000000	78.5353   	8.000000	76.7935   	8.000000	0.0578255 	
8.500000	79.3816   	8.500000	75.1638   	8.500000	76.9068   	8.500000	76.9068   	8.500000	76.9069   	8.500000	75.1089   	8.500000	0.0548459 	
9.000000	77.2722   	9.000000	73.5493   	9.000000	75.3463   	9.000000	75.3463   	9.000000	75.3464   	9.000000	73.4971   	9.000000	0.0521745 	
9.500000	75.2825   	9.500000	71.9995   	9.500000	73.8499   	9.500000	73.8499   	9.500000	73.85     	9.500000	71.9497   	9.500000	0.0497651 	
10.000000	73.4031   	10.000000	67.5827   	10.000000	72.414    	10.000000	72.414    	10.000000	72.414    	10.000000	67.5351   	10.000000	0.0475802 	
11.000000	69.9418   	11.000000	65.8021   	11.000000	69.0171   	11.000000	69.8382   	11.000000	70.5089   	11.000000	65.7584   	11.000000	0.0437672 	
12.000000	66.8282   	12.000000	64.0728   	12.000000	65.9504   	12.000000	67.4679   	12.000000	68.6414   	12.000000	64.0322   	12.000000	0.0405488 	
13.000000	64.0128   	13.000000	62.4036   	13.000000	63.1705   	13.000000	65.2825   	13.000000	66.8312   	13.000000	62.3658   	13.000000	0.0377938 	
14.000000	61.4544   	14.000000	60.7978   	14.000000	60.6417   	14.000000	63.2634   	14.000000	65.0886   	14.000000	60.7623   	14.000000	0.0354073 	
15.000000	59.1189   	15.000000	59.2591   	15.000000	58.3336   	15.000000	61.3939   	15.000000	63.4189   	15.000000	59.2258   	15.000000	0.0333189 	
16.000000	56.9778   	16.000000	57.7883   	16.000000	56.2205   	16.000000	59.6593   	16.000000	61.8244   	16.000000	57.7569   	16.000000	0.031475  	
17.000000	55.0074   	17.000000	56.3844   	17.000000	54.2805   	17.000000	58.0468   	17.000000	60.3049   	17.000000	56.3546   	17.000000	0.0298345 	
18.000000	53.1875   	18.000000	55.0452   	18.000000	52.496    	18.000000	56.5449   	18.000000	58.8558   	18.000000	55.0168   	18.000000	0.0283648 	
19.000000	51.5011   	19.000000	53.7678   	19.000000	50.8506   	19.000000	55.1435   	19.000000	57.4786   	19.000000	53.7408   	19.000000	0.0270402 	
20.000000	49.9336   	20.000000	52.5493   	20.000000	49.329    	20.000000	53.8338   	20.000000	56.1712   	20.000000	52.5235   	20.000000	0.0258399 	
21.000000	48.4725   	21.000000	51.3865   	21.000000	47.9195   	21.000000	52.6079   	21.000000	54.9247   	21.000000	51.3617   	21.000000	0.0247468 	
22.000000	47.107    	22.000000	50.2762   	22.000000	46.6124   	22.000000	51.4588   	22.000000	53.7432   	22.000000	50.2525   	22.000000	0.023747  	
23.000000	45.8278   	23.000000	49.2155   	23.000000	45.3985   	23.000000	50.3802   	23.000000	52.6189   	23.000000	49.1927   	23.000000	0.0228289 	
24.000000	44.6267   	24.000000	48.2015   	24.000000	44.2693   	24.000000	49.3666   	24.000000	51.5514   	24.000000	48.1795   	24.000000	0.0219825 	
25.000000	43.4964   	25.000000	47.2312   	25.000000	43.2174   	25.000000	48.413    	25.000000	50.5365   	25.000000	47.21     	25.000000	0.0211998 	
27.000000	41.4243   	27.000000	45.4122   	27.000000	41.3207   	27.000000	46.6683   	27.000000	48.655    	27.000000	45.3924   	27.000000	0.019798  	
29.000000	39.5691   	29.000000	43.7394   	29.000000	39.6638   	29.000000	45.115    	29.000000	46.9542   	29.000000	43.7208   	29.000000	0.0185784 	
31.000000	37.8976   	31.000000	42.1966   	31.000000	38.316    	31.000000	43.5683   	31.000000	45.1173   	31.000000	42.1791   	31.000000	0.017507  	
33.000000	36.383    	33.000000	40.7694   	33.000000	37.1808   	33.000000	42.0014   	33.000000	43.1836   	33.000000	40.7528   	33.000000	0.0165581 	
35.000000	35.0036   	35.000000	39.4455   	35.000000	36.1175   	35.000000	40.5557   	35.000000	41.4367   	35.000000	39.4298   	35.000000	0.0157113 	
38.000000	33.1495   	38.000000	37.6301   	38.000000	34.6411   	38.000000	38.5846   	38.000000	39.1075   	38.000000	37.6155   	38.000000	0.0145989 	
41.000000	31.5121   	41.000000	35.9927   	41.000000	33.3011   	41.000000	36.817    	41.000000	37.0656   	41.000000	35.9791   	41.000000	0.0136403 	
44.000000	30.0544   	44.000000	34.5084   	44.000000	32.0739   	44.000000	35.2226   	44.000000	35.2586   	44.000000	34.4956   	44.000000	0.0128052 	
47.000000	28.7475   	47.000000	33.1565   	47.000000	30.9457   	47.000000	33.7768   	47.000000	33.6458   	47.000000	33.1445   	47.000000	0.0120709 	
50.000000	27.5685   	50.000000	31.9201   	50.000000	29.9077   	50.000000	32.4594   	50.000000	32.1962   	50.000000	31.9087   	50.000000	0.0114198 	
55.000000	25.8393   	55.000000	30.0782   	55.000000	28.3427   	55.000000	30.5054   	55.000000	30.0779   	55.000000	30.0677   	55.000000	0.0104842 	
60.000000	24.3499   	60.000000	28.4654   	60.000000	26.9618   	60.000000	28.8028   	60.000000	28.2613   	60.000000	28.4557   	60.000000	0.00969624	
65.000000	23.0524   	65.000000	27.0412   	65.000000	25.7294   	65.000000	27.3056   	65.000000	26.6855   	65.000000	27.0322   	65.000000	0.00902321	
70.000000	21.9111   	70.000000	25.7743   	70.000000	24.6274   	70.000000	25.9787   	70.000000	25.305    	70.000000	25.7658   	70.000000	0.00844131	
75.000000	20.8986   	75.000000	24.6398   	75.000000	23.6335   	75.000000	24.7945   	75.000000	24.167    	75.000000	24.6318   	75.000000	0.00793296	
80.000000	19.9936   	80.000000	23.6179   	80.000000	22.729    	80.000000	23.7312   	80.000000	23.151    	80.000000	23.6105   	80.000000	0.00748487	
85.000000	19.1796   	85.000000	22.6927   	85.000000	21.9109   	85.000000	22.7712   	85.000000	22.2386   	85.000000	22.6856   	85.000000	0.00708676	
90.000000	18.443    	90.000000	21.851    	90.000000	21.1596   	90.000000	21.9001   	90.000000	21.4129   	90.000000	21.8442   	90.000000	0.00673062	
95.000000	17.773    	95.000000	21.0819   	95.000000	20.4698   	95.000000	21.1062   	95.000000	20.6639   	95.000000	21.0755   	95.000000	0.00641004	
100.000000	17.1608   	100.000000	20.3765   	100.000000	19.8363   	100.000000	20.3796   	100.000000	19.9811   	100.000000	20.3704   	100.000000	0.00611987	
105.000000	16.5989   	105.000000	19.7271   	105.000000	19.2502   	105.000000	19.7123   	105.000000	19.3553   	105.000000	19.7213   	105.000000	0.00585593	
110.000000	16.0813   	110.000000	19.1274   	110.000000	18.7086   	110.000000	19.0972   	110.000000	18.7817   	110.000000	19.1218   	110.000000	0.00561476	
115.000000	15.6027   	115.000000	18.5718   	115.000000	18.204    	115.000000	18.5285   	115.000000	18.2507   	115.000000	18.5664   	115.000000	0.00539351	
120.000000	15.1588   	120.000000	18.0557   	120.000000	17.7343   	120.000000	18.0012   	120.000000	17.7607   	120.000000	18.0505   	120.000000	0.00518975	
125.000000	14.7459   	125.000000	17.5749   	125.000000	17.2961   	125.000000	17.511    	125.000000	17.3042   	125.000000	17.5699   	125.000000	0.00500148	
130.000000	14.3607   	130.000000	17.1261   	130.000000	16.8846   	130.000000	17.054    	130.000000	16.8796   	130.000000	17.1213   	130.000000	0.00482696	
135.000000	14.0004   	135.000000	16.7061   	135.000000	16.4996   	135.000000	16.6271   	135.000000	16.482    	135.000000	16.7015   	135.000000	0.00466472	
140.000000	13.6627   	140.000000	16.3123   	140.000000	16.1376   	140.000000	16.2274   	140.000000	16.1115   	140.000000	16.3078   	140.000000	0.00451348	
145.000000	13.3453   	145.000000	15.9423   	145.000000	15.7966   	145.000000	15.8524   	145.000000	15.7622   	145.000000	15.9379   	145.000000	0.00437216	
150.000000	13.0466   	150.000000	15.5939   	150.000000	15.4757   	150.000000	15.4999   	150.000000	15.4353   	150.000000	15.5897   	150.000000	0.00423979	
155.000000	12.6158   	155.000000	15.2655   	155.000000	15.1722   	155.000000	15.1679   	155.000000	15.1267   	155.000000	15.2614   	155.000000	0.00411553	
160.000000	12.3685   	160.000000	14.9552   	160.000000	14.885    	160.000000	14.8548   	160.000000	14.8356   	160.000000	14.9512   	160.000000	0.00399866	
165.000000	12.1347   	165.000000	14.6618   	165.000000	14.6134   	165.000000	14.559    	165.000000	14.5613   	165.000000	14.6579   	165.000000	0.00388852	
170.000000	11.9132   	170.000000	14.3837   	170.000000	14.3556   	170.000000	14.2791   	170.000000	14.3004   	170.000000	14.38     	170.000000	0.00378453	
175.000000	11.703    	175.000000	14.12     	175.000000	14.1102   	175.000000	14.0139   	175.000000	14.0539   	175.000000	14.1163   	175.000000	0.0036862 	
180.000000	11.5034   	180.000000	13.8694   	180.000000	13.8763   	180.000000	13.7623   	180.000000	13.8198   	180.000000	13.8659   	180.000000	0.00359306	
185.000000	11.3135   	185.000000	13.6311   	185.000000	13.6542   	185.000000	13.5232   	185.000000	13.5966   	185.000000	13.6276   	185.000000	0.00350471	
190.000000	11.1325   	190.000000	13.4042   	190.000000	13.4434   	190.000000	13.2958   	190.000000	13.3847   	190.000000	13.4008   	190.000000	0.00342079	
195.000000	10.96     	195.000000	13.1879   	195.000000	13.2416   	195.000000	13.0792   	195.000000	13.1828   	195.000000	13.1846   	195.000000	0.00334095	
200.000000	10.7953   	200.000000	12.9815   	200.000000	13.048    	200.000000	12.8728   	200.000000	12.9894   	200.000000	12.9782   	200.000000	0.00326491	
210.000000	10.4873   	210.000000	12.5956   	210.000000	12.6869   	210.000000	12.4875   	210.000000	12.6297   	210.000000	12.5925   	210.000000	0.00312318	
220.000000	10.2047   	220.000000	12.2422   	220.000000	12.3554   	220.000000	12.1352   	220.000000	12.2989   	220.000000	12.2392   	220.000000	0.00299373	
230.000000	9.94467   	230.000000	11.9172   	230.000000	12.0509   	230.000000	11.8119   	230.000000	11.9958   	230.000000	11.9144   	230.000000	0.002875  	
240.000000	9.70446   	240.000000	11.6175   	240.000000	11.7695   	240.000000	11.5142   	240.000000	11.7156   	240.000000	11.6148   	240.000000	0.00276569	
250.000000	9.48191   	250.000000	11.3403   	250.000000	11.508    	250.000000	11.2393   	250.000000	11.4568   	250.000000	11.3376   	250.000000	0.00266472	
260.000000	9.27514   	260.000000	11.0831   	260.000000	11.2652   	260.000000	10.9847   	260.000000	11.2163   	260.000000	11.0805   	260.000000	0.00257115	
270.000000	9.08252   	270.000000	10.8439   	270.000000	11.0395   	270.000000	10.7483   	270.000000	10.9931   	270.000000	10.8414   	270.000000	0.00248419	
280.000000	8.90266   	280.000000	10.621    	280.000000	10.8292   	280.000000	10.5282   	280.000000	10.7845   	280.000000	10.6186   	280.000000	0.00240315	
290.000000	8.73433   	290.000000	10.4127   	290.000000	10.6329   	290.000000	10.3229   	290.000000	10.5903   	290.000000	10.4103   	290.000000	0.00232744	
300.000000	8.57646   	300.000000	10.2176   	300.000000	10.4486   	300.000000	10.1309   	300.000000	10.4074   	300.000000	10.2154   	300.000000	0.00225655	
310.000000	8.42811   	310.000000	10.0347   	310.000000	10.2754   	310.000000	9.95112   	310.000000	10.2365   	310.000000	10.0325   	310.000000	0.00219001	
320.000000	8.28846   	320.000000	9.86279   	320.000000	10.1128   	320.000000	9.78237   	320.000000	10.0755   	320.000000	9.86067   	320.000000	0.00212744	
330.000000	8.15677   	330.000000	9.70097   	330.000000	9.95943   	330.000000	9.62371   	330.000000	9.92384   	330.000000	9.69891   	330.000000	0.00206849	
340.000000	8.03238   	340.000000	9.5484    	340.000000	9.81452   	340.000000	9.47432   	340.000000	9.78129   	340.000000	9.54639   	340.000000	0.00201284	
350.000000	7.91473   	350.000000	9.40434   	350.000000	9.67784   	350.000000	9.33341   	350.000000	9.64595   	350.000000	9.40238   	350.000000	0.00196023	
360.000000	7.80327   	360.000000	9.26811   	360.000000	9.54866   	360.000000	9.20033   	360.000000	9.51823   	360.000000	9.2662    	360.000000	0.00191041	
370.000000	7.69756   	370.000000	9.13912   	370.000000	9.42639   	370.000000	9.07446   	370.000000	9.39762   	370.000000	9.13725   	370.000000	0.00186316	
380.000000	7.59716   	380.000000	9.01682   	380.000000	9.31061   	380.000000	8.95526   	380.000000	9.28255   	380.000000	9.015     	380.000000	0.00181828	
390.000000	7.50169   	390.000000	8.90073   	390.000000	9.20065   	390.000000	8.84224   	390.000000	9.17362   	390.000000	8.89896   	390.000000	0.00177559	
400.000000	7.41082   	400.000000	8.79042   	400.000000	9.09587   	400.000000	8.73494   	400.000000	9.07039   	400.000000	8.78868   	400.000000	0.00173495	
410.000000	7.32422   	410.000000	8.68546   	410.000000	8.99606   	410.000000	8.63297   	410.000000	8.97161   	410.000000	8.68377   	410.000000	0.00169619	
420.000000	7.24162   	420.000000	8.58552   	420.000000	8.90109   	420.000000	8.53596   	420.000000	8.87769   	420.000000	8.58386   	420.000000	0.0016592 	
430.000000	7.16275   	430.000000	8.49024   	430.000000	8.81065   	430.000000	8.44358   	430.000000	8.78846   	430.000000	8.48862   	430.000000	0.00162385	
440.000000	7.08737   	440.000000	8.39933   	440.000000	8.72443   	440.000000	8.35551   	440.000000	8.70315   	440.000000	8.39774   	440.000000	0.00159004	
450.000000	7.01528   	450.000000	8.31251   	450.000000	8.64208   	450.000000	8.27149   	450.000000	8.6215    	450.000000	8.31095   	450.000000	0.00155766	
460.000000	6.94626   	460.000000	8.22953   	460.000000	8.56325   	460.000000	8.19125   	460.000000	8.54364   	460.000000	8.228     	460.000000	0.00152662	
470.000000	6.88014   	470.000000	8.15014   	470.000000	8.48779   	470.000000	8.11456   	470.000000	8.46933   	470.000000	8.14865   	470.000000	0.00149684	
480.000000	6.81675   	480.000000	8.07415   	480.000000	8.41561   	480.000000	8.0412    	480.000000	8.39778   	480.000000	8.07268   	480.000000	0.00146825	
490.000000	6.75592   	490.000000	8.00134   	490.000000	8.34656   	490.000000	7.97099   	490.000000	8.32928   	490.000000	7.9999    	490.000000	0.00144078	
500.000000	6.69753   	500.000000	7.93154   	500.000000	8.28038   	500.000000	7.90372   	500.000000	8.26376   	500.000000	7.93013   	500.000000	0.00141435	
520.000000	6.5875    	520.000000	7.80029   	520.000000	8.15575   	520.000000	7.77739   	520.000000	8.14045   	520.000000	7.79893   	520.000000	0.00136442	
540.000000	6.4857    	540.000000	7.67919   	540.000000	8.04048   	540.000000	7.66099   	540.000000	8.02653   	540.000000	7.67787   	540.000000	0.00131802	
560.000000	6.39131   	560.000000	7.56718   	560.000000	7.9339    	560.000000	7.55349   	560.000000	7.92131   	560.000000	7.56591   	560.000000	0.00127478	
580.000000	6.30361   	580.000000	7.46337   	580.000000	7.83529   	580.000000	7.45397   	580.000000	7.82348   	580.000000	7.46213   	580.000000	0.0012344 	
600.000000	6.22197   	600.000000	7.36696   	600.000000	7.74356   	600.000000	7.36166   	600.000000	7.73297   	600.000000	7.36576   	600.000000	0.0011966 	
620.000000	6.14585   	620.000000	7.27726   	620.000000	7.65815   	620.000000	7.27586   	620.000000	7.64828   	620.000000	7.2761    	620.000000	0.00116113	
640.000000	6.07476   	640.000000	7.19367   	640.000000	7.57874   	640.000000	7.19597   	640.000000	7.56958   	640.000000	7.19255   	640.000000	0.00112778	
660.000000	6.00827   	660.000000	7.11565   	660.000000	7.50467   	660.000000	7.12146   	660.000000	7.49608   	660.000000	7.11456   	660.000000	0.00109636	
680.000000	5.946     	680.000000	7.04273   	680.000000	7.43533   	680.000000	7.05186   	680.000000	7.42717   	680.000000	7.04166   	680.000000	0.00106671	
700.000000	5.88762   	700.000000	6.97447   	700.000000	7.37031   	700.000000	6.98674   	700.000000	7.36286   	700.000000	6.97343   	700.000000	0.00103868	
720.000000	5.83282   	720.000000	6.91051   	720.000000	7.30929   	720.000000	6.92574   	720.000000	7.30237   	720.000000	6.9095    	720.000000	0.00101214	
740.000000	5.78133   	740.000000	6.8505    	740.000000	7.25209   	740.000000	6.86853   	740.000000	7.24554   	740.000000	6.84952   	740.000000	0.000986978	
760.000000	5.7329    	760.000000	6.79415   	760.000000	7.19846   	760.000000	6.81479   	760.000000	7.1923    	760.000000	6.79319   	760.000000	0.00096308	
780.000000	5.68732   	780.000000	6.74118   	780.000000	7.148     	780.000000	6.76427   	780.000000	7.142     	780.000000	6.74024   	780.000000	0.000940355	
800.000000	5.64438   	800.000000	6.69134   	800.000000	7.10032   	800.000000	6.71671   	800.000000	7.09464   	800.000000	6.69042   	800.000000	0.000918718	
820.000000	5.60391   	820.000000	6.64442   	820.000000	7.05527   	820.000000	6.67191   	820.000000	7.05012   	820.000000	6.64352   	820.000000	0.000898091	
840.000000	5.56573   	840.000000	6.6002    	840.000000	7.01274   	840.000000	6.62967   	840.000000	7.00804   	840.000000	6.59932   	840.000000	0.000878405	
860.000000	5.52971   	860.000000	6.55851   	860.000000	6.97262   	860.000000	6.58979   	860.000000	6.96816   	860.000000	6.55765   	860.000000	0.000859595	
880.000000	5.49569   	880.000000	6.51918   	880.000000	6.93472   	880.000000	6.55212   	880.000000	6.93058   	880.000000	6.51834   	880.000000	0.000841604	
900.000000	5.46357   	900.000000	6.48205   	900.000000	6.89888   	900.000000	6.51651   	900.000000	6.89514   	900.000000	6.48123   	900.000000	0.000824379	
920.000000	5.43322   	920.000000	6.44699   	920.000000	6.86494   	920.000000	6.48282   	920.000000	6.86132   	920.000000	6.44618   	920.000000	0.00080787	
940.000000	5.40453   	940.000000	6.41386   	940.000000	6.83281   	940.000000	6.45092   	940.000000	6.82935   	940.000000	6.41307   	940.000000	0.000792035	
960.000000	5.37741   	960.000000	6.38255   	960.000000	6.80238   	960.000000	6.42071   	960.000000	6.79913   	960.000000	6.38177   	960.000000	0.000776831	
980.000000	5.35177   	980.000000	6.35295   	980.000000	6.77355   	980.000000	6.39207   	980.000000	6.77052   	980.000000	6.35219   	980.000000	0.000762222	
1000.000000	5.32753   	1000.000000	6.32496   	1000.000000	6.74618   	1000.000000	6.3649    	1000.000000	6.74315   	1000.000000	6.32421   	1000.000000	0.000748172	
1020.000000	5.30461   	1020.000000	6.29848   	1020.000000	6.72015   	1020.000000	6.33913   	1020.000000	6.71716   	1020.000000	6.29775   	1020.000000	0.00073465	
1040.000000	5.28293   	1040.000000	6.27344   	1040.000000	6.69536   	1040.000000	6.31466   	1040.000000	6.69254   	1040.000000	6.27272   	1040.000000	0.000721627	
1060.000000	5.26244   	1060.000000	6.24975   	1060.000000	6.67173   	1060.000000	6.29141   	1060.000000	6.6692    	1060.000000	6.24904   	1060.000000	0.000709074	
1080.000000	5.24307   	1080.000000	6.22734   	1080.000000	6.64926   	1080.000000	6.26932   	1080.000000	6.6468    	1080.000000	6.22664   	1080.000000	0.000696967	
1100.000000	5.22477   	1100.000000	6.20614   	1100.000000	6.62791   	1100.000000	6.24833   	1100.000000	6.62556   	1100.000000	6.20545   	1100.000000	0.000685281	
1120.000000	5.20748   	1120.000000	6.18608   	1120.000000	6.60767   	1120.000000	6.22836   	1120.000000	6.6054    	1120.000000	6.18541   	1120.000000	0.000673995	
1140.000000	5.19115   	1140.000000	6.16712   	1140.000000	6.58847   	1140.000000	6.20936   	1140.000000	6.58627   	1140.000000	6.16645   	1140.000000	0.000663089	
1160.000000	5.17574   	1160.000000	6.14918   	1160.000000	6.57022   	1160.000000	6.19129   	1160.000000	6.56797   	1160.000000	6.14853   	1160.000000	0.000652543	
1180.000000	5.1612    	1180.000000	6.13223   	1180.000000	6.55284   	1180.000000	6.17408   	1180.000000	6.55048   	1180.000000	6.13159   	1180.000000	0.00064234	
1200.000000	5.14749   	1200.000000	6.11621   	1200.000000	6.53626   	1200.000000	6.1577    	1200.000000	6.53387   	1200.000000	6.11558   	1200.000000	0.000632463	
1220.000000	5.13457   	1220.000000	6.10108   	1220.000000	6.52043   	1220.000000	6.1421    	1220.000000	6.51809   	1220.000000	6.10046   	1220.000000	0.000622896	
1240.000000	5.12242   	1240.000000	6.0868    	1240.000000	6.5053    	1240.000000	6.12725   	1240.000000	6.50309   	1240.000000	6.08618   	1240.000000	0.000613625	
1260.000000	5.11099   	1260.000000	6.07332   	1260.000000	6.49085   	1260.000000	6.11309   	1260.000000	6.48869   	1260.000000	6.07271   	1260.000000	0.000604636	
1280.000000	5.10025   	1280.000000	6.06061   	1280.000000	6.47707   	1280.000000	6.09961   	1280.000000	6.47494   	1280.000000	6.06001   	1280.000000	0.000595916	
1300.000000	5.09018   	1300.000000	6.04863   	1300.000000	6.46393   	1300.000000	6.08675   	1300.000000	6.46186   	1300.000000	6.04804   	1300.000000	0.000587454	
1320.000000	5.08074   	1320.000000	6.03736   	1320.000000	6.45141   	1320.000000	6.07451   	1320.000000	6.44943   	1320.000000	6.03678   	1320.000000	0.000579237	
1340.000000	5.07191   	1340.000000	6.02676   	1340.000000	6.43948   	1340.000000	6.06283   	1340.000000	6.43761   	1340.000000	6.02619   	1340.000000	0.000571255	
1360.000000	5.06367   	1360.000000	6.0168    	1360.000000	6.42812   	1360.000000	6.05171   	1360.000000	6.42629   	1360.000000	6.01623   	1360.000000	0.000563499	
1380.000000	5.05599   	1380.000000	6.00745   	1380.000000	6.41728   	1380.000000	6.04111   	1380.000000	6.41542   	1380.000000	6.00689   	1380.000000	0.000555958	
1400.000000	5.04885   	1400.000000	5.99869   	1400.000000	6.40694   	1400.000000	6.031     	1400.000000	6.40509   	1400.000000	5.99814   	1400.000000	0.000548623	
1420.000000	5.04222   	1420.000000	5.9905    	1420.000000	6.39708   	1420.000000	6.02137   	1420.000000	6.39527   	1420.000000	5.98996   	1420.000000	0.000541487	
1440.000000	5.0361    	1440.000000	5.98284   	1440.000000	6.38767   	1440.000000	6.01219   	1440.000000	6.38592   	1440.000000	5.98231   	1440.000000	0.000534541	
1460.000000	5.03045   	1460.000000	5.97571   	1460.000000	6.37868   	1460.000000	6.00345   	1460.000000	6.37704   	1460.000000	5.97518   	1460.000000	0.000527777	
1480.000000	5.02527   	1480.000000	5.96907   	1480.000000	6.37009   	1480.000000	5.99511   	1480.000000	6.36849   	1480.000000	5.96855   	1480.000000	0.000521189	
1500.000000	5.02053   	1500.000000	5.96291   	1500.000000	6.36191   	1500.000000	5.98717   	1500.000000	6.36032   	1500.000000	5.9624    	1500.000000	0.000514769	
1520.000000	5.01622   	1520.000000	5.95722   	1520.000000	6.3541    	1520.000000	5.97961   	1520.000000	6.35259   	1520.000000	5.95671   	1520.000000	0.000508511	
1540.000000	5.01232   	1540.000000	5.95196   	1540.000000	6.34665   	1540.000000	5.97241   	1540.000000	6.34525   	1540.000000	5.95146   	1540.000000	0.000502409	
1560.000000	5.00882   	1560.000000	5.94713   	1560.000000	6.33956   	1560.000000	5.96556   	1560.000000	6.33828   	1560.000000	5.94663   	1560.000000	0.000496457	
1580.000000	5.0057    	1580.000000	5.94271   	1580.000000	6.3328    	1580.000000	5.95904   	1580.000000	6.33166   	1580.000000	5.94222   	1580.000000	0.00049065	
1600.000000	5.00296   	1600.000000	5.93868   	1600.000000	6.32637   	1600.000000	5.95283   	1600.000000	6.3253    	1600.000000	5.9382    	1600.000000	0.000484981	
1620.000000	5.00058   	1620.000000	5.93503   	1620.000000	6.32026   	1620.000000	5.94693   	1620.000000	6.31921   	1620.000000	5.93455   	1620.000000	0.000479448	
1640.000000	4.99854   	1640.000000	5.93175   	1640.000000	6.31444   	1640.000000	5.94132   	1640.000000	6.31344   	1640.000000	5.93128   	1640.000000	0.000474043	
1660.000000	4.99684   	1660.000000	5.92882   	1660.000000	6.30892   	1660.000000	5.93599   	1660.000000	6.30796   	1660.000000	5.92835   	1660.000000	0.000468764	
1680.000000	4.99546   	1680.000000	5.92624   	1680.000000	6.30366   	1680.000000	5.93092   	1680.000000	6.30277   	1680.000000	5.92577   	1680.000000	0.000463605	
1700.000000	4.9944    	1700.000000	5.92398   	1700.000000	6.29868   	1700.000000	5.92612   	1700.000000	6.29786   	1700.000000	5.92352   	1700.000000	0.000458562	
1750.000000	4.99306   	1750.000000	5.91969   	1750.000000	6.28728   	1750.000000	5.91516   	1750.000000	6.28656   	1750.000000	5.91925   	1750.000000	0.00044644	
1800.000000	4.99348   	1800.000000	5.91723   	1800.000000	6.2773    	1800.000000	5.9056    	1800.000000	6.27663   	1800.000000	5.91679   	1800.000000	0.000434965	
1850.000000	4.99553   	1850.000000	5.91644   	1850.000000	6.26861   	1850.000000	5.89731   	1850.000000	6.26807   	1850.000000	5.91601   	1850.000000	0.000424085	
1900.000000	4.99909   	1900.000000	5.91719   	1900.000000	6.26107   	1900.000000	5.89017   	1900.000000	6.26059   	1900.000000	5.91678   	1900.000000	0.000413755	
1950.000000	5.00406   	1950.000000	5.91937   	1950.000000	6.2546    	1950.000000	5.88407   	1950.000000	6.25416   	1950.000000	5.91896   	1950.000000	0.000403934	
2000.000000	5.01035   	2000.000000	5.92286   	2000.000000	6.24909   	2000.000000	5.87893   	2000.000000	6.24876   	2000.000000	5.92247   	2000.000000	0.000394584	
2100.000000	5.02654   	2100.000000	5.93343   	2100.000000	6.24066   	2100.000000	5.87118   	2100.000000	6.24041   	2100.000000	5.93305   	2100.000000	0.000377168	
2200.000000	5.04706   	2200.000000	5.94823   	2200.000000	6.23518   	2200.000000	5.86634   	2200.000000	6.2351    	2200.000000	5.94787   	2200.000000	0.000361275	
2300.000000	5.07142   	2300.000000	5.96671   	2300.000000	6.23218   	2300.000000	5.86394   	2300.000000	6.23213   	2300.000000	5.96636   	2300.000000	0.00034671	
2400.000000	5.09919   	2400.000000	5.9884    	2400.000000	6.23127   	2400.000000	5.86361   	2400.000000	6.23136   	2400.000000	5.98807   	2400.000000	0.000333313	
2500.000000	5.13002   	2500.000000	6.01292   	2500.000000	6.23214   	2500.000000	5.86503   	2500.000000	6.23228   	2500.000000	6.0126    	2500.000000	0.000320946	
2600.000000	5.16362   	2600.000000	6.03994   	2600.000000	6.2345    	2600.000000	5.86792   	2600.000000	6.23478   	2600.000000	6.03963   	2600.000000	0.000309494	
2700.000000	5.19971   	2700.000000	6.06918   	2700.000000	6.23814   	2700.000000	5.87208   	2700.000000	6.23848   	2700.000000	6.06888   	2700.000000	0.000298858	
2800.000000	5.23809   	2800.000000	6.1004    	2800.000000	6.24287   	2800.000000	5.87731   	2800.000000	6.24337   	2800.000000	6.10011   	2800.000000	0.000288953	
2900.000000	5.27855   	2900.000000	6.13338   	2900.000000	6.24854   	2900.000000	5.88345   	2900.000000	6.24908   	2900.000000	6.1331    	2900.000000	0.000279705	
3000.000000	5.32094   	3000.000000	6.16796   	3000.000000	6.25501   	3000.000000	5.89038   	3000.000000	6.25567   	3000.000000	6.16769   	3000.000000	0.00027105	
3200.000000	5.41088   	3200.000000	6.24126   	3200.000000	6.26994   	3200.000000	5.90615   	3200.000000	6.27073   	3200.000000	6.24101   	3200.000000	0.000255302	
3400.000000	5.50695   	3400.000000	6.31927   	3400.000000	6.28693   	3400.000000	5.92388   	3400.000000	6.28782   	3400.000000	6.31903   	3400.000000	0.000241339	
3600.000000	5.60837   	3600.000000	6.40118   	3600.000000	6.30546   	3600.000000	5.94303   	3600.000000	6.30639   	3600.000000	6.40095   	3600.000000	0.00022887	
3800.000000	5.71451   	3800.000000	6.48633   	3800.000000	6.3251    	3800.000000	5.96319   	3800.000000	6.32596   	3800.000000	6.48611   	3800.000000	0.000217666	
4000.000000	5.8249    	4000.000000	6.57423   	4000.000000	6.3455    	4000.000000	5.98405   	4000.000000	6.34626   	4000.000000	6.57402   	4000.000000	0.000207541	
4200.000000	5.93912   	4200.000000	6.66446   	4200.000000	6.36638   	4200.000000	6.00538   	4200.000000	6.36709   	4200.000000	6.66426   	4200.000000	0.000198345	
4400.000000	6.05684   	4400.000000	6.75667   	4400.000000	6.38752   	4400.000000	6.027     	4400.000000	6.38816   	4400.000000	6.75648   	4400.000000	0.000189955	
4600.000000	6.17777   	4600.000000	6.8506    	4600.000000	6.40877   	4600.000000	6.04876   	4600.000000	6.40943   	4600.000000	6.85041   	4600.000000	0.000182267	
4800.000000	6.3017    	4800.000000	6.946     	4800.000000	6.43003   	4800.000000	6.07057   	4800.000000	6.43073   	4800.000000	6.94582   	4800.000000	0.000175197	
5000.000000	6.42842   	5000.000000	7.04268   	5000.000000	6.45122   	5000.000000	6.09233   	5000.000000	6.45201   	5000.000000	7.04251   	5000.000000	0.000168672	
5250.000000	6.59049   	5250.000000	7.16509   	5250.000000	6.47752   	5250.000000	6.11937   	5250.000000	6.47845   	5250.000000	7.16493   	5250.000000	0.00016119	
5500.000000	6.75639   	5500.000000	7.28898   	5500.000000	6.50354   	5500.000000	6.14615   	5500.000000	6.50463   	5500.000000	7.28882   	5500.000000	0.000154363	
6000.000000	7.09879   	6000.000000	7.54035   	6000.000000	6.5546    	6000.000000	6.19868   	6000.000000	6.55596   	6000.000000	7.54021   	6000.000000	0.000142357	
6500.000000	7.45419   	6500.000000	7.79545   	6500.000000	6.60439   	6500.000000	6.24958   	6500.000000	6.60566   	6500.000000	7.79532   	6500.000000	0.000132135	
7000.000000	7.82156   	7000.000000	8.05332   	7000.000000	6.65206   	7000.000000	6.29871   	7000.000000	6.65358   	7000.000000	8.05319   	7000.000000	0.000123323	
7500.000000	8.20014   	7500.000000	8.31326   	7500.000000	6.69806   	7500.000000	6.34603   	7500.000000	6.69967   	7500.000000	8.31314   	7500.000000	0.000115646	
8000.000000	8.58935   	8000.000000	8.57476   	8000.000000	6.74245   	8000.000000	6.39157   	8000.000000	6.74395   	8000.000000	8.57465   	8000.000000	0.000108895	
8500.000000	8.98876   	8500.000000	8.83744   	8500.000000	6.785     	8500.000000	6.43537   	8500.000000	6.78645   	8500.000000	8.83734   	8500.000000	0.000102911	
9000.000000	9.39802   	9000.000000	9.10101   	9000.000000	6.82576   	9000.000000	6.47752   	9000.000000	6.82726   	9000.000000	9.10091   	9000.000000	9.75695e-05	
9500.000000	9.81685   	9500.000000	9.36523   	9500.000000	6.86495   	9500.000000	6.5181    	9500.000000	6.86649   	9500.000000	9.36514   	9500.000000	9.27709e-05	
10000.000000	10.2451   	10000.000000	9.62994   	10000.000000	6.90271   	10000.000000	6.55719   	10000.000000	6.90417   	10000.000000	9.62985   	10000.000000	8.84357e-05	
11000.000000	11.1289   	11000.000000	10.1603   	11000.000000	6.97389   	11000.000000	6.63123   	11000.000000	6.97531   	11000.000000	10.1602   	11000.000000	8.09086e-05	
12000.000000	12.0484   	12000.000000	10.6912   	12000.000000	7.0397    	12000.000000	6.70026   	12000.000000	7.04131   	12000.000000	10.6912   	12000.000000	7.4595e-05	
13000.000000	13.0031   	13000.000000	11.2223   	13000.000000	7.10103   	13000.000000	6.76486   	13000.000000	7.10272   	13000.000000	11.2222   	13000.000000	6.92211e-05	
14000.000000	13.9923   	14000.000000	11.753    	14000.000000	7.15858   	14000.000000	6.82551   	14000.000000	7.16004   	14000.000000	11.753    	14000.000000	6.45898e-05	
15000.000000	15.0159   	15000.000000	12.2833   	15000.000000	7.21263   	15000.000000	6.88263   	15000.000000	7.21369   	15000.000000	12.2832   	15000.000000	6.05559e-05	
16000.000000	16.0735   	16000.000000	12.8129   	16000.000000	7.26319   	16000.000000	6.93659   	16000.000000	7.26405   	16000.000000	12.8129   	16000.000000	5.70097e-05	
17000.000000	17.1651   	17000.000000	13.3418   	17000.000000	7.31051   	17000.000000	6.9877    	17000.000000	7.31145   	17000.000000	13.3417   	17000.000000	5.38671e-05	
18000.000000	18.2907   	18000.000000	13.8699   	18000.000000	7.35498   	18000.000000	7.03624   	18000.000000	7.35618   	18000.000000	13.8698   	18000.000000	5.10623e-05	
19000.000000	19.4501   	19000.000000	14.3971   	19000.000000	7.39696   	19000.000000	7.08244   	19000.000000	7.39841   	19000.000000	14.397    	19000.000000	4.85431e-05	
20000.000000	20.6435   	20000.000000	14.9234   	20000.000000	7.43678   	20000.000000	7.12651   	20000.000000	7.43843   	20000.000000	14.9234   	20000.000000	4.62677e-05	
21000.000000	21.8709   	21000.000000	15.4489   	21000.000000	7.47464   	21000.000000	7.16864   	21000.000000	7.47642   	21000.000000	15.4489   	21000.000000	4.42018e-05	
22000.000000	23.1323   	22000.000000	15.9735   	22000.000000	7.51066   	22000.000000	7.20898   	22000.000000	7.51248   	22000.000000	15.9734   	22000.000000	4.23177e-05	
23000.000000	24.4278   	23000.000000	16.4972   	23000.000000	7.54515   	23000.000000	7.24767   	23000.000000	7.54687   	23000.000000	16.4972   	23000.000000	4.05921e-05	
24000.000000	25.7576   	24000.000000	17.02     	24000.000000	7.57802   	24000.000000	7.28485   	24000.000000	7.57958   	24000.000000	17.02     	24000.000000	3.90057e-05	
25000.000000	27.1218   	25000.000000	17.542    	25000.000000	7.60919   	25000.000000	7.32062   	25000.000000	7.61087   	25000.000000	17.542    	25000.000000	3.7542e-05	
26000.000000	28.5204   	26000.000000	18.0631   	26000.000000	7.63897   	26000.000000	7.35508   	26000.000000	7.64071   	26000.000000	18.0631   	26000.000000	3.61873e-05	
27000.000000	29.9537   	27000.000000	18.5834   	27000.000000	7.66758   	27000.000000	7.38833   	27000.000000	7.66933   	27000.000000	18.5834   	27000.000000	3.49297e-05	
28000.000000	31.4217   	28000.000000	19.1029   	28000.000000	7.69501   	28000.000000	7.42045   	28000.000000	7.69667   	28000.000000	19.1029   	28000.000000	3.37591e-05	
29000.000000	32.9246   	29000.000000	19.6216   	29000.000000	7.72125   	29000.000000	7.45151   	29000.000000	7.72295   	29000.000000	19.6216   	29000.000000	3.26665e-05	
30000.000000	34.4626   	30000.000000	20.1395   	30000.000000	7.74639   	30000.000000	7.48157   	30000.000000	7.74814   	30000.000000	20.1395   	30000.000000	3.16445e-05	
32000.000000	37.6444   	32000.000000	21.173    	32000.000000	7.79388   	32000.000000	7.53896   	32000.000000	7.79566   	32000.000000	21.173    	32000.000000	2.9786e-05	
34000.000000	40.9684   	34000.000000	22.2037   	34000.000000	7.83807   	34000.000000	7.59304   	34000.000000	7.83964   	34000.000000	22.2036   	34000.000000	2.81393e-05	
36000.000000	44.4361   	36000.000000	23.2315   	36000.000000	7.87899   	36000.000000	7.64417   	36000.000000	7.8805    	36000.000000	23.2315   	36000.000000	2.66699e-05	
38000.000000	48.0488   	38000.000000	24.2567   	38000.000000	7.91687   	38000.000000	7.69265   	38000.000000	7.9186    	38000.000000	24.2566   	38000.000000	2.53504e-05	
40000.000000	51.8081   	40000.000000	25.2793   	40000.000000	7.95216   	40000.000000	7.73874   	40000.000000	7.95418   	40000.000000	25.2793   	40000.000000	2.41587e-05	
42000.000000	55.7154   	42000.000000	26.2995   	42000.000000	7.98531   	42000.000000	7.78266   	42000.000000	7.98749   	42000.000000	26.2995   	42000.000000	2.3077e-05	
44000.000000	59.7723   	44000.000000	27.3173   	44000.000000	8.01668   	44000.000000	7.82462   	44000.000000	8.01878   	44000.000000	27.3173   	44000.000000	2.20906e-05	
46000.000000	63.9804   	46000.000000	28.3329   	46000.000000	8.04659   	46000.000000	7.86476   	46000.000000	8.04818   	46000.000000	28.3329   	46000.000000	2.11873e-05	
48000.000000	68.3412   	48000.000000	29.3464   	48000.000000	8.07507   	48000.000000	7.90325   	48000.000000	8.07591   	48000.000000	29.3464   	48000.000000	2.03569e-05	
50000.000000	72.8563   	50000.000000	30.3578   	50000.000000	8.10191   	50000.000000	7.94022   	50000.000000	8.10209   	50000.000000	30.3578   	50000.000000	1.95909e-05	
