! 135Ba energy loss (dE/dX) in He
! apply ZOOM for details
Energy (MeV/u)1	0 - [He-base] F.Hubert et al, AD&ND Tables 46(1990)1	Energy (MeV/u)2	1 - [H -base] J.F.Ziegler et al,Pergamon Press,NY(low energy)	Energy (MeV/u)3	2 - ATIMA 1.2 LS-theory (recommended for high energy)	Energy (MeV/u)4	3 - ATIMA 1.2 without LS-correction	Energy (MeV/u)5	4 - ATIMA 1.4 H.Weick, improved mean charge formula for HI	Energy (MeV/u)6	5 - electrical component of [1] - J.F.Ziegler et al	Energy (MeV/u)7	6 - nuclear component of [1] - J.F.Ziegler et al	
0.001000	14.0733   	0.001000	17.2746   	0.001000	14.677    	0.001000	14.677    	0.001000	14.6775   	0.001000	4.09487   	0.001000	13.1798   	
0.002000	14.6757   	0.002000	18.052    	0.002000	14.8589   	0.002000	14.8589   	0.002000	14.8593   	0.002000	5.31038   	0.002000	12.7416   	
0.005000	14.6606   	0.005000	18.0642   	0.005000	13.9239   	0.005000	13.9239   	0.005000	13.9242   	0.005000	7.48779   	0.005000	10.5764   	
0.008000	14.5594   	0.008000	17.9376   	0.008000	13.2407   	0.008000	13.2407   	0.008000	13.241    	0.008000	8.93097   	0.008000	9.00662   	
0.010000	14.5613   	0.010000	17.934    	0.010000	12.9574   	0.010000	12.9574   	0.010000	12.9576   	0.010000	9.71046   	0.010000	8.22352   	
0.015000	14.7288   	0.015000	18.1221   	0.015000	12.6147   	0.015000	12.6147   	0.015000	12.6148   	0.015000	11.3051   	0.015000	6.81698   	
0.020000	15.0226   	0.020000	18.4659   	0.020000	12.5675   	0.020000	12.5675   	0.020000	12.5677   	0.020000	12.5929   	0.020000	5.87297   	
0.025000	15.3727   	0.025000	18.8809   	0.025000	12.6735   	0.025000	12.6735   	0.025000	12.6737   	0.025000	13.692    	0.025000	5.18884   	
0.030000	15.747    	0.030000	19.3274   	0.030000	12.8656   	0.030000	12.8656   	0.030000	12.8657   	0.030000	14.6609   	0.030000	4.66651   	
0.035000	16.1298   	0.035000	19.7858   	0.035000	13.1085   	0.035000	13.1085   	0.035000	13.1086   	0.035000	15.5334   	0.035000	4.25249   	
0.040000	16.513    	0.040000	20.2459   	0.040000	13.3823   	0.040000	13.3823   	0.040000	13.3824   	0.040000	16.331    	0.040000	3.91492   	
0.045000	16.892    	0.045000	20.702    	0.045000	13.6753   	0.045000	13.6753   	0.045000	13.6753   	0.045000	17.0685   	0.045000	3.63357   	
0.050000	17.2648   	0.050000	21.1512   	0.050000	13.9798   	0.050000	13.9798   	0.050000	13.9798   	0.050000	17.7563   	0.050000	3.39489   	
0.055000	17.63     	0.055000	21.5919   	0.055000	14.2909   	0.055000	14.2909   	0.055000	14.291    	0.055000	18.4025   	0.055000	3.18945   	
0.060000	17.9872   	0.060000	22.0233   	0.060000	14.6056   	0.060000	14.6056   	0.060000	14.6057   	0.060000	19.0128   	0.060000	3.01048   	
0.070000	18.6769   	0.070000	22.8573   	0.070000	15.2372   	0.070000	15.2372   	0.070000	15.2373   	0.070000	20.1443   	0.070000	2.71307   	
0.080000	19.5364   	0.080000	23.6538   	0.080000	15.864    	0.080000	15.864    	0.080000	15.8641   	0.080000	21.1787   	0.080000	2.47515   	
0.090000	21.4433   	0.090000	24.4149   	0.090000	16.4809   	0.090000	16.4809   	0.090000	16.481    	0.090000	22.1351   	0.090000	2.27988   	
0.100000	23.2098   	0.100000	26.9773   	0.100000	18.704    	0.100000	18.704    	0.100000	18.704    	0.100000	24.8808   	0.100000	2.09645   	
0.120000	25.8787   	0.120000	32.0489   	0.120000	23.3302   	0.120000	23.3302   	0.120000	23.3302   	0.120000	30.2087   	0.120000	1.8402    	
0.140000	28.1981   	0.140000	36.7499   	0.140000	27.8399   	0.140000	27.8399   	0.140000	27.84     	0.140000	35.1051   	0.140000	1.64483   	
0.160000	30.3336   	0.160000	41.0431   	0.160000	32.1055   	0.160000	32.1055   	0.160000	32.1055   	0.160000	39.5527   	0.160000	1.49039   	
0.180000	32.3843   	0.180000	44.9389   	0.180000	36.061    	0.180000	36.061    	0.180000	36.061    	0.180000	43.574    	0.180000	1.36492   	
0.200000	34.4011   	0.200000	48.4683   	0.200000	39.682    	0.200000	39.682    	0.200000	39.682    	0.200000	47.2076   	0.200000	1.26073   	
0.250000	38.2162   	0.250000	55.9353   	0.250000	47.3199   	0.250000	47.3199   	0.250000	47.32     	0.250000	54.872    	0.250000	1.06331   	
0.300000	42.4413   	0.300000	62.9014   	0.300000	53.2441   	0.300000	53.2441   	0.300000	53.2442   	0.300000	61.9781   	0.300000	0.923353  	
0.350000	46.2574   	0.350000	68.7578   	0.350000	57.8952   	0.350000	57.8952   	0.350000	57.8952   	0.350000	67.9393   	0.350000	0.818451  	
0.400000	49.6845   	0.400000	73.5747   	0.400000	61.6403   	0.400000	61.6403   	0.400000	61.6404   	0.400000	72.8381   	0.400000	0.736613  	
0.450000	52.7502   	0.450000	77.5863   	0.450000	64.7438   	0.450000	64.7438   	0.450000	64.7439   	0.450000	76.9155   	0.450000	0.670816  	
0.500000	55.4875   	0.500000	80.9636   	0.500000	67.3851   	0.500000	67.3851   	0.500000	67.3852   	0.500000	80.347    	0.500000	0.616654  	
0.600000	58.7766   	0.600000	87.1068   	0.600000	71.7181   	0.600000	71.7181   	0.600000	71.7182   	0.600000	86.5743   	0.600000	0.53251   	
0.700000	61.4168   	0.700000	93.1596   	0.700000	75.1952   	0.700000	75.1952   	0.700000	75.1953   	0.700000	92.6896   	0.700000	0.46994   	
0.800000	65.3531   	0.800000	97.7674   	0.800000	78.0806   	0.800000	78.0806   	0.800000	78.0807   	0.800000	97.3459   	0.800000	0.421432  	
0.900000	68.5698   	0.900000	101.308   	0.900000	81.0764   	0.900000	81.0764   	0.900000	81.0764   	0.900000	100.926   	0.900000	0.38263   	
1.000000	71.2101   	1.000000	104.043   	1.000000	83.9723   	1.000000	83.9723   	1.000000	83.9723   	1.000000	103.692   	1.000000	0.350827  	
1.250000	74.658    	1.250000	106.785   	1.250000	89.3493   	1.250000	89.3493   	1.250000	89.3494   	1.250000	106.493   	1.250000	0.291607  	
1.500000	76.2933   	1.500000	107.269   	1.500000	92.8512   	1.500000	92.8512   	1.500000	92.8513   	1.500000	107.019   	1.500000	0.250459  	
1.750000	77.1302   	1.750000	107.056   	1.750000	95.0992   	1.750000	95.0992   	1.750000	95.0992   	1.750000	106.836   	1.750000	0.22008   	
2.000000	77.3666   	2.000000	106.322   	2.000000	96.4788   	2.000000	96.4788   	2.000000	96.4789   	2.000000	106.125   	2.000000	0.196664  	
2.250000	77.2901   	2.250000	105.189   	2.250000	97.2425   	2.250000	97.2425   	2.250000	97.2426   	2.250000	105.011   	2.250000	0.178022  	
2.500000	117.932   	2.500000	103.965   	2.500000	97.5613   	2.500000	97.5613   	2.500000	97.5614   	2.500000	103.802   	2.500000	0.162804  	
3.000000	115.036   	3.000000	101.387   	3.000000	97.3062   	3.000000	97.3062   	3.000000	97.3062   	3.000000	101.248   	3.000000	0.139396  	
3.500000	111.583   	3.500000	98.5541   	3.500000	96.3168   	3.500000	96.3168   	3.500000	96.3169   	3.500000	98.4319   	3.500000	0.122183  	
4.000000	107.977   	4.000000	95.6899   	4.000000	94.9181   	4.000000	94.9181   	4.000000	94.9182   	4.000000	95.581    	4.000000	0.108957  	
4.500000	104.41    	4.500000	93.0549   	4.500000	93.2949   	4.500000	93.2949   	4.500000	93.2949   	4.500000	92.9565   	4.500000	0.0984554 	
5.000000	100.97    	5.000000	90.6024   	5.000000	91.5562   	5.000000	91.5562   	5.000000	91.5563   	5.000000	90.5125   	5.000000	0.0899019 	
5.500000	97.6955   	5.500000	88.3035   	5.500000	89.7653   	5.500000	89.7653   	5.500000	89.7653   	5.500000	88.2207   	5.500000	0.0827915 	
6.000000	94.6001   	6.000000	86.1993   	6.000000	87.7301   	6.000000	87.7301   	6.000000	87.7301   	6.000000	86.1225   	6.000000	0.0767814 	
6.500000	91.6839   	6.500000	84.1804   	6.500000	85.7782   	6.500000	85.7782   	6.500000	85.7783   	6.500000	84.1088   	6.500000	0.0716302 	
7.000000	88.9408   	7.000000	82.246    	7.000000	83.9077   	7.000000	83.9077   	7.000000	83.9078   	7.000000	82.1789   	7.000000	0.0671629 	
7.500000	86.3611   	7.500000	80.3901   	7.500000	82.1157   	7.500000	82.1157   	7.500000	82.1157   	7.500000	80.3269   	7.500000	0.0632494 	
8.000000	83.9344   	8.000000	78.6133   	8.000000	80.3986   	8.000000	80.3986   	8.000000	80.3987   	8.000000	78.5535   	8.000000	0.0597909 	
8.500000	81.6495   	8.500000	76.913    	8.500000	78.7529   	8.500000	78.7529   	8.500000	78.7529   	8.500000	76.8562   	8.500000	0.0567111 	
9.000000	79.4959   	9.000000	75.285    	9.000000	77.1747   	9.000000	77.1747   	9.000000	77.1747   	9.000000	75.231    	9.000000	0.0539499 	
9.500000	77.4635   	9.500000	73.7246   	9.500000	75.6604   	9.500000	75.6604   	9.500000	75.6605   	9.500000	73.6732   	9.500000	0.0514594 	
10.000000	75.543    	10.000000	69.2239   	10.000000	74.2066   	10.000000	74.2066   	10.000000	74.2066   	10.000000	69.1747   	10.000000	0.049201  	
11.000000	72.004    	11.000000	67.4364   	11.000000	70.7472   	11.000000	71.5992   	11.000000	72.3057   	11.000000	67.3911   	11.000000	0.0452594 	
12.000000	68.8184   	12.000000	65.6934   	12.000000	67.6227   	12.000000	69.1976   	12.000000	70.4356   	12.000000	65.6515   	12.000000	0.0419324 	
13.000000	65.9362   	13.000000	64.0081   	13.000000	64.7886   	13.000000	66.9816   	13.000000	68.6176   	13.000000	63.969    	13.000000	0.0390843 	
14.000000	63.3158   	14.000000	62.3848   	14.000000	62.2081   	14.000000	64.9328   	14.000000	66.8636   	14.000000	62.3481   	14.000000	0.0366172 	
15.000000	60.9227   	15.000000	60.8274   	15.000000	59.8519   	15.000000	63.0347   	15.000000	65.1799   	15.000000	60.7929   	15.000000	0.034458  	
16.000000	58.7279   	16.000000	59.3371   	16.000000	57.695    	16.000000	61.2726   	16.000000	63.5693   	16.000000	59.3046   	16.000000	0.0325517 	
17.000000	56.7073   	17.000000	57.9133   	17.000000	55.7148   	17.000000	59.6338   	17.000000	62.0325   	17.000000	57.8824   	17.000000	0.0308556 	
18.000000	54.8404   	18.000000	56.5539   	18.000000	53.8908   	18.000000	58.1067   	18.000000	60.565    	18.000000	56.5246   	18.000000	0.0293361 	
19.000000	53.11     	19.000000	55.2564   	19.000000	52.207    	19.000000	56.6812   	19.000000	59.1688   	19.000000	55.2284   	19.000000	0.0279666 	
20.000000	51.5012   	20.000000	54.0178   	20.000000	50.6511   	20.000000	55.3486   	20.000000	57.8421   	20.000000	53.9911   	20.000000	0.0267255 	
21.000000	50.0011   	21.000000	52.8351   	21.000000	49.2107   	21.000000	54.1007   	21.000000	56.5761   	21.000000	52.8095   	21.000000	0.0255953 	
22.000000	48.5989   	22.000000	51.7053   	22.000000	47.8737   	22.000000	52.9307   	22.000000	55.3752   	22.000000	51.6808   	22.000000	0.0245615 	
23.000000	47.285    	23.000000	50.6253   	23.000000	46.6309   	23.000000	51.8323   	23.000000	54.2315   	23.000000	50.6017   	23.000000	0.0236121 	
24.000000	46.051    	24.000000	49.5924   	24.000000	45.4745   	24.000000	50.7997   	24.000000	53.1449   	24.000000	49.5696   	24.000000	0.022737  	
25.000000	44.8896   	25.000000	48.6036   	25.000000	44.3973   	25.000000	49.8281   	25.000000	52.1112   	25.000000	48.5817   	25.000000	0.0219277 	
27.000000	42.7598   	27.000000	46.7487   	27.000000	42.4537   	27.000000	48.0498   	27.000000	50.1931   	27.000000	46.7282   	27.000000	0.0204782 	
29.000000	40.8524   	29.000000	45.0417   	29.000000	40.7583   	29.000000	46.4661   	29.000000	48.4573   	29.000000	45.0225   	29.000000	0.019217  	
31.000000	39.1333   	31.000000	43.4662   	31.000000	39.386    	31.000000	44.8867   	31.000000	46.574    	31.000000	43.4481   	31.000000	0.0181091 	
33.000000	37.5751   	33.000000	42.008    	33.000000	38.2304   	33.000000	43.2844   	33.000000	44.5853   	33.000000	41.9908   	33.000000	0.0171277 	
35.000000	36.1556   	35.000000	40.6545   	35.000000	37.1469   	35.000000	41.8053   	35.000000	42.7886   	35.000000	40.6382   	35.000000	0.0162521 	
38.000000	34.2472   	38.000000	38.7975   	38.000000	35.647    	38.000000	39.7875   	38.000000	40.392    	38.000000	38.7824   	38.000000	0.0151017 	
41.000000	32.5612   	41.000000	37.1214   	41.000000	34.2818   	41.000000	37.977    	41.000000	38.2898   	41.000000	37.1073   	41.000000	0.0141103 	
44.000000	31.0598   	44.000000	35.601    	44.000000	33.028    	44.000000	36.3429   	44.000000	36.4282   	44.000000	35.5878   	44.000000	0.0132467 	
47.000000	29.7134   	47.000000	34.2156   	47.000000	31.8791   	47.000000	34.8603   	47.000000	34.7666   	47.000000	34.2031   	47.000000	0.0124872 	
50.000000	28.4985   	50.000000	32.9478   	50.000000	30.8192   	50.000000	33.5088   	50.000000	33.2718   	50.000000	32.936    	50.000000	0.0118138 	
55.000000	26.7162   	55.000000	31.0581   	55.000000	29.2219   	55.000000	31.5031   	55.000000	31.0861   	55.000000	31.0472   	55.000000	0.0108461 	
60.000000	25.1806   	60.000000	29.4023   	60.000000	27.8086   	60.000000	29.7541   	60.000000	29.2092   	60.000000	29.3922   	60.000000	0.0100312 	
65.000000	23.8425   	65.000000	27.9393   	65.000000	26.5486   	65.000000	28.2153   	65.000000	27.5807   	65.000000	27.9299   	65.000000	0.00933505	
70.000000	22.665    	70.000000	26.6371   	70.000000	25.4182   	70.000000	26.8508   	70.000000	26.1524   	70.000000	26.6283   	70.000000	0.00873318	
75.000000	21.6203   	75.000000	25.4704   	75.000000	24.3976   	75.000000	25.6325   	75.000000	24.9767   	75.000000	25.4622   	75.000000	0.00820737	
80.000000	20.6864   	80.000000	24.4192   	80.000000	23.4752   	80.000000	24.5381   	80.000000	23.9277   	80.000000	24.4115   	80.000000	0.00774387	
85.000000	19.8461   	85.000000	23.467    	85.000000	22.6316   	85.000000	23.5496   	85.000000	22.9847   	85.000000	23.4596   	85.000000	0.00733208	
90.000000	19.0856   	90.000000	22.6003   	90.000000	21.8623   	90.000000	22.6523   	90.000000	22.1332   	90.000000	22.5934   	90.000000	0.00696369	
95.000000	18.3939   	95.000000	21.8083   	95.000000	21.1552   	95.000000	21.8343   	95.000000	21.3604   	95.000000	21.8016   	95.000000	0.00663207	
100.000000	17.7616   	100.000000	21.0815   	100.000000	20.5033   	100.000000	21.0855   	100.000000	20.6553   	100.000000	21.0752   	100.000000	0.00633192	
105.000000	17.1813   	105.000000	20.4123   	105.000000	19.9023   	105.000000	20.3974   	105.000000	20.0091   	105.000000	20.4062   	105.000000	0.00605889	
110.000000	16.6466   	110.000000	19.7941   	110.000000	19.3448   	110.000000	19.7631   	110.000000	19.4171   	110.000000	19.7883   	110.000000	0.00580942	
115.000000	16.1522   	115.000000	19.2212   	115.000000	18.8257   	115.000000	19.1765   	115.000000	18.869    	115.000000	19.2156   	115.000000	0.00558053	
120.000000	15.6936   	120.000000	18.6889   	120.000000	18.3426   	120.000000	18.6325   	120.000000	18.3635   	120.000000	18.6835   	120.000000	0.00536976	
125.000000	15.2669   	125.000000	18.193    	125.000000	17.8919   	125.000000	18.1265   	125.000000	17.893    	125.000000	18.1878   	125.000000	0.00517499	
130.000000	14.8688   	130.000000	17.7299   	130.000000	17.4693   	130.000000	17.6549   	130.000000	17.4558   	130.000000	17.7249   	130.000000	0.00499445	
135.000000	14.4964   	135.000000	17.2965   	135.000000	17.0722   	135.000000	17.2142   	135.000000	17.0459   	135.000000	17.2917   	135.000000	0.00482661	
140.000000	14.1473   	140.000000	16.89     	140.000000	16.6996   	140.000000	16.8014   	140.000000	16.6638   	140.000000	16.8853   	140.000000	0.00467016	
145.000000	13.8193   	145.000000	16.508    	145.000000	16.349    	145.000000	16.4142   	145.000000	16.3036   	145.000000	16.5035   	145.000000	0.00452396	
150.000000	13.5105   	150.000000	16.1483   	150.000000	16.0177   	150.000000	16.0501   	150.000000	15.9665   	150.000000	16.1439   	150.000000	0.00438702	
155.000000	13.0648   	155.000000	15.8091   	155.000000	15.7053   	155.000000	15.7072   	155.000000	15.6483   	155.000000	15.8049   	155.000000	0.00425847	
160.000000	12.8092   	160.000000	15.4887   	160.000000	15.4098   	160.000000	15.3838   	160.000000	15.3483   	160.000000	15.4846   	160.000000	0.00413756	
165.000000	12.5675   	165.000000	15.1856   	165.000000	15.1293   	165.000000	15.0781   	165.000000	15.0656   	165.000000	15.1815   	165.000000	0.00402362	
170.000000	12.3384   	170.000000	14.8983   	170.000000	14.8634   	170.000000	14.7889   	170.000000	14.7966   	170.000000	14.8944   	170.000000	0.00391604	
175.000000	12.1211   	175.000000	14.6258   	175.000000	14.6112   	175.000000	14.5148   	175.000000	14.5424   	175.000000	14.622    	175.000000	0.00381431	
180.000000	11.9147   	180.000000	14.3669   	180.000000	14.3709   	180.000000	14.2547   	180.000000	14.3012   	180.000000	14.3632   	180.000000	0.00371795	
185.000000	11.7183   	185.000000	14.1206   	185.000000	14.1415   	185.000000	14.0076   	185.000000	14.0712   	185.000000	14.117    	185.000000	0.00362655	
190.000000	11.5312   	190.000000	13.8861   	190.000000	13.9225   	190.000000	13.7725   	190.000000	13.8529   	190.000000	13.8825   	190.000000	0.00353972	
195.000000	11.3528   	195.000000	13.6625   	195.000000	13.7143   	195.000000	13.5486   	195.000000	13.6448   	195.000000	13.659    	195.000000	0.00345713	
200.000000	11.1825   	200.000000	13.449    	200.000000	13.5161   	200.000000	13.3351   	200.000000	13.4456   	200.000000	13.4457   	200.000000	0.00337846	
210.000000	10.8638   	210.000000	13.0501   	210.000000	13.1427   	210.000000	12.9367   	210.000000	13.0748   	210.000000	13.0469   	210.000000	0.00323183	
220.000000	10.5716   	220.000000	12.6846   	220.000000	12.8016   	220.000000	12.5723   	220.000000	12.7339   	220.000000	12.6815   	220.000000	0.00309789	
230.000000	10.3025   	230.000000	12.3485   	230.000000	12.4858   	230.000000	12.2379   	230.000000	12.4213   	230.000000	12.3455   	230.000000	0.00297505	
240.000000	10.054    	240.000000	12.0385   	240.000000	12.1951   	240.000000	11.93     	240.000000	12.1324   	240.000000	12.0356   	240.000000	0.00286196	
250.000000	9.82376   	250.000000	11.7517   	250.000000	11.9259   	250.000000	11.6455   	250.000000	11.8655   	250.000000	11.7489   	250.000000	0.0027575 	
260.000000	9.60981   	260.000000	11.4855   	260.000000	11.6757   	260.000000	11.3821   	260.000000	11.6174   	260.000000	11.4829   	260.000000	0.00266069	
270.000000	9.4105    	270.000000	11.238    	270.000000	11.4429   	270.000000	11.1374   	270.000000	11.3871   	270.000000	11.2355   	270.000000	0.00257071	
280.000000	9.22437   	280.000000	11.0073   	280.000000	11.2251   	280.000000	10.9097   	280.000000	11.1717   	280.000000	11.0048   	280.000000	0.00248687	
290.000000	9.05017   	290.000000	10.7917   	290.000000	11.0217   	290.000000	10.6972   	290.000000	10.9714   	290.000000	10.7893   	290.000000	0.00240853	
300.000000	8.88679   	300.000000	10.5898   	300.000000	10.8315   	300.000000	10.4985   	300.000000	10.7828   	300.000000	10.5875   	300.000000	0.00233518	
310.000000	8.73325   	310.000000	10.4004   	310.000000	10.6528   	310.000000	10.3124   	310.000000	10.6064   	310.000000	10.3981   	310.000000	0.00226633	
320.000000	8.58871   	320.000000	10.2224   	320.000000	10.4844   	320.000000	10.1377   	320.000000	10.4404   	320.000000	10.2202   	320.000000	0.00220159	
330.000000	8.4524    	330.000000	10.0549   	330.000000	10.3259   	330.000000	9.97343   	330.000000	10.2839   	330.000000	10.0527   	330.000000	0.0021406 	
340.000000	8.32365   	340.000000	9.89691   	340.000000	10.1766   	340.000000	9.81876   	340.000000	10.1368   	340.000000	9.89483   	340.000000	0.00208302	
350.000000	8.20185   	350.000000	9.74773   	350.000000	10.0357   	350.000000	9.67288   	350.000000	9.99718   	350.000000	9.7457    	350.000000	0.00202858	
360.000000	8.08648   	360.000000	9.60665   	360.000000	9.90216   	360.000000	9.53508   	360.000000	9.86538   	360.000000	9.60467   	360.000000	0.00197703	
370.000000	7.97704   	370.000000	9.47306   	370.000000	9.77543   	370.000000	9.40476   	370.000000	9.74091   	370.000000	9.47113   	370.000000	0.00192814	
380.000000	7.8731    	380.000000	9.3464    	380.000000	9.65531   	380.000000	9.28133   	380.000000	9.62213   	380.000000	9.34452   	380.000000	0.0018817 	
390.000000	7.77427   	390.000000	9.22616   	390.000000	9.54142   	390.000000	9.16428   	390.000000	9.50968   	390.000000	9.22433   	390.000000	0.00183754	
400.000000	7.68018   	400.000000	9.1119    	400.000000	9.4333    	400.000000	9.05317   	400.000000	9.40312   	400.000000	9.1101    	400.000000	0.00179548	
410.000000	7.59053   	410.000000	9.00318   	410.000000	9.33035   	410.000000	8.94757   	410.000000	9.30112   	410.000000	9.00143   	410.000000	0.00175538	
420.000000	7.505     	420.000000	8.89965   	420.000000	9.23204   	420.000000	8.84711   	420.000000	9.20414   	420.000000	8.89793   	420.000000	0.0017171 	
430.000000	7.42334   	430.000000	8.80095   	430.000000	9.13821   	430.000000	8.75143   	430.000000	9.11194   	430.000000	8.79927   	430.000000	0.00168053	
440.000000	7.34529   	440.000000	8.70677   	440.000000	9.04876   	440.000000	8.66022   	440.000000	9.02374   	440.000000	8.70512   	440.000000	0.00164554	
450.000000	7.27064   	450.000000	8.61683   	450.000000	8.96342   	450.000000	8.57319   	450.000000	8.93933   	450.000000	8.61521   	450.000000	0.00161203	
460.000000	7.19918   	460.000000	8.53085   	460.000000	8.88186   	460.000000	8.49008   	460.000000	8.85888   	460.000000	8.52927   	460.000000	0.00157992	
470.000000	7.13071   	470.000000	8.44861   	470.000000	8.80387   	470.000000	8.41065   	470.000000	8.78216   	470.000000	8.44706   	470.000000	0.00154911	
480.000000	7.06507   	480.000000	8.36987   	480.000000	8.72927   	480.000000	8.33467   	480.000000	8.70825   	480.000000	8.36835   	480.000000	0.00151952	
490.000000	7.00208   	490.000000	8.29443   	490.000000	8.65784   	490.000000	8.26194   	490.000000	8.63751   	490.000000	8.29294   	490.000000	0.00149109	
500.000000	6.94161   	500.000000	8.22211   	500.000000	8.58932   	500.000000	8.19227   	500.000000	8.56983   	500.000000	8.22065   	500.000000	0.00146375	
520.000000	6.82767   	520.000000	8.08611   	520.000000	8.46026   	520.000000	8.0614    	520.000000	8.44245   	520.000000	8.0847    	520.000000	0.00141207	
540.000000	6.72225   	540.000000	7.96062   	540.000000	8.34129   	540.000000	7.94083   	540.000000	8.32475   	540.000000	7.95925   	540.000000	0.00136406	
560.000000	6.62449   	560.000000	7.84455   	560.000000	8.23139   	560.000000	7.82946   	560.000000	8.21603   	560.000000	7.84323   	560.000000	0.00131933	
580.000000	6.53366   	580.000000	7.73697   	580.000000	8.12935   	580.000000	7.72637   	580.000000	8.11493   	580.000000	7.73569   	580.000000	0.00127754	
600.000000	6.44911   	600.000000	7.63706   	600.000000	8.03419   	600.000000	7.63073   	600.000000	8.0214    	600.000000	7.63582   	600.000000	0.00123842	
620.000000	6.37027   	620.000000	7.5441    	620.000000	7.94561   	620.000000	7.54184   	620.000000	7.93386   	620.000000	7.5429    	620.000000	0.00120172	
640.000000	6.29664   	640.000000	7.45747   	640.000000	7.86349   	640.000000	7.45908   	640.000000	7.85252   	640.000000	7.4563    	640.000000	0.0011672 	
660.000000	6.22777   	660.000000	7.37661   	660.000000	7.78686   	660.000000	7.38188   	660.000000	7.77653   	660.000000	7.37547   	660.000000	0.00113469	
680.000000	6.16327   	680.000000	7.30102   	680.000000	7.71491   	680.000000	7.30977   	680.000000	7.70528   	680.000000	7.29992   	680.000000	0.00110401	
700.000000	6.1028    	700.000000	7.23028   	700.000000	7.64747   	700.000000	7.2423    	700.000000	7.6388    	700.000000	7.2292    	700.000000	0.00107501	
720.000000	6.04604   	720.000000	7.16398   	720.000000	7.58432   	720.000000	7.1791    	720.000000	7.57624   	720.000000	7.16294   	720.000000	0.00104754	
740.000000	5.9927    	740.000000	7.10179   	740.000000	7.52508   	740.000000	7.11982   	740.000000	7.51746   	740.000000	7.10077   	740.000000	0.0010215 	
760.000000	5.94253   	760.000000	7.04338   	760.000000	7.4694    	760.000000	7.06414   	760.000000	7.4624    	760.000000	7.04238   	760.000000	0.000996773	
780.000000	5.89532   	780.000000	6.98847   	780.000000	7.41704   	780.000000	7.01179   	780.000000	7.41038   	780.000000	6.9875    	780.000000	0.000973256	
800.000000	5.85084   	800.000000	6.93682   	800.000000	7.36779   	800.000000	6.96252   	800.000000	7.36136   	800.000000	6.93586   	800.000000	0.000950865	
820.000000	5.80891   	820.000000	6.88818   	820.000000	7.32135   	820.000000	6.9161    	820.000000	7.31529   	820.000000	6.88725   	820.000000	0.00092952	
840.000000	5.76937   	840.000000	6.84234   	840.000000	7.2774    	840.000000	6.87232   	840.000000	7.27173   	840.000000	6.84143   	840.000000	0.000909147	
860.000000	5.73205   	860.000000	6.79913   	860.000000	7.23576   	860.000000	6.831     	860.000000	7.23045   	860.000000	6.79824   	860.000000	0.000889682	
880.000000	5.69681   	880.000000	6.75836   	880.000000	7.19639   	880.000000	6.79197   	880.000000	7.19157   	880.000000	6.75749   	880.000000	0.000871064	
900.000000	5.66353   	900.000000	6.71987   	900.000000	7.15926   	900.000000	6.75507   	900.000000	7.15492   	900.000000	6.71902   	900.000000	0.000853238	
920.000000	5.63209   	920.000000	6.68352   	920.000000	7.12426   	920.000000	6.72016   	920.000000	7.11993   	920.000000	6.68269   	920.000000	0.000836154	
940.000000	5.60237   	940.000000	6.64918   	940.000000	7.09114   	940.000000	6.68711   	940.000000	7.08685   	940.000000	6.64836   	940.000000	0.000819766	
960.000000	5.57428   	960.000000	6.61673   	960.000000	7.0597    	960.000000	6.6558    	960.000000	7.0556    	960.000000	6.61592   	960.000000	0.000804032	
980.000000	5.54772   	980.000000	6.58604   	980.000000	7.02978   	980.000000	6.62612   	980.000000	7.02599   	980.000000	6.58525   	980.000000	0.000788914	
1000.000000	5.5226    	1000.000000	6.55703   	1000.000000	7.00133   	1000.000000	6.59797   	1000.000000	6.99768   	1000.000000	6.55625   	1000.000000	0.000774374	
1020.000000	5.49886   	1020.000000	6.52958   	1020.000000	6.97431   	1020.000000	6.57126   	1020.000000	6.97078   	1020.000000	6.52882   	1020.000000	0.000760381	
1040.000000	5.4764    	1040.000000	6.50362   	1040.000000	6.94866   	1040.000000	6.5459    	1040.000000	6.9453    	1040.000000	6.50288   	1040.000000	0.000746903	
1060.000000	5.45518   	1060.000000	6.47907   	1060.000000	6.92431   	1060.000000	6.52182   	1060.000000	6.92115   	1060.000000	6.47833   	1060.000000	0.000733912	
1080.000000	5.43511   	1080.000000	6.45583   	1080.000000	6.90117   	1080.000000	6.49893   	1080.000000	6.89796   	1080.000000	6.45511   	1080.000000	0.000721382	
1100.000000	5.41615   	1100.000000	6.43386   	1100.000000	6.87914   	1100.000000	6.47717   	1100.000000	6.87597   	1100.000000	6.43315   	1100.000000	0.000709289	
1120.000000	5.39824   	1120.000000	6.41307   	1120.000000	6.85816   	1120.000000	6.45648   	1120.000000	6.8551    	1120.000000	6.41237   	1120.000000	0.00069761	
1140.000000	5.38132   	1140.000000	6.3934    	1140.000000	6.83816   	1140.000000	6.4368    	1140.000000	6.8353    	1140.000000	6.39272   	1140.000000	0.000686323	
1160.000000	5.36535   	1160.000000	6.37481   	1160.000000	6.8191    	1160.000000	6.41807   	1160.000000	6.81636   	1160.000000	6.37414   	1160.000000	0.000675409	
1180.000000	5.35029   	1180.000000	6.35724   	1180.000000	6.80095   	1180.000000	6.40024   	1180.000000	6.79826   	1180.000000	6.35658   	1180.000000	0.00066485	
1200.000000	5.33609   	1200.000000	6.34063   	1200.000000	6.78366   	1200.000000	6.38326   	1200.000000	6.78106   	1200.000000	6.33998   	1200.000000	0.000654628	
1220.000000	5.32271   	1220.000000	6.32495   	1220.000000	6.76721   	1220.000000	6.3671    	1220.000000	6.76472   	1220.000000	6.3243    	1220.000000	0.000644727	
1240.000000	5.31012   	1240.000000	6.31014   	1240.000000	6.75154   	1240.000000	6.3517    	1240.000000	6.7492    	1240.000000	6.3095    	1240.000000	0.000635132	
1260.000000	5.29828   	1260.000000	6.29617   	1260.000000	6.73661   	1260.000000	6.33703   	1260.000000	6.73429   	1260.000000	6.29554   	1260.000000	0.000625829	
1280.000000	5.28715   	1280.000000	6.28299   	1280.000000	6.72239   	1280.000000	6.32306   	1280.000000	6.72005   	1280.000000	6.28237   	1280.000000	0.000616805	
1300.000000	5.27672   	1300.000000	6.27058   	1300.000000	6.70883   	1300.000000	6.30974   	1300.000000	6.70651   	1300.000000	6.26997   	1300.000000	0.000608047	
1320.000000	5.26694   	1320.000000	6.25889   	1320.000000	6.6959    	1320.000000	6.29705   	1320.000000	6.69364   	1320.000000	6.25829   	1320.000000	0.000599543	
1340.000000	5.2578    	1340.000000	6.2479    	1340.000000	6.68356   	1340.000000	6.28496   	1340.000000	6.6814    	1340.000000	6.24731   	1340.000000	0.000591283	
1360.000000	5.24926   	1360.000000	6.23757   	1360.000000	6.6718    	1360.000000	6.27343   	1360.000000	6.66968   	1360.000000	6.23699   	1360.000000	0.000583256	
1380.000000	5.24131   	1380.000000	6.22788   	1380.000000	6.66057   	1380.000000	6.26244   	1380.000000	6.65843   	1380.000000	6.22731   	1380.000000	0.000575451	
1400.000000	5.23391   	1400.000000	6.21881   	1400.000000	6.64986   	1400.000000	6.25197   	1400.000000	6.64773   	1400.000000	6.21824   	1400.000000	0.000567861	
1420.000000	5.22705   	1420.000000	6.21031   	1420.000000	6.63964   	1420.000000	6.24199   	1420.000000	6.63755   	1420.000000	6.20975   	1420.000000	0.000560475	
1440.000000	5.2207    	1440.000000	6.20238   	1440.000000	6.62989   	1440.000000	6.23248   	1440.000000	6.62788   	1440.000000	6.20182   	1440.000000	0.000553286	
1460.000000	5.21486   	1460.000000	6.19498   	1460.000000	6.62058   	1460.000000	6.22341   	1460.000000	6.61869   	1460.000000	6.19443   	1460.000000	0.000546286	
1480.000000	5.20949   	1480.000000	6.1881    	1480.000000	6.61171   	1480.000000	6.21478   	1480.000000	6.60983   	1480.000000	6.18756   	1480.000000	0.000539468	
1500.000000	5.20458   	1500.000000	6.18172   	1500.000000	6.60324   	1500.000000	6.20655   	1500.000000	6.60137   	1500.000000	6.18118   	1500.000000	0.000532823	
1520.000000	5.20011   	1520.000000	6.17581   	1520.000000	6.59517   	1520.000000	6.19872   	1520.000000	6.59337   	1520.000000	6.17528   	1520.000000	0.000526347	
1540.000000	5.19608   	1540.000000	6.17036   	1540.000000	6.58748   	1540.000000	6.19126   	1540.000000	6.58577   	1540.000000	6.16984   	1540.000000	0.000520032	
1560.000000	5.19245   	1560.000000	6.16535   	1560.000000	6.58016   	1560.000000	6.18415   	1560.000000	6.57856   	1560.000000	6.16484   	1560.000000	0.000513872	
1580.000000	5.18923   	1580.000000	6.16077   	1580.000000	6.57318   	1580.000000	6.1774    	1580.000000	6.57171   	1580.000000	6.16026   	1580.000000	0.000507861	
1600.000000	5.18639   	1600.000000	6.15659   	1600.000000	6.56653   	1600.000000	6.17096   	1600.000000	6.56513   	1600.000000	6.15609   	1600.000000	0.000501995	
1620.000000	5.18392   	1620.000000	6.15281   	1620.000000	6.56021   	1620.000000	6.16485   	1620.000000	6.55883   	1620.000000	6.15232   	1620.000000	0.000496268	
1640.000000	5.18182   	1640.000000	6.14941   	1640.000000	6.5542    	1640.000000	6.15903   	1640.000000	6.55285   	1640.000000	6.14892   	1640.000000	0.000490675	
1660.000000	5.18006   	1660.000000	6.14638   	1660.000000	6.54848   	1660.000000	6.15351   	1660.000000	6.54718   	1660.000000	6.14589   	1660.000000	0.000485211	
1680.000000	5.17863   	1680.000000	6.14369   	1680.000000	6.54304   	1680.000000	6.14826   	1680.000000	6.54181   	1680.000000	6.14321   	1680.000000	0.000479871	
1700.000000	5.17754   	1700.000000	6.14135   	1700.000000	6.53788   	1700.000000	6.14328   	1700.000000	6.53673   	1700.000000	6.14088   	1700.000000	0.000474653	
1750.000000	5.17615   	1750.000000	6.13691   	1750.000000	6.52608   	1750.000000	6.13193   	1750.000000	6.52504   	1750.000000	6.13645   	1750.000000	0.000462107	
1800.000000	5.17659   	1800.000000	6.13436   	1800.000000	6.51574   	1800.000000	6.12203   	1800.000000	6.51477   	1800.000000	6.13391   	1800.000000	0.00045023	
1850.000000	5.17872   	1850.000000	6.13354   	1850.000000	6.50672   	1850.000000	6.11344   	1850.000000	6.50591   	1850.000000	6.1331    	1850.000000	0.00043897	
1900.000000	5.18242   	1900.000000	6.13432   	1900.000000	6.4989    	1900.000000	6.10604   	1900.000000	6.49818   	1900.000000	6.13389   	1900.000000	0.000428279	
1950.000000	5.18758   	1950.000000	6.13657   	1950.000000	6.49218   	1950.000000	6.09972   	1950.000000	6.49153   	1950.000000	6.13616   	1950.000000	0.000418114	
2000.000000	5.19411   	2000.000000	6.1402    	2000.000000	6.48646   	2000.000000	6.0944    	2000.000000	6.48594   	2000.000000	6.13979   	2000.000000	0.000408437	
2100.000000	5.2109    	2100.000000	6.15115   	2100.000000	6.47767   	2100.000000	6.08637   	2100.000000	6.4773    	2100.000000	6.15076   	2100.000000	0.000390412	
2200.000000	5.23219   	2200.000000	6.1665    	2200.000000	6.47194   	2200.000000	6.08135   	2200.000000	6.47182   	2200.000000	6.16612   	2200.000000	0.000373963	
2300.000000	5.25744   	2300.000000	6.18565   	2300.000000	6.46879   	2300.000000	6.07888   	2300.000000	6.46876   	2300.000000	6.18529   	2300.000000	0.000358889	
2400.000000	5.28624   	2400.000000	6.20814   	2400.000000	6.46781   	2400.000000	6.07854   	2400.000000	6.46798   	2400.000000	6.20779   	2400.000000	0.000345022	
2500.000000	5.31821   	2500.000000	6.23356   	2500.000000	6.46869   	2500.000000	6.08001   	2500.000000	6.46894   	2500.000000	6.23323   	2500.000000	0.000332223	
2600.000000	5.35304   	2600.000000	6.26157   	2600.000000	6.47113   	2600.000000	6.08301   	2600.000000	6.47154   	2600.000000	6.26125   	2600.000000	0.00032037	
2700.000000	5.39047   	2700.000000	6.29188   	2700.000000	6.47492   	2700.000000	6.08733   	2700.000000	6.47538   	2700.000000	6.29158   	2700.000000	0.000309361	
2800.000000	5.43025   	2800.000000	6.32425   	2800.000000	6.47986   	2800.000000	6.09275   	2800.000000	6.48046   	2800.000000	6.32395   	2800.000000	0.000299109	
2900.000000	5.47221   	2900.000000	6.35844   	2900.000000	6.48577   	2900.000000	6.09912   	2900.000000	6.48639   	2900.000000	6.35815   	2900.000000	0.000289537	
3000.000000	5.51615   	3000.000000	6.39429   	3000.000000	6.49253   	3000.000000	6.10631   	3000.000000	6.49323   	3000.000000	6.394     	3000.000000	0.000280578	
3200.000000	5.6094    	3200.000000	6.47028   	3200.000000	6.50808   	3200.000000	6.12266   	3200.000000	6.50885   	3200.000000	6.47002   	3200.000000	0.000264279	
3400.000000	5.709     	3400.000000	6.55115   	3400.000000	6.52569   	3400.000000	6.14104   	3400.000000	6.52656   	3400.000000	6.5509    	3400.000000	0.000249826	
3600.000000	5.81414   	3600.000000	6.63606   	3600.000000	6.54478   	3600.000000	6.1609    	3600.000000	6.54581   	3600.000000	6.63582   	3600.000000	0.000236921	
3800.000000	5.92418   	3800.000000	6.72434   	3800.000000	6.56493   	3800.000000	6.1818    	3800.000000	6.56609   	3800.000000	6.72412   	3800.000000	0.000225324	
4000.000000	6.03862   	4000.000000	6.81547   	4000.000000	6.58582   	4000.000000	6.20343   	4000.000000	6.58714   	4000.000000	6.81525   	4000.000000	0.000214844	
4200.000000	6.15703   	4200.000000	6.909     	4200.000000	6.60724   	4200.000000	6.22554   	4200.000000	6.60873   	4200.000000	6.9088    	4200.000000	0.000205325	
4400.000000	6.27907   	4400.000000	7.0046    	4400.000000	6.62899   	4400.000000	6.24795   	4400.000000	6.63056   	4400.000000	7.00441   	4400.000000	0.000196641	
4600.000000	6.40445   	4600.000000	7.10197   	4600.000000	6.65093   	4600.000000	6.27052   	4600.000000	6.65261   	4600.000000	7.10178   	4600.000000	0.000188683	
4800.000000	6.53292   	4800.000000	7.20087   	4800.000000	6.67296   	4800.000000	6.29312   	4800.000000	6.67467   	4800.000000	7.20069   	4800.000000	0.000181365	
5000.000000	6.66429   	5000.000000	7.3011    	5000.000000	6.69499   	5000.000000	6.31568   	5000.000000	6.69673   	5000.000000	7.30093   	5000.000000	0.000174611	
5250.000000	6.83231   	5250.000000	7.428     	5250.000000	6.72241   	5250.000000	6.34372   	5250.000000	6.72412   	5250.000000	7.42784   	5250.000000	0.000166866	
5500.000000	7.0043    	5500.000000	7.55644   	5500.000000	6.74962   	5500.000000	6.37149   	5500.000000	6.75124   	5500.000000	7.55628   	5500.000000	0.0001598 	
6000.000000	7.35927   	6000.000000	7.81704   	6000.000000	6.80304   	6000.000000	6.42594   	6000.000000	6.80442   	6000.000000	7.81689   	6000.000000	0.000147373	
6500.000000	7.72771   	6500.000000	8.0815    	6500.000000	6.85432   	6500.000000	6.47871   	6500.000000	6.85591   	6500.000000	8.08136   	6500.000000	0.000136791	
7000.000000	8.10856   	7000.000000	8.34883   	7000.000000	6.90377   	7000.000000	6.52964   	7000.000000	6.90554   	7000.000000	8.3487    	7000.000000	0.00012767	
7500.000000	8.50103   	7500.000000	8.6183    	7500.000000	6.95162   	7500.000000	6.5787    	7500.000000	6.95328   	7500.000000	8.61818   	7500.000000	0.000119722	
8000.000000	8.90453   	8000.000000	8.8894    	8000.000000	6.99756   	8000.000000	6.62591   	8000.000000	6.99914   	8000.000000	8.88929   	8000.000000	0.000112734	
8500.000000	9.31859   	8500.000000	9.16172   	8500.000000	7.0415    	8500.000000	6.67132   	8500.000000	7.04315   	8500.000000	9.16161   	8500.000000	0.00010654	
9000.000000	9.74287   	9000.000000	9.43496   	9000.000000	7.08361   	9000.000000	6.71502   	9000.000000	7.08541   	9000.000000	9.43486   	9000.000000	0.000101011	
9500.000000	10.1771   	9500.000000	9.70888   	9500.000000	7.12411   	9500.000000	6.75708   	9500.000000	7.12603   	9500.000000	9.70879   	9500.000000	9.60433e-05	
10000.000000	10.621    	10000.000000	9.98331   	10000.000000	7.16316   	10000.000000	6.7976    	10000.000000	7.16503   	10000.000000	9.98321   	10000.000000	9.15556e-05	
11000.000000	11.5372   	11000.000000	10.5331   	11000.000000	7.23685   	11000.000000	6.87435   	11000.000000	7.23868   	11000.000000	10.533    	11000.000000	8.37637e-05	
12000.000000	12.4906   	12000.000000	11.0835   	12000.000000	7.30506   	12000.000000	6.94592   	12000.000000	7.30698   	12000.000000	11.0835   	12000.000000	7.7228e-05	
13000.000000	13.4802   	13000.000000	11.634    	13000.000000	7.36853   	13000.000000	7.01289   	13000.000000	7.37052   	13000.000000	11.634    	13000.000000	7.16649e-05	
14000.000000	14.5058   	14000.000000	12.1843   	14000.000000	7.42794   	14000.000000	7.07577   	14000.000000	7.42982   	14000.000000	12.1842   	14000.000000	6.68705e-05	
15000.000000	15.5669   	15000.000000	12.734    	15000.000000	7.48366   	15000.000000	7.13498   	15000.000000	7.48531   	15000.000000	12.7339   	15000.000000	6.26945e-05	
16000.000000	16.6633   	16000.000000	13.2831   	16000.000000	7.53581   	16000.000000	7.19092   	16000.000000	7.53739   	16000.000000	13.283    	16000.000000	5.90234e-05	
17000.000000	17.795    	17000.000000	13.8314   	17000.000000	7.5847    	17000.000000	7.2439    	17000.000000	7.5864    	17000.000000	13.8313   	17000.000000	5.57701e-05	
18000.000000	18.9618   	18000.000000	14.3788   	18000.000000	7.63073   	18000.000000	7.29422   	18000.000000	7.63263   	18000.000000	14.3788   	18000.000000	5.28665e-05	
19000.000000	20.1638   	19000.000000	14.9254   	19000.000000	7.67427   	19000.000000	7.34212   	19000.000000	7.67628   	19000.000000	14.9253   	19000.000000	5.02585e-05	
20000.000000	21.401    	20000.000000	15.471    	20000.000000	7.71563   	20000.000000	7.3878    	20000.000000	7.71763   	20000.000000	15.471    	20000.000000	4.79028e-05	
21000.000000	22.6734   	21000.000000	16.0158   	21000.000000	7.75496   	21000.000000	7.43147   	21000.000000	7.75687   	21000.000000	16.0157   	21000.000000	4.57642e-05	
22000.000000	23.9811   	22000.000000	16.5596   	22000.000000	7.79222   	22000.000000	7.47329   	22000.000000	7.79412   	22000.000000	16.5596   	22000.000000	4.38137e-05	
23000.000000	25.3242   	23000.000000	17.1025   	23000.000000	7.82758   	23000.000000	7.5134    	23000.000000	7.82963   	23000.000000	17.1025   	23000.000000	4.20272e-05	
24000.000000	26.7028   	24000.000000	17.6446   	24000.000000	7.86135   	24000.000000	7.55194   	24000.000000	7.8634    	24000.000000	17.6445   	24000.000000	4.03848e-05	
25000.000000	28.117    	25000.000000	18.1857   	25000.000000	7.89372   	25000.000000	7.58903   	25000.000000	7.8957    	25000.000000	18.1857   	25000.000000	3.88695e-05	
26000.000000	29.5669   	26000.000000	18.7259   	26000.000000	7.92463   	26000.000000	7.62475   	26000.000000	7.92649   	26000.000000	18.7259   	26000.000000	3.74671e-05	
27000.000000	31.0528   	27000.000000	19.2653   	27000.000000	7.95412   	27000.000000	7.65922   	27000.000000	7.95603   	27000.000000	19.2653   	27000.000000	3.61651e-05	
28000.000000	32.5747   	28000.000000	19.8039   	28000.000000	7.98233   	28000.000000	7.69252   	28000.000000	7.98424   	28000.000000	19.8038   	28000.000000	3.49531e-05	
29000.000000	34.1327   	29000.000000	20.3416   	29000.000000	8.0094    	29000.000000	7.72471   	29000.000000	8.01134   	29000.000000	20.3416   	29000.000000	3.3822e-05	
30000.000000	35.7271   	30000.000000	20.8785   	30000.000000	8.03542   	30000.000000	7.75588   	30000.000000	8.03732   	30000.000000	20.8785   	30000.000000	3.27639e-05	
32000.000000	39.0257   	32000.000000	21.95     	32000.000000	8.08445   	32000.000000	7.81537   	32000.000000	8.08632   	32000.000000	21.9499   	32000.000000	3.08398e-05	
34000.000000	42.4717   	34000.000000	23.0184   	34000.000000	8.12984   	34000.000000	7.87143   	34000.000000	8.13165   	34000.000000	23.0184   	34000.000000	2.91351e-05	
36000.000000	46.0666   	36000.000000	24.084    	36000.000000	8.17186   	36000.000000	7.92444   	36000.000000	8.17375   	36000.000000	24.0839   	36000.000000	2.76138e-05	
38000.000000	49.812    	38000.000000	25.1467   	38000.000000	8.21093   	38000.000000	7.9747    	38000.000000	8.213     	38000.000000	25.1467   	38000.000000	2.62477e-05	
40000.000000	53.7092   	40000.000000	26.2069   	40000.000000	8.24743   	40000.000000	8.02248   	40000.000000	8.24963   	40000.000000	26.2069   	40000.000000	2.50139e-05	
42000.000000	57.7599   	42000.000000	27.2645   	42000.000000	8.28166   	42000.000000	8.06801   	42000.000000	8.28393   	42000.000000	27.2645   	42000.000000	2.3894e-05	
44000.000000	61.9656   	44000.000000	28.3197   	44000.000000	8.31397   	44000.000000	8.1115    	44000.000000	8.31613   	44000.000000	28.3197   	44000.000000	2.28727e-05	
46000.000000	66.3281   	46000.000000	29.3726   	46000.000000	8.34463   	46000.000000	8.15312   	46000.000000	8.34639   	46000.000000	29.3726   	46000.000000	2.19375e-05	
48000.000000	70.8489   	48000.000000	30.4233   	48000.000000	8.37374   	48000.000000	8.19303   	48000.000000	8.37492   	48000.000000	30.4232   	48000.000000	2.10778e-05	
50000.000000	75.5297   	50000.000000	31.4718   	50000.000000	8.40115   	50000.000000	8.23135   	50000.000000	8.40185   	50000.000000	31.4718   	50000.000000	2.02848e-05	
