! 138Ce energy loss (dE/dX) in He
! apply ZOOM for details
Energy (MeV/u)1	0 - [He-base] F.Hubert et al, AD&ND Tables 46(1990)1	Energy (MeV/u)2	1 - [H -base] J.F.Ziegler et al,Pergamon Press,NY(low energy)	Energy (MeV/u)3	2 - ATIMA 1.2 LS-theory (recommended for high energy)	Energy (MeV/u)4	3 - ATIMA 1.2 without LS-correction	Energy (MeV/u)5	4 - ATIMA 1.4 H.Weick, improved mean charge formula for HI	Energy (MeV/u)6	5 - electrical component of [1] - J.F.Ziegler et al	Energy (MeV/u)7	6 - nuclear component of [1] - J.F.Ziegler et al	
0.001000	14.4337   	0.001000	17.7401   	0.001000	14.8913   	0.001000	14.8913   	0.001000	14.8918   	0.001000	4.16414   	0.001000	13.5759   	
0.002000	15.0826   	0.002000	18.5896   	0.002000	15.0494   	0.002000	15.0494   	0.002000	15.0499   	0.002000	5.40022   	0.002000	13.1894   	
0.005000	15.0786   	0.005000	18.643    	0.005000	13.9694   	0.005000	13.9694   	0.005000	13.9697   	0.005000	7.61445   	0.005000	11.0285   	
0.008000	14.9569   	0.008000	18.5082   	0.008000	13.1459   	0.008000	13.1459   	0.008000	13.1462   	0.008000	9.08205   	0.008000	9.42615   	
0.010000	14.9442   	0.010000	18.4954   	0.010000	12.7794   	0.010000	12.7794   	0.010000	12.7797   	0.010000	9.87473   	0.010000	8.62067   	
0.015000	15.0806   	0.015000	18.6622   	0.015000	12.2592   	0.015000	12.2592   	0.015000	12.2594   	0.015000	11.4963   	0.015000	7.16583   	
0.020000	15.3509   	0.020000	18.9902   	0.020000	12.0656   	0.020000	12.0656   	0.020000	12.0657   	0.020000	12.8059   	0.020000	6.18431   	
0.025000	15.6833   	0.025000	19.3943   	0.025000	12.0461   	0.025000	12.0461   	0.025000	12.0462   	0.025000	13.9236   	0.025000	5.47067   	
0.030000	16.0439   	0.030000	19.8335   	0.030000	12.1276   	0.030000	12.1276   	0.030000	12.1277   	0.030000	14.9089   	0.030000	4.92458   	
0.035000	16.416    	0.035000	20.2871   	0.035000	12.2711   	0.035000	12.2711   	0.035000	12.2712   	0.035000	15.7961   	0.035000	4.49099   	
0.040000	16.7905   	0.040000	20.7442   	0.040000	12.4542   	0.040000	12.4542   	0.040000	12.4543   	0.040000	16.6072   	0.040000	4.137     	
0.045000	17.1626   	0.045000	21.1988   	0.045000	12.6634   	0.045000	12.6634   	0.045000	12.6635   	0.045000	17.3572   	0.045000	3.84164   	
0.050000	17.5297   	0.050000	21.6476   	0.050000	12.8898   	0.050000	12.8898   	0.050000	12.8899   	0.050000	18.0567   	0.050000	3.59085   	
0.055000	17.8902   	0.055000	22.0886   	0.055000	13.1276   	0.055000	13.1276   	0.055000	13.1277   	0.055000	18.7138   	0.055000	3.37483   	
0.060000	18.2435   	0.060000	22.521    	0.060000	13.373    	0.060000	13.373    	0.060000	13.373    	0.060000	19.3344   	0.060000	3.18651   	
0.070000	18.9273   	0.070000	23.3583   	0.070000	13.8759   	0.070000	13.8759   	0.070000	13.876    	0.070000	20.485    	0.070000	2.87331   	
0.080000	19.581    	0.080000	24.1595   	0.080000	14.3848   	0.080000	14.3848   	0.080000	14.3849   	0.080000	21.5369   	0.080000	2.62253   	
0.090000	21.1693   	0.090000	24.9261   	0.090000	14.8923   	0.090000	14.8923   	0.090000	14.8924   	0.090000	22.5095   	0.090000	2.41655   	
0.100000	23.0216   	0.100000	26.7406   	0.100000	16.2973   	0.100000	16.2973   	0.100000	16.2973   	0.100000	24.4967   	0.100000	2.24394   	
0.120000	25.8759   	0.120000	32.0362   	0.120000	20.7378   	0.120000	20.7378   	0.120000	20.7378   	0.120000	30.0842   	0.120000	1.95208   	
0.140000	28.3722   	0.140000	36.9999   	0.140000	25.1803   	0.140000	25.1803   	0.140000	25.1804   	0.140000	35.2543   	0.140000	1.74563   	
0.160000	30.6728   	0.160000	41.5561   	0.160000	29.4514   	0.160000	29.4514   	0.160000	29.4515   	0.160000	39.9738   	0.160000	1.58232   	
0.180000	32.8774   	0.180000	45.7056   	0.180000	33.4654   	0.180000	33.4654   	0.180000	33.4654   	0.180000	44.2561   	0.180000	1.44954   	
0.200000	35.0393   	0.200000	49.4745   	0.200000	37.1819   	0.200000	37.1819   	0.200000	37.182    	0.200000	48.1353   	0.200000	1.33924   	
0.250000	39.1205   	0.250000	57.4675   	0.250000	45.1489   	0.250000	45.1489   	0.250000	45.149    	0.250000	56.3374   	0.250000	1.1301    	
0.300000	43.2423   	0.300000	64.281    	0.300000	51.4477   	0.300000	51.4477   	0.300000	51.4477   	0.300000	63.2992   	0.300000	0.981719  	
0.350000	47.0684   	0.350000	70.1135   	0.350000	56.4661   	0.350000	56.4661   	0.350000	56.4662   	0.350000	69.2431   	0.350000	0.870442  	
0.400000	50.5163   	0.400000	74.9225   	0.400000	60.552    	0.400000	60.552    	0.400000	60.552    	0.400000	74.1389   	0.400000	0.783593  	
0.450000	53.6103   	0.450000	78.9398   	0.450000	63.9647   	0.450000	63.9647   	0.450000	63.9647   	0.450000	78.226    	0.450000	0.713743  	
0.500000	56.3811   	0.500000	82.3337   	0.500000	66.8846   	0.500000	66.8846   	0.500000	66.8846   	0.500000	81.6774   	0.500000	0.656228  	
0.600000	59.3321   	0.600000	87.8677   	0.600000	71.6961   	0.600000	71.6961   	0.600000	71.6962   	0.600000	87.3008   	0.600000	0.566843  	
0.700000	62.1932   	0.700000	94.2798   	0.700000	75.5686   	0.700000	75.5686   	0.700000	75.5687   	0.700000	93.7794   	0.700000	0.50035   	
0.800000	66.3461   	0.800000	99.2002   	0.800000	78.787    	0.800000	78.787    	0.800000	78.7871   	0.800000	98.7514   	0.800000	0.448784  	
0.900000	69.7569   	0.900000	103.013   	0.900000	82.429    	0.900000	82.429    	0.900000	82.429    	0.900000	102.606   	0.900000	0.407527  	
1.000000	72.5713   	1.000000	105.986   	1.000000	85.5324   	1.000000	85.5324   	1.000000	85.5324   	1.000000	105.613   	1.000000	0.373704  	
1.250000	76.6894   	1.250000	109.709   	1.250000	91.3411   	1.250000	91.3411   	1.250000	91.3412   	1.250000	109.398   	1.250000	0.310705  	
1.500000	78.5212   	1.500000	110.418   	1.500000	95.1798   	1.500000	95.1798   	1.500000	95.1798   	1.500000	110.151   	1.500000	0.266915  	
1.750000	79.5083   	1.750000	110.37    	1.750000	97.6948   	1.750000	97.6948   	1.750000	97.6948   	1.750000	110.136   	1.750000	0.234578  	
2.000000	79.9351   	2.000000	109.859   	2.000000	99.2889   	2.000000	99.2889   	2.000000	99.289    	2.000000	109.649   	2.000000	0.209647  	
2.250000	79.9944   	2.250000	108.888   	2.250000	100.226   	2.250000	100.226   	2.250000	100.227   	2.250000	108.699   	2.250000	0.189796  	
2.500000	123.268   	2.500000	107.775   	2.500000	100.687   	2.500000	100.687   	2.500000	100.687   	2.500000	107.601   	2.500000	0.173588  	
3.000000	120.458   	3.000000	105.33    	3.000000	100.645   	3.000000	100.645   	3.000000	100.645   	3.000000	105.181   	3.000000	0.148654  	
3.500000	117.009   	3.500000	102.658   	3.500000	99.8006   	3.500000	99.8006   	3.500000	99.8007   	3.500000	102.528   	3.500000	0.130315  	
4.000000	113.362   	4.000000	99.5729   	4.000000	98.5005   	4.000000	98.5005   	4.000000	98.5006   	4.000000	99.4567   	4.000000	0.116221  	
4.500000	109.727   	4.500000	96.8046   	4.500000	96.943    	4.500000	96.943    	4.500000	96.943    	4.500000	96.6995   	4.500000	0.105029  	
5.000000	106.203   	5.000000	94.2699   	5.000000	95.2462   	5.000000	95.2462   	5.000000	95.2462   	5.000000	94.174    	5.000000	0.0959122 	
5.500000	102.838   	5.500000	91.918    	5.500000	93.4827   	5.500000	93.4827   	5.500000	93.4827   	5.500000	91.8297   	5.500000	0.0883327 	
6.000000	99.6467   	6.000000	89.7597   	6.000000	91.5762   	6.000000	91.5762   	6.000000	91.5763   	6.000000	89.6778   	6.000000	0.0819254 	
6.500000	96.6339   	6.500000	87.74     	6.500000	89.5985   	6.500000	89.5985   	6.500000	89.5986   	6.500000	87.6636   	6.500000	0.0764334 	
7.000000	93.7945   	7.000000	85.7975   	7.000000	87.6995   	7.000000	87.6995   	7.000000	87.6996   	7.000000	85.7258   	7.000000	0.0716702 	
7.500000	91.1202   	7.500000	83.9312   	7.500000	85.8769   	7.500000	85.8769   	7.500000	85.877    	7.500000	83.8637   	7.500000	0.0674973 	
8.000000	88.6009   	8.000000	82.1345   	8.000000	84.1279   	8.000000	84.1279   	8.000000	84.1279   	8.000000	82.0707   	8.000000	0.0638093 	
8.500000	86.2261   	8.500000	80.4117   	8.500000	82.4491   	8.500000	82.4491   	8.500000	82.4492   	8.500000	80.3512   	8.500000	0.0605249 	
9.000000	83.9853   	9.000000	78.7592   	9.000000	80.8372   	9.000000	80.8372   	9.000000	80.8373   	9.000000	78.7016   	9.000000	0.0575801 	
9.500000	81.8687   	9.500000	77.1732   	9.500000	79.2887   	9.500000	79.2887   	9.500000	79.2888   	9.500000	77.1182   	9.500000	0.0549239 	
10.000000	79.8668   	10.000000	72.5049   	10.000000	77.8004   	10.000000	77.8004   	10.000000	77.8005   	10.000000	72.4524   	10.000000	0.0525151 	
11.000000	76.1738   	11.000000	70.7086   	11.000000	74.2188   	11.000000	75.1324   	11.000000	75.9133   	11.000000	70.6603   	11.000000	0.0483109 	
12.000000	72.8452   	12.000000	68.9434   	12.000000	70.9783   	12.000000	72.6705   	12.000000	74.0422   	12.000000	68.8987   	12.000000	0.0447619 	
13.000000	69.8301   	13.000000	67.2283   	13.000000	68.0359   	13.000000	70.3953   	13.000000	72.2126   	13.000000	67.1865   	13.000000	0.0417236 	
14.000000	67.0861   	14.000000	65.5721   	14.000000	65.3554   	14.000000	68.289    	14.000000	70.4392   	14.000000	65.533    	14.000000	0.0390915 	
15.000000	64.5779   	15.000000	63.9792   	15.000000	62.9057   	15.000000	66.3352   	15.000000	68.7303   	15.000000	63.9424   	15.000000	0.036788  	
16.000000	62.2757   	16.000000	62.4517   	16.000000	60.6591   	16.000000	64.5196   	16.000000	67.0904   	16.000000	62.417    	16.000000	0.034754  	
17.000000	60.1548   	17.000000	60.9896   	17.000000	58.5931   	17.000000	62.8293   	17.000000	65.5212   	17.000000	60.9566   	17.000000	0.0329442 	
18.000000	58.194    	18.000000	59.5913   	18.000000	56.6902   	18.000000	61.2529   	18.000000	64.0189   	18.000000	59.56     	18.000000	0.0313228 	
19.000000	56.3753   	19.000000	58.2547   	19.000000	54.9341   	19.000000	59.7803   	19.000000	62.5866   	19.000000	58.2249   	19.000000	0.0298614 	
20.000000	54.6835   	20.000000	56.9772   	20.000000	53.3098   	20.000000	58.4026   	20.000000	61.2231   	20.000000	56.9487   	20.000000	0.0285371 	
21.000000	53.1053   	21.000000	55.7558   	21.000000	51.805    	21.000000	57.1118   	21.000000	59.9195   	21.000000	55.7285   	21.000000	0.027331  	
22.000000	51.6293   	22.000000	54.5878   	22.000000	50.409    	22.000000	55.9008   	22.000000	58.681    	22.000000	54.5615   	22.000000	0.0262277 	
23.000000	50.2457   	23.000000	53.4701   	23.000000	49.1112   	23.000000	54.7633   	23.000000	57.4997   	23.000000	53.4449   	23.000000	0.0252145 	
24.000000	48.9456   	24.000000	52.4001   	24.000000	47.9016   	24.000000	53.6935   	24.000000	56.3759   	24.000000	52.3758   	24.000000	0.0242805 	
25.000000	47.7216   	25.000000	51.3749   	25.000000	46.7732   	25.000000	52.6863   	25.000000	55.3053   	25.000000	51.3515   	25.000000	0.0234167 	
27.000000	45.4757   	27.000000	49.4494   	27.000000	44.7403   	27.000000	50.842    	27.000000	53.3155   	27.000000	49.4276   	27.000000	0.0218696 	
29.000000	43.463    	29.000000	47.6749   	29.000000	42.9658   	29.000000	49.1984   	29.000000	51.5111   	29.000000	47.6544   	29.000000	0.0205234 	
31.000000	41.6479   	31.000000	46.035    	31.000000	41.5365   	31.000000	47.5544   	31.000000	49.5353   	31.000000	46.0157   	31.000000	0.0193408 	
33.000000	40.0018   	33.000000	44.5153   	33.000000	40.3473   	33.000000	45.8817   	33.000000	47.4365   	33.000000	44.497    	33.000000	0.0182933 	
35.000000	38.5015   	35.000000	43.1032   	35.000000	39.2308   	35.000000	44.3361   	35.000000	45.5399   	35.000000	43.0859   	35.000000	0.0173585 	
38.000000	36.4833   	38.000000	41.1635   	38.000000	37.6765   	38.000000	42.2255   	38.000000	43.0095   	38.000000	41.1474   	38.000000	0.0161305 	
41.000000	34.6992   	41.000000	39.4104   	41.000000	36.2622   	41.000000	40.3294   	41.000000	40.7876   	41.000000	39.3953   	41.000000	0.0150721 	
44.000000	33.1095   	44.000000	37.8183   	44.000000	34.9638   	44.000000	38.6162   	44.000000	38.8176   	44.000000	37.8041   	44.000000	0.01415   	
47.000000	31.6833   	47.000000	36.3659   	47.000000	33.7674   	47.000000	37.0602   	47.000000	37.0568   	47.000000	36.3526   	47.000000	0.0133391 	
50.000000	30.3957   	50.000000	35.0356   	50.000000	32.6644   	50.000000	35.6404   	50.000000	35.4729   	50.000000	35.0229   	50.000000	0.0126202 	
55.000000	28.5057   	55.000000	33.0502   	55.000000	30.9976   	55.000000	33.5311   	55.000000	33.1516   	55.000000	33.0387   	55.000000	0.0115868 	
60.000000	26.8764   	60.000000	31.3083   	60.000000	29.5237   	60.000000	31.6894   	60.000000	31.1561   	60.000000	31.2976   	60.000000	0.0107167 	
65.000000	25.4558   	65.000000	29.7674   	65.000000	28.2076   	65.000000	30.0671   	65.000000	29.4194   	65.000000	29.7575   	65.000000	0.00997329	
70.000000	24.2052   	70.000000	28.3945   	70.000000	27.0249   	70.000000	28.627    	70.000000	27.896    	70.000000	28.3851   	70.000000	0.00933055	
75.000000	23.095    	75.000000	27.1632   	75.000000	25.9562   	75.000000	27.3401   	75.000000	26.6411   	75.000000	27.1545   	75.000000	0.00876902	
80.000000	22.1022   	80.000000	26.0528   	80.000000	24.9855   	80.000000	26.183    	80.000000	25.5226   	80.000000	26.0446   	80.000000	0.00827401	
85.000000	21.2086   	85.000000	25.0462   	85.000000	24.103    	85.000000	25.1371   	85.000000	24.518    	85.000000	25.0384   	85.000000	0.00783422	
90.000000	20.3996   	90.000000	24.1294   	90.000000	23.2944   	90.000000	24.187    	90.000000	23.61     	90.000000	24.122    	90.000000	0.00744076	
95.000000	19.6635   	95.000000	23.2909   	95.000000	22.5507   	95.000000	23.3203   	95.000000	22.7878   	95.000000	23.2838   	95.000000	0.00708657	
100.000000	18.9905   	100.000000	22.5211   	100.000000	21.8644   	100.000000	22.5264   	100.000000	22.038    	100.000000	22.5143   	100.000000	0.00676598	
105.000000	18.3726   	105.000000	21.8118   	105.000000	21.2289   	105.000000	21.7965   	105.000000	21.3498   	105.000000	21.8053   	105.000000	0.00647435	
110.000000	17.8032   	110.000000	21.1562   	110.000000	20.6408   	110.000000	21.1233   	110.000000	20.7192   	110.000000	21.15     	110.000000	0.00620788	
115.000000	17.2766   	115.000000	20.5484   	115.000000	20.0934   	115.000000	20.5005   	115.000000	20.1357   	115.000000	20.5424   	115.000000	0.00596339	
120.000000	16.7879   	120.000000	19.9833   	120.000000	19.5834   	120.000000	19.9225   	120.000000	19.5977   	120.000000	19.9776   	120.000000	0.00573825	
125.000000	16.3332   	125.000000	19.4567   	125.000000	19.1075   	125.000000	19.3848   	125.000000	19.0971   	125.000000	19.4512   	125.000000	0.0055302 	
130.000000	15.9089   	130.000000	18.9647   	130.000000	18.6609   	130.000000	18.8834   	130.000000	18.6327   	130.000000	18.9594   	130.000000	0.00533734	
135.000000	15.5119   	135.000000	18.5041   	135.000000	18.2411   	135.000000	18.4147   	135.000000	18.1979   	135.000000	18.4989   	135.000000	0.00515805	
140.000000	15.1397   	140.000000	18.0719   	140.000000	17.847    	140.000000	17.9756   	140.000000	17.7927   	140.000000	18.0669   	140.000000	0.00499092	
145.000000	14.7899   	145.000000	17.6656   	145.000000	17.476    	145.000000	17.5635   	145.000000	17.4105   	145.000000	17.6608   	145.000000	0.00483473	
150.000000	14.4605   	150.000000	17.283    	150.000000	17.1253   	150.000000	17.1759   	150.000000	17.0524   	150.000000	17.2783   	150.000000	0.00468844	
155.000000	13.9845   	155.000000	16.922    	155.000000	16.7944   	155.000000	16.8108   	155.000000	16.7145   	155.000000	16.9174   	155.000000	0.00455112	
160.000000	13.7119   	160.000000	16.5809   	160.000000	16.4813   	160.000000	16.4662   	160.000000	16.3959   	160.000000	16.5765   	160.000000	0.00442194	
165.000000	13.454    	165.000000	16.2581   	165.000000	16.184    	165.000000	16.1406   	165.000000	16.0957   	165.000000	16.2538   	165.000000	0.00430021	
170.000000	13.2096   	170.000000	15.9521   	170.000000	15.9022   	170.000000	15.8324   	170.000000	15.8101   	170.000000	15.9479   	170.000000	0.00418529	
175.000000	12.9778   	175.000000	15.6618   	175.000000	15.6347   	175.000000	15.5402   	175.000000	15.5404   	175.000000	15.6577   	175.000000	0.0040766 	
180.000000	12.7575   	180.000000	15.3859   	180.000000	15.3795   	180.000000	15.2629   	180.000000	15.2844   	180.000000	15.3819   	180.000000	0.00397366	
185.000000	12.5479   	185.000000	15.1234   	185.000000	15.1366   	185.000000	14.9994   	185.000000	15.0403   	185.000000	15.1195   	185.000000	0.003876  	
190.000000	12.3482   	190.000000	14.8733   	190.000000	14.9053   	190.000000	14.7487   	190.000000	14.8087   	190.000000	14.8695   	190.000000	0.00378323	
195.000000	12.1577   	195.000000	14.6349   	195.000000	14.6842   	195.000000	14.5098   	195.000000	14.5879   	195.000000	14.6312   	195.000000	0.00369499	
200.000000	11.9758   	200.000000	14.4072   	200.000000	14.4726   	200.000000	14.2821   	200.000000	14.3766   	200.000000	14.4036   	200.000000	0.00361094	
210.000000	11.6356   	210.000000	13.9816   	210.000000	14.0772   	210.000000	13.8569   	210.000000	13.9833   	210.000000	13.9782   	210.000000	0.00345427	
220.000000	11.3235   	220.000000	13.5915   	220.000000	13.7134   	220.000000	13.468    	220.000000	13.6216   	220.000000	13.5882   	220.000000	0.00331117	
230.000000	11.0361   	230.000000	13.2327   	230.000000	13.3787   	230.000000	13.1109   	230.000000	13.2901   	230.000000	13.2296   	230.000000	0.00317991	
240.000000	10.7707   	240.000000	12.9017   	240.000000	13.069    	240.000000	12.782    	240.000000	12.9835   	240.000000	12.8986   	240.000000	0.00305908	
250.000000	10.5247   	250.000000	12.5953   	250.000000	12.7818   	250.000000	12.4782   	250.000000	12.7004   	250.000000	12.5923   	250.000000	0.00294746	
260.000000	10.2961   	260.000000	12.3109   	260.000000	12.5158   	260.000000	12.1967   	260.000000	12.4371   	260.000000	12.3081   	260.000000	0.00284402	
270.000000	10.0831   	270.000000	12.0464   	270.000000	12.2679   	270.000000	11.9353   	270.000000	12.1927   	270.000000	12.0437   	270.000000	0.00274788	
280.000000	9.88413   	280.000000	11.7998   	280.000000	12.0361   	280.000000	11.6918   	280.000000	11.964    	280.000000	11.7971   	280.000000	0.00265828	
290.000000	9.69792   	290.000000	11.5693   	290.000000	11.8194   	290.000000	11.4647   	290.000000	11.7512   	290.000000	11.5667   	290.000000	0.00257457	
300.000000	9.52327   	300.000000	11.3534   	300.000000	11.6168   	300.000000	11.2523   	300.000000	11.5507   	300.000000	11.3509   	300.000000	0.00249619	
310.000000	9.35912   	310.000000	11.1508   	310.000000	11.4265   	310.000000	11.0532   	310.000000	11.3633   	310.000000	11.1484   	310.000000	0.00242262	
320.000000	9.20458   	320.000000	10.9605   	320.000000	11.247    	320.000000	10.8664   	320.000000	11.1869   	320.000000	10.9581   	320.000000	0.00235344	
330.000000	9.05882   	330.000000	10.7812   	330.000000	11.078    	330.000000	10.6907   	330.000000	11.0207   	330.000000	10.7789   	330.000000	0.00228826	
340.000000	8.92114   	340.000000	10.6122   	340.000000	10.9189   	340.000000	10.5253   	340.000000	10.8645   	340.000000	10.6099   	340.000000	0.00222673	
350.000000	8.79089   	350.000000	10.4525   	350.000000	10.7687   	350.000000	10.3692   	350.000000	10.7162   	350.000000	10.4504   	350.000000	0.00216856	
360.000000	8.6675    	360.000000	10.3015   	360.000000	10.6263   	360.000000	10.2218   	360.000000	10.5761   	360.000000	10.2994   	360.000000	0.00211347	
370.000000	8.55044   	370.000000	10.1585   	370.000000	10.4911   	370.000000	10.0824   	370.000000	10.4439   	370.000000	10.1565   	370.000000	0.00206122	
380.000000	8.43927   	380.000000	10.0229   	380.000000	10.363    	380.000000	9.95027   	380.000000	10.3177   	380.000000	10.0209   	380.000000	0.00201159	
390.000000	8.33354   	390.000000	9.89422   	390.000000	10.2415   	390.000000	9.82502   	390.000000	10.1981   	390.000000	9.89225   	390.000000	0.00196439	
400.000000	8.23289   	400.000000	9.77187   	400.000000	10.1262   	400.000000	9.7061    	400.000000	10.0849   	400.000000	9.76995   	400.000000	0.00191944	
410.000000	8.13697   	410.000000	9.65545   	410.000000	10.0163   	410.000000	9.59308   	410.000000	9.9764    	410.000000	9.65358   	410.000000	0.00187659	
420.000000	8.04547   	420.000000	9.54458   	420.000000	9.91143   	420.000000	9.48554   	420.000000	9.87327   	420.000000	9.54274   	420.000000	0.00183568	
430.000000	7.95809   	430.000000	9.43887   	430.000000	9.81129   	430.000000	9.38312   	430.000000	9.77521   	430.000000	9.43707   	430.000000	0.00179659	
440.000000	7.87458   	440.000000	9.338     	440.000000	9.71581   	440.000000	9.28548   	440.000000	9.68139   	440.000000	9.33624   	440.000000	0.0017592 	
450.000000	7.7947    	450.000000	9.24165   	450.000000	9.62471   	450.000000	9.19232   	450.000000	9.59156   	450.000000	9.23993   	450.000000	0.00172339	
460.000000	7.71823   	460.000000	9.14956   	460.000000	9.5377    	460.000000	9.10334   	460.000000	9.50591   	460.000000	9.14787   	460.000000	0.00168907	
470.000000	7.64496   	470.000000	9.06145   	470.000000	9.45446   	470.000000	9.01829   	470.000000	9.42418   	470.000000	9.05979   	470.000000	0.00165614	
480.000000	7.57471   	480.000000	8.97709   	480.000000	9.3747    	480.000000	8.93694   	480.000000	9.34543   	480.000000	8.97547   	480.000000	0.00162452	
490.000000	7.5073    	490.000000	8.89627   	490.000000	9.29822   	490.000000	8.85906   	490.000000	9.27004   	490.000000	8.89467   	490.000000	0.00159413	
500.000000	7.44258   	500.000000	8.81878   	500.000000	9.22489   	500.000000	8.78446   	500.000000	9.19793   	500.000000	8.81721   	500.000000	0.00156491	
520.000000	7.32062   	520.000000	8.67304   	520.000000	9.08715   	520.000000	8.64432   	520.000000	9.06219   	520.000000	8.67153   	520.000000	0.00150968	
540.000000	7.20778   	540.000000	8.53856   	540.000000	8.9599    	540.000000	8.51519   	540.000000	8.93681   	540.000000	8.5371    	540.000000	0.00145836	
560.000000	7.10313   	560.000000	8.41416   	560.000000	8.84217   	560.000000	8.39591   	560.000000	8.82105   	560.000000	8.41275   	560.000000	0.00141055	
580.000000	7.0059    	580.000000	8.29886   	580.000000	8.73318   	580.000000	8.28549   	580.000000	8.71336   	580.000000	8.29749   	580.000000	0.00136589	
600.000000	6.91538   	600.000000	8.19176   	600.000000	8.63156   	600.000000	8.18305   	600.000000	8.61374   	600.000000	8.19044   	600.000000	0.00132408	
620.000000	6.83096   	620.000000	8.09212   	620.000000	8.53692   	620.000000	8.08784   	620.000000	8.52044   	620.000000	8.09083   	620.000000	0.00128484	
640.000000	6.75213   	640.000000	7.99924   	640.000000	8.44918   	640.000000	7.99917   	640.000000	8.43375   	640.000000	7.998     	640.000000	0.00124796	
660.000000	6.67839   	660.000000	7.91256   	660.000000	8.3673    	660.000000	7.91648   	660.000000	8.35275   	660.000000	7.91134   	660.000000	0.0012132 	
680.000000	6.60933   	680.000000	7.83152   	680.000000	8.2904    	680.000000	7.83922   	680.000000	8.27679   	680.000000	7.83034   	680.000000	0.00118041	
700.000000	6.54457   	700.000000	7.75567   	700.000000	8.21836   	700.000000	7.76694   	700.000000	8.2059    	700.000000	7.75452   	700.000000	0.00114941	
720.000000	6.48379   	720.000000	7.68459   	720.000000	8.15095   	720.000000	7.69923   	720.000000	8.13914   	720.000000	7.68347   	720.000000	0.00112005	
740.000000	6.42667   	740.000000	7.6179    	740.000000	8.08754   	740.000000	7.63571   	740.000000	8.07644   	740.000000	7.61681   	740.000000	0.00109222	
760.000000	6.37295   	760.000000	7.55527   	760.000000	8.0277    	760.000000	7.57605   	760.000000	8.0177    	760.000000	7.5542    	760.000000	0.00106578	
780.000000	6.32238   	780.000000	7.49639   	780.000000	7.9714    	780.000000	7.51996   	780.000000	7.96219   	780.000000	7.49535   	780.000000	0.00104064	
800.000000	6.27475   	800.000000	7.441     	800.000000	7.91862   	800.000000	7.46717   	800.000000	7.90987   	800.000000	7.43998   	800.000000	0.00101671	
820.000000	6.22984   	820.000000	7.38884   	820.000000	7.869     	820.000000	7.41743   	820.000000	7.86071   	820.000000	7.38785   	820.000000	0.000993893	
840.000000	6.18749   	840.000000	7.33969   	840.000000	7.82212   	840.000000	7.37052   	840.000000	7.81422   	840.000000	7.33872   	840.000000	0.000972115	
860.000000	6.14752   	860.000000	7.29335   	860.000000	7.77768   	860.000000	7.32624   	860.000000	7.77015   	860.000000	7.29239   	860.000000	0.000951308	
880.000000	6.10978   	880.000000	7.24962   	880.000000	7.73559   	880.000000	7.28442   	880.000000	7.72863   	880.000000	7.24869   	880.000000	0.000931405	
900.000000	6.07414   	900.000000	7.20835   	900.000000	7.69577   	900.000000	7.24487   	900.000000	7.68947   	900.000000	7.20743   	900.000000	0.00091235	
920.000000	6.04046   	920.000000	7.16937   	920.000000	7.65813   	920.000000	7.20746   	920.000000	7.65208   	920.000000	7.16847   	920.000000	0.000894087	
940.000000	6.00863   	940.000000	7.13254   	940.000000	7.62249   	940.000000	7.17205   	940.000000	7.61674   	940.000000	7.13166   	940.000000	0.000876569	
960.000000	5.97854   	960.000000	7.09773   	960.000000	7.58872   	960.000000	7.13849   	960.000000	7.58335   	960.000000	7.09687   	960.000000	0.00085975	
980.000000	5.95009   	980.000000	7.06482   	980.000000	7.55668   	980.000000	7.10669   	980.000000	7.55172   	980.000000	7.06398   	980.000000	0.000843588	
1000.000000	5.92319   	1000.000000	7.0337    	1000.000000	7.52628   	1000.000000	7.07653   	1000.000000	7.52146   	1000.000000	7.03287   	1000.000000	0.000828045	
1020.000000	5.89775   	1020.000000	7.00427   	1020.000000	7.49743   	1020.000000	7.0479    	1020.000000	7.4927    	1020.000000	7.00345   	1020.000000	0.000813085	
1040.000000	5.8737    	1040.000000	6.97642   	1040.000000	7.47006   	1040.000000	7.02073   	1040.000000	7.46546   	1040.000000	6.97563   	1040.000000	0.000798677	
1060.000000	5.85096   	1060.000000	6.95008   	1060.000000	7.44406   	1060.000000	6.99491   	1060.000000	7.43965   	1060.000000	6.9493    	1060.000000	0.00078479	
1080.000000	5.82947   	1080.000000	6.92517   	1080.000000	7.41932   	1080.000000	6.97038   	1080.000000	7.41485   	1080.000000	6.92439   	1080.000000	0.000771395	
1100.000000	5.80916   	1100.000000	6.90159   	1100.000000	7.39576   	1100.000000	6.94706   	1100.000000	7.39133   	1100.000000	6.90083   	1100.000000	0.000758467	
1120.000000	5.78997   	1120.000000	6.8793    	1120.000000	7.37329   	1120.000000	6.92489   	1120.000000	7.36903   	1120.000000	6.87855   	1120.000000	0.000745981	
1140.000000	5.77186   	1140.000000	6.85821   	1140.000000	7.35186   	1140.000000	6.90379   	1140.000000	7.34788   	1140.000000	6.85747   	1140.000000	0.000733915	
1160.000000	5.75475   	1160.000000	6.83827   	1160.000000	7.33142   	1160.000000	6.88372   	1160.000000	7.32763   	1160.000000	6.83754   	1160.000000	0.000722247	
1180.000000	5.73862   	1180.000000	6.81942   	1180.000000	7.31196   	1180.000000	6.86461   	1180.000000	7.30827   	1180.000000	6.81871   	1180.000000	0.000710958	
1200.000000	5.72341   	1200.000000	6.8016    	1200.000000	7.29344   	1200.000000	6.84642   	1200.000000	7.28989   	1200.000000	6.8009    	1200.000000	0.00070003	
1220.000000	5.70908   	1220.000000	6.78478   	1220.000000	7.27583   	1220.000000	6.8291    	1220.000000	7.27242   	1220.000000	6.78409   	1220.000000	0.000689446	
1240.000000	5.69559   	1240.000000	6.7689    	1240.000000	7.25907   	1240.000000	6.8126    	1240.000000	7.25583   	1240.000000	6.76822   	1240.000000	0.000679188	
1260.000000	5.68291   	1260.000000	6.75391   	1260.000000	7.24312   	1260.000000	6.79688   	1260.000000	7.23988   	1260.000000	6.75324   	1260.000000	0.000669242	
1280.000000	5.671     	1280.000000	6.73978   	1280.000000	7.22792   	1280.000000	6.7819    	1280.000000	7.22465   	1280.000000	6.73912   	1280.000000	0.000659595	
1300.000000	5.65982   	1300.000000	6.72646   	1300.000000	7.21342   	1300.000000	6.76763   	1300.000000	7.21017   	1300.000000	6.72581   	1300.000000	0.000650232	
1320.000000	5.64935   	1320.000000	6.71393   	1320.000000	7.19957   	1320.000000	6.75403   	1320.000000	7.19641   	1320.000000	6.71329   	1320.000000	0.00064114	
1340.000000	5.63956   	1340.000000	6.70214   	1340.000000	7.18636   	1340.000000	6.74106   	1340.000000	7.18332   	1340.000000	6.7015    	1340.000000	0.000632309	
1360.000000	5.63042   	1360.000000	6.69106   	1360.000000	7.17374   	1360.000000	6.72871   	1360.000000	7.17079   	1360.000000	6.69044   	1360.000000	0.000623727	
1380.000000	5.6219    	1380.000000	6.68067   	1380.000000	7.1617    	1380.000000	6.71693   	1380.000000	7.15875   	1380.000000	6.68005   	1380.000000	0.000615383	
1400.000000	5.61398   	1400.000000	6.67093   	1400.000000	7.15021   	1400.000000	6.70571   	1400.000000	7.1473    	1400.000000	6.67032   	1400.000000	0.000607268	
1420.000000	5.60663   	1420.000000	6.66182   	1420.000000	7.13925   	1420.000000	6.69502   	1420.000000	7.13642   	1420.000000	6.66122   	1420.000000	0.000599372	
1440.000000	5.59984   	1440.000000	6.65331   	1440.000000	7.12881   	1440.000000	6.68482   	1440.000000	7.12607   	1440.000000	6.65272   	1440.000000	0.000591686	
1460.000000	5.59358   	1460.000000	6.64537   	1460.000000	7.11885   	1460.000000	6.67511   	1460.000000	7.11624   	1460.000000	6.64479   	1460.000000	0.000584202	
1480.000000	5.58783   	1480.000000	6.63799   	1480.000000	7.10937   	1480.000000	6.66586   	1480.000000	7.10676   	1480.000000	6.63742   	1480.000000	0.000576912	
1500.000000	5.58258   	1500.000000	6.63115   	1500.000000	7.10033   	1500.000000	6.65704   	1500.000000	7.09771   	1500.000000	6.63058   	1500.000000	0.000569809	
1520.000000	5.5778    	1520.000000	6.62481   	1520.000000	7.09172   	1520.000000	6.64864   	1520.000000	7.08916   	1520.000000	6.62425   	1520.000000	0.000562884	
1540.000000	5.57348   	1540.000000	6.61897   	1540.000000	7.08351   	1540.000000	6.64065   	1540.000000	7.08105   	1540.000000	6.61841   	1540.000000	0.000556133	
1560.000000	5.5696    	1560.000000	6.61359   	1560.000000	7.07569   	1560.000000	6.63304   	1560.000000	7.07334   	1560.000000	6.61304   	1560.000000	0.000549547	
1580.000000	5.56615   	1580.000000	6.60868   	1580.000000	7.06823   	1580.000000	6.6258    	1580.000000	7.06602   	1580.000000	6.60813   	1580.000000	0.000543121	
1600.000000	5.56312   	1600.000000	6.6042    	1600.000000	7.06113   	1600.000000	6.6189    	1600.000000	7.059     	1600.000000	6.60366   	1600.000000	0.000536849	
1620.000000	5.56048   	1620.000000	6.60014   	1620.000000	7.05437   	1620.000000	6.61235   	1620.000000	7.05226   	1620.000000	6.59961   	1620.000000	0.000530725	
1640.000000	5.55823   	1640.000000	6.59649   	1640.000000	7.04793   	1640.000000	6.60612   	1640.000000	7.04588   	1640.000000	6.59597   	1640.000000	0.000524745	
1660.000000	5.55635   	1660.000000	6.59324   	1660.000000	7.0418    	1660.000000	6.6002    	1660.000000	7.03982   	1660.000000	6.59272   	1660.000000	0.000518903	
1680.000000	5.55483   	1680.000000	6.59036   	1680.000000	7.03597   	1680.000000	6.59458   	1680.000000	7.03409   	1680.000000	6.58985   	1680.000000	0.000513195	
1700.000000	5.55366   	1700.000000	6.58785   	1700.000000	7.03043   	1700.000000	6.58924   	1700.000000	7.02866   	1700.000000	6.58734   	1700.000000	0.000507615	
1750.000000	5.5522    	1750.000000	6.58308   	1750.000000	7.01774   	1750.000000	6.57708   	1750.000000	7.01617   	1750.000000	6.58259   	1750.000000	0.000494201	
1800.000000	5.55269   	1800.000000	6.58035   	1800.000000	7.00662   	1800.000000	6.56647   	1800.000000	7.0052    	1800.000000	6.57986   	1800.000000	0.000481503	
1850.000000	5.55499   	1850.000000	6.57947   	1850.000000	6.99691   	1850.000000	6.55727   	1850.000000	6.99575   	1850.000000	6.579     	1850.000000	0.000469463	
1900.000000	5.55897   	1900.000000	6.5803    	1900.000000	6.98849   	1900.000000	6.54934   	1900.000000	6.9875    	1900.000000	6.57985   	1900.000000	0.000458032	
1950.000000	5.56452   	1950.000000	6.58273   	1950.000000	6.98126   	1950.000000	6.54258   	1950.000000	6.9804    	1950.000000	6.58228   	1950.000000	0.000447164	
2000.000000	5.57153   	2000.000000	6.58661   	2000.000000	6.97512   	2000.000000	6.53687   	2000.000000	6.97444   	2000.000000	6.58618   	2000.000000	0.000436817	
2100.000000	5.58957   	2100.000000	6.59837   	2100.000000	6.96572   	2100.000000	6.52827   	2100.000000	6.96524   	2100.000000	6.59795   	2100.000000	0.000417545	
2200.000000	5.61242   	2200.000000	6.61482   	2200.000000	6.95965   	2200.000000	6.52291   	2200.000000	6.95941   	2200.000000	6.61442   	2200.000000	0.000399956	
2300.000000	5.63953   	2300.000000	6.63537   	2300.000000	6.95635   	2300.000000	6.52027   	2300.000000	6.95617   	2300.000000	6.63499   	2300.000000	0.000383838	
2400.000000	5.67043   	2400.000000	6.6595    	2400.000000	6.95537   	2400.000000	6.51991   	2400.000000	6.95537   	2400.000000	6.65913   	2400.000000	0.000369011	
2500.000000	5.70474   	2500.000000	6.68676   	2500.000000	6.95634   	2500.000000	6.5215    	2500.000000	6.95643   	2500.000000	6.68641   	2500.000000	0.000355325	
2600.000000	5.74211   	2600.000000	6.71681   	2600.000000	6.95898   	2600.000000	6.52473   	2600.000000	6.95925   	2600.000000	6.71647   	2600.000000	0.00034265	
2700.000000	5.78227   	2700.000000	6.74933   	2700.000000	6.96304   	2700.000000	6.52936   	2700.000000	6.96339   	2700.000000	6.749     	2700.000000	0.000330879	
2800.000000	5.82496   	2800.000000	6.78404   	2800.000000	6.96832   	2800.000000	6.53519   	2800.000000	6.96886   	2800.000000	6.78372   	2800.000000	0.000319916	
2900.000000	5.86997   	2900.000000	6.82073   	2900.000000	6.97463   	2900.000000	6.54203   	2900.000000	6.97523   	2900.000000	6.82042   	2900.000000	0.00030968	
3000.000000	5.91711   	3000.000000	6.85917   	3000.000000	6.98184   	3000.000000	6.54975   	3000.000000	6.98258   	3000.000000	6.85887   	3000.000000	0.000300101	
3200.000000	6.01715   	3200.000000	6.9407    	3200.000000	6.99844   	3200.000000	6.5673    	3200.000000	6.99935   	3200.000000	6.94041   	3200.000000	0.000282671	
3400.000000	6.124     	3400.000000	7.02745   	3400.000000	7.0173    	3400.000000	6.58702   	3400.000000	7.01837   	3400.000000	7.02718   	3400.000000	0.000267216	
3600.000000	6.23679   	3600.000000	7.11853   	3600.000000	7.03781   	3600.000000	6.60833   	3600.000000	7.03902   	3600.000000	7.11828   	3600.000000	0.000253415	
3800.000000	6.35485   	3800.000000	7.21323   	3800.000000	7.05951   	3800.000000	6.63075   	3800.000000	7.06078   	3800.000000	7.21299   	3800.000000	0.000241013	
4000.000000	6.47761   	4000.000000	7.31098   	4000.000000	7.08204   	4000.000000	6.65396   	4000.000000	7.08334   	4000.000000	7.31075   	4000.000000	0.000229806	
4200.000000	6.60464   	4200.000000	7.41132   	4200.000000	7.10511   	4200.000000	6.67768   	4200.000000	7.10649   	4200.000000	7.4111    	4200.000000	0.000219627	
4400.000000	6.73555   	4400.000000	7.51386   	4400.000000	7.1285    	4400.000000	6.70173   	4400.000000	7.12989   	4400.000000	7.51365   	4400.000000	0.000210339	
4600.000000	6.87005   	4600.000000	7.61831   	4600.000000	7.15205   	4600.000000	6.72593   	4600.000000	7.15353   	4600.000000	7.61811   	4600.000000	0.00020183	
4800.000000	7.00787   	4800.000000	7.72441   	4800.000000	7.17565   	4800.000000	6.75018   	4800.000000	7.17718   	4800.000000	7.72421   	4800.000000	0.000194003	
5000.000000	7.14879   	5000.000000	7.83192   	5000.000000	7.1992    	5000.000000	6.77439   	5000.000000	7.20082   	5000.000000	7.83174   	5000.000000	0.00018678	
5250.000000	7.32903   	5250.000000	7.96805   	5250.000000	7.22848   	5250.000000	6.80446   	5250.000000	7.23017   	5250.000000	7.96787   	5250.000000	0.000178497	
5500.000000	7.51352   	5500.000000	8.10582   	5500.000000	7.25748   	5500.000000	6.83425   	5500.000000	7.25923   	5500.000000	8.10565   	5500.000000	0.00017094	
6000.000000	7.8943    	6000.000000	8.38537   	6000.000000	7.31435   	6000.000000	6.89267   	6000.000000	7.31621   	6000.000000	8.38521   	6000.000000	0.000157649	
6500.000000	8.28953   	6500.000000	8.66906   	6500.000000	7.36935   	6500.000000	6.94927   	6500.000000	7.37136   	6500.000000	8.66891   	6500.000000	0.000146332	
7000.000000	8.69808   	7000.000000	8.95582   	7000.000000	7.42261   	7000.000000	7.00391   	7000.000000	7.42452   	7000.000000	8.95568   	7000.000000	0.000136576	
7500.000000	9.11908   	7500.000000	9.24489   	7500.000000	7.47351   	7500.000000	7.05653   	7500.000000	7.47564   	7500.000000	9.24476   	7500.000000	0.000128076	
8000.000000	9.55192   	8000.000000	9.5357    	8000.000000	7.52267   	8000.000000	7.10717   	8000.000000	7.52473   	8000.000000	9.53558   	8000.000000	0.000120602	
8500.000000	9.99609   	8500.000000	9.82782   	8500.000000	7.56983   	8500.000000	7.15588   	8500.000000	7.57183   	8500.000000	9.8277    	8500.000000	0.000113977	
9000.000000	10.4512   	9000.000000	10.1209   	9000.000000	7.61491   	9000.000000	7.20275   	9000.000000	7.61706   	9000.000000	10.1208   	9000.000000	0.000108062	
9500.000000	10.917    	9500.000000	10.4148   	9500.000000	7.6582    	9500.000000	7.24787   	9500.000000	7.66052   	9500.000000	10.4147   	9500.000000	0.000102749	
10000.000000	11.3932   	10000.000000	10.7091   	10000.000000	7.69991   	10000.000000	7.29134   	10000.000000	7.70225   	10000.000000	10.709    	10000.000000	9.79491e-05	
11000.000000	12.376    	11000.000000	11.2989   	11000.000000	7.77866   	11000.000000	7.37367   	11000.000000	7.78101   	11000.000000	11.2988   	11000.000000	8.96146e-05	
12000.000000	13.3987   	12000.000000	11.8894   	12000.000000	7.85164   	12000.000000	7.45044   	12000.000000	7.85404   	12000.000000	11.8893   	12000.000000	8.26236e-05	
13000.000000	14.4603   	13000.000000	12.4799   	13000.000000	7.91949   	13000.000000	7.52227   	13000.000000	7.92195   	13000.000000	12.4798   	13000.000000	7.66729e-05	
14000.000000	15.5604   	14000.000000	13.0701   	14000.000000	7.98289   	14000.000000	7.58971   	14000.000000	7.98529   	14000.000000	13.0701   	14000.000000	7.15444e-05	
15000.000000	16.6986   	15000.000000	13.6598   	15000.000000	8.04227   	15000.000000	7.65323   	15000.000000	8.04455   	15000.000000	13.6598   	15000.000000	6.70773e-05	
16000.000000	17.8748   	16000.000000	14.2488   	16000.000000	8.09783   	16000.000000	7.71323   	16000.000000	8.10014   	16000.000000	14.2487   	16000.000000	6.31503e-05	
17000.000000	19.0888   	17000.000000	14.837    	17000.000000	8.14996   	17000.000000	7.77007   	17000.000000	8.15244   	17000.000000	14.8369   	17000.000000	5.96701e-05	
18000.000000	20.3404   	18000.000000	15.4242   	18000.000000	8.19907   	18000.000000	7.82404   	18000.000000	8.20176   	18000.000000	15.4241   	18000.000000	5.6564e-05	
19000.000000	21.6298   	19000.000000	16.0105   	19000.000000	8.24555   	19000.000000	7.87541   	19000.000000	8.24829   	19000.000000	16.0105   	19000.000000	5.37741e-05	
20000.000000	22.957    	20000.000000	16.5958   	20000.000000	8.28975   	20000.000000	7.92442   	20000.000000	8.29237   	20000.000000	16.5958   	20000.000000	5.12541e-05	
21000.000000	24.3219   	21000.000000	17.1802   	21000.000000	8.3317    	21000.000000	7.97126   	21000.000000	8.33418   	21000.000000	17.1802   	21000.000000	4.89662e-05	
22000.000000	25.7246   	22000.000000	17.7636   	22000.000000	8.37126   	22000.000000	8.01612   	22000.000000	8.37386   	22000.000000	17.7635   	22000.000000	4.68796e-05	
23000.000000	27.1654   	23000.000000	18.346    	23000.000000	8.40911   	23000.000000	8.05915   	23000.000000	8.41166   	23000.000000	18.3459   	23000.000000	4.49684e-05	
24000.000000	28.6442   	24000.000000	18.9274   	24000.000000	8.44522   	24000.000000	8.10049   	24000.000000	8.4476    	24000.000000	18.9274   	24000.000000	4.32114e-05	
25000.000000	30.1612   	25000.000000	19.5079   	25000.000000	8.47945   	25000.000000	8.14026   	25000.000000	8.48197   	25000.000000	19.5078   	25000.000000	4.15903e-05	
26000.000000	31.7166   	26000.000000	20.0874   	26000.000000	8.51212   	26000.000000	8.17858   	26000.000000	8.51471   	26000.000000	20.0874   	26000.000000	4.00899e-05	
27000.000000	33.3104   	27000.000000	20.666    	27000.000000	8.54347   	27000.000000	8.21556   	27000.000000	8.54611   	27000.000000	20.666    	27000.000000	3.8697e-05	
28000.000000	34.943    	28000.000000	21.2437   	28000.000000	8.57352   	28000.000000	8.25127   	28000.000000	8.57609   	28000.000000	21.2437   	28000.000000	3.74004e-05	
29000.000000	36.6143   	29000.000000	21.8205   	29000.000000	8.6023    	29000.000000	8.28581   	29000.000000	8.60489   	29000.000000	21.8205   	29000.000000	3.61904e-05	
30000.000000	38.3247   	30000.000000	22.3965   	30000.000000	8.62988   	30000.000000	8.31924   	30000.000000	8.63248   	30000.000000	22.3964   	30000.000000	3.50583e-05	
32000.000000	41.863    	32000.000000	23.5458   	32000.000000	8.68185   	32000.000000	8.38305   	32000.000000	8.6845    	32000.000000	23.5458   	32000.000000	3.29998e-05	
34000.000000	45.5596   	34000.000000	24.6919   	34000.000000	8.73002   	34000.000000	8.44318   	34000.000000	8.73259   	34000.000000	24.6919   	34000.000000	3.11759e-05	
36000.000000	49.4159   	36000.000000	25.835    	36000.000000	8.77463   	36000.000000	8.50004   	36000.000000	8.77723   	36000.000000	25.8349   	36000.000000	2.95484e-05	
38000.000000	53.4335   	38000.000000	26.975    	38000.000000	8.81605   	38000.000000	8.55395   	38000.000000	8.81882   	38000.000000	26.975    	38000.000000	2.80868e-05	
40000.000000	57.614    	40000.000000	28.1122   	40000.000000	8.85469   	40000.000000	8.6052    	40000.000000	8.85763   	40000.000000	28.1122   	40000.000000	2.67668e-05	
42000.000000	61.9592   	42000.000000	29.2468   	42000.000000	8.89091   	42000.000000	8.65404   	42000.000000	8.89395   	42000.000000	29.2467   	42000.000000	2.55686e-05	
44000.000000	66.4708   	44000.000000	30.3787   	44000.000000	8.92506   	44000.000000	8.70069   	44000.000000	8.92803   	44000.000000	30.3787   	44000.000000	2.44759e-05	
46000.000000	71.1504   	46000.000000	31.5081   	46000.000000	8.95748   	46000.000000	8.74533   	46000.000000	8.96005   	46000.000000	31.5081   	46000.000000	2.34753e-05	
48000.000000	75.9999   	48000.000000	32.6352   	48000.000000	8.98827   	48000.000000	8.78814   	48000.000000	8.99023   	48000.000000	32.6351   	48000.000000	2.25555e-05	
50000.000000	81.021    	50000.000000	33.7599   	50000.000000	9.01724   	50000.000000	8.82924   	50000.000000	9.01871   	50000.000000	33.7599   	50000.000000	2.1707e-05	
