! 141Pr energy loss (dE/dX) in He
! apply ZOOM for details
Energy (MeV/u)1	0 - [He-base] F.Hubert et al, AD&ND Tables 46(1990)1	Energy (MeV/u)2	1 - [H -base] J.F.Ziegler et al,Pergamon Press,NY(low energy)	Energy (MeV/u)3	2 - ATIMA 1.2 LS-theory (recommended for high energy)	Energy (MeV/u)4	3 - ATIMA 1.2 without LS-correction	Energy (MeV/u)5	4 - ATIMA 1.4 H.Weick, improved mean charge formula for HI	Energy (MeV/u)6	5 - electrical component of [1] - J.F.Ziegler et al	Energy (MeV/u)7	6 - nuclear component of [1] - J.F.Ziegler et al	
0.001000	14.7702   	0.001000	18.1808   	0.001000	15.4251   	0.001000	15.4251   	0.001000	15.4257   	0.001000	4.40474   	0.001000	13.776    	
0.002000	15.4865   	0.002000	19.1274   	0.002000	15.7473   	0.002000	15.7473   	0.002000	15.7477   	0.002000	5.71225   	0.002000	13.4152   	
0.005000	15.5671   	0.005000	19.3112   	0.005000	14.9439   	0.005000	14.9439   	0.005000	14.9443   	0.005000	8.05442   	0.005000	11.2568   	
0.008000	15.4877   	0.008000	19.245    	0.008000	14.302    	0.008000	14.302    	0.008000	14.3023   	0.008000	9.60681   	0.008000	9.63823   	
0.010000	15.4961   	0.010000	19.2669   	0.010000	14.0358   	0.010000	14.0358   	0.010000	14.0361   	0.010000	10.4453   	0.010000	8.8216    	
0.015000	15.6751   	0.015000	19.5032   	0.015000	13.7286   	0.015000	13.7286   	0.015000	13.7288   	0.015000	12.1606   	0.015000	7.3426    	
0.020000	15.9807   	0.020000	19.8881   	0.020000	13.7161   	0.020000	13.7161   	0.020000	13.7163   	0.020000	13.5459   	0.020000	6.34223   	
0.025000	16.3444   	0.025000	20.3419   	0.025000	13.858    	0.025000	13.858    	0.025000	13.8581   	0.025000	14.7281   	0.025000	5.61374   	
0.030000	16.7337   	0.030000	20.826    	0.030000	14.0868   	0.030000	14.0868   	0.030000	14.0869   	0.030000	15.7703   	0.030000	5.05567   	
0.035000	17.1323   	0.035000	21.321    	0.035000	14.3669   	0.035000	14.3669   	0.035000	14.367    	0.035000	16.7088   	0.035000	4.61219   	
0.040000	17.5317   	0.040000	21.8167   	0.040000	14.6781   	0.040000	14.6781   	0.040000	14.6782   	0.040000	17.5668   	0.040000	4.2499    	
0.045000	17.9273   	0.045000	22.3076   	0.045000	15.0082   	0.045000	15.0082   	0.045000	15.0083   	0.045000	18.3601   	0.045000	3.94745   	
0.050000	18.3167   	0.050000	22.7906   	0.050000	15.3496   	0.050000	15.3496   	0.050000	15.3497   	0.050000	19.1      	0.050000	3.69053   	
0.055000	18.6985   	0.055000	23.2642   	0.055000	15.6972   	0.055000	15.6972   	0.055000	15.6973   	0.055000	19.7951   	0.055000	3.46915   	
0.060000	19.0722   	0.060000	23.7277   	0.060000	16.0479   	0.060000	16.0479   	0.060000	16.048    	0.060000	20.4516   	0.060000	3.27609   	
0.070000	19.7945   	0.070000	24.6236   	0.070000	16.75     	0.070000	16.75     	0.070000	16.7501   	0.070000	21.6687   	0.070000	2.95489   	
0.080000	20.484    	0.080000	25.4789   	0.080000	17.4452   	0.080000	17.4452   	0.080000	17.4453   	0.080000	22.7813   	0.080000	2.69759   	
0.090000	21.7737   	0.090000	26.2963   	0.090000	18.1284   	0.090000	18.1284   	0.090000	18.1284   	0.090000	23.8101   	0.090000	2.48618   	
0.100000	23.6099   	0.100000	27.6936   	0.100000	19.3362   	0.100000	19.3362   	0.100000	19.3363   	0.100000	25.3846   	0.100000	2.30896   	
0.120000	26.3651   	0.120000	32.9093   	0.120000	24.0494   	0.120000	24.0494   	0.120000	24.0494   	0.120000	30.9002   	0.120000	2.00909   	
0.140000	28.7846   	0.140000	37.777    	0.140000	28.6742   	0.140000	28.6742   	0.140000	28.6742   	0.140000	35.98     	0.140000	1.79701   	
0.160000	31.0169   	0.160000	42.2319   	0.160000	33.0557   	0.160000	33.0557   	0.160000	33.0558   	0.160000	40.6027   	0.160000	1.62919   	
0.180000	33.1619   	0.180000	46.2815   	0.180000	37.1251   	0.180000	37.1251   	0.180000	37.1251   	0.180000	44.7887   	0.180000	1.4927    	
0.200000	35.2718   	0.200000	49.9557   	0.200000	40.8558   	0.200000	40.8558   	0.200000	40.8558   	0.200000	48.5765   	0.200000	1.37929   	
0.250000	39.2461   	0.250000	57.7461   	0.250000	48.7447   	0.250000	48.7447   	0.250000	48.7448   	0.250000	56.582    	0.250000	1.16418   	
0.300000	43.436    	0.300000	64.5377   	0.300000	54.8863   	0.300000	54.8863   	0.300000	54.8864   	0.300000	63.5262   	0.300000	1.01151   	
0.350000	47.466    	0.350000	70.7106   	0.350000	59.7262   	0.350000	59.7262   	0.350000	59.7263   	0.350000	69.8136   	0.350000	0.896985  	
0.400000	51.0927   	0.400000	75.8092   	0.400000	63.6381   	0.400000	63.6381   	0.400000	63.6382   	0.400000	75.0016   	0.400000	0.807582  	
0.450000	54.3441   	0.450000	80.0721   	0.450000	66.8917   	0.450000	66.8917   	0.450000	66.8918   	0.450000	79.3364   	0.450000	0.735665  	
0.500000	57.2536   	0.500000	83.6744   	0.500000	69.6702   	0.500000	69.6702   	0.500000	69.6703   	0.500000	82.9979   	0.500000	0.67644   	
0.600000	60.1664   	0.600000	89.3862   	0.600000	74.2495   	0.600000	74.2495   	0.600000	74.2496   	0.600000	88.8018   	0.600000	0.584382  	
0.700000	62.98     	0.700000	95.5391   	0.700000	77.9453   	0.700000	77.9453   	0.700000	77.9453   	0.700000	95.0232   	0.700000	0.515886  	
0.800000	67.1215   	0.800000	100.404   	0.800000	81.0284   	0.800000	81.0284   	0.800000	81.0284   	0.800000	99.9417   	0.800000	0.462761  	
0.900000	70.5251   	0.900000	104.174   	0.900000	83.6444   	0.900000	83.6444   	0.900000	83.6445   	0.900000	103.754   	0.900000	0.42025   	
1.000000	73.336    	1.000000	107.114   	1.000000	86.2762   	1.000000	86.2762   	1.000000	86.2762   	1.000000	106.729   	1.000000	0.385396  	
1.250000	77.6808   	1.250000	111.136   	1.250000	92.3019   	1.250000	92.3019   	1.250000	92.302    	1.250000	110.816   	1.250000	0.320466  	
1.500000	79.6127   	1.500000	111.96    	1.500000	96.3106   	1.500000	96.3106   	1.500000	96.3106   	1.500000	111.685   	1.500000	0.275328  	
1.750000	80.6765   	1.750000	111.999   	1.750000	98.9609   	1.750000	98.9609   	1.750000	98.961    	1.750000	111.757   	1.750000	0.24199   	
2.000000	81.1635   	2.000000	111.552   	2.000000	100.664   	2.000000	100.664   	2.000000	100.664   	2.000000	111.336   	2.000000	0.216286  	
2.250000	81.2916   	2.250000	110.661   	2.250000	101.69    	2.250000	101.69    	2.250000	101.691   	2.250000	110.465   	2.250000	0.195817  	
2.500000	125.921   	2.500000	109.579   	2.500000	102.224   	2.500000	102.224   	2.500000	102.224   	2.500000	109.4     	2.500000	0.179103  	
3.000000	123.161   	3.000000	107.176   	3.000000	102.292   	3.000000	102.292   	3.000000	102.292   	3.000000	107.023   	3.000000	0.153389  	
3.500000	119.72    	3.500000	104.641   	3.500000	101.523   	3.500000	101.523   	3.500000	101.523   	3.500000	104.507   	3.500000	0.134474  	
4.000000	116.057   	4.000000	101.479   	4.000000	100.275   	4.000000	100.275   	4.000000	100.275   	4.000000	101.359   	4.000000	0.119937  	
4.500000	112.391   	4.500000	98.6609   	4.500000	98.7525   	4.500000	98.7525   	4.500000	98.7525   	4.500000	98.5525   	4.500000	0.108392  	
5.000000	108.829   	5.000000	96.0952   	5.000000	97.0789   	5.000000	97.0789   	5.000000	97.0789   	5.000000	95.9962   	5.000000	0.0989869 	
5.500000	105.42    	5.500000	93.7233   	5.500000	95.3295   	5.500000	95.3295   	5.500000	95.3296   	5.500000	93.6321   	5.500000	0.0911675 	
6.000000	102.183   	6.000000	91.5292   	6.000000	93.4959   	6.000000	93.4959   	6.000000	93.4959   	6.000000	91.4447   	6.000000	0.0845572 	
6.500000	99.1238   	6.500000	89.5112   	6.500000	91.5064   	6.500000	91.5064   	6.500000	91.5065   	6.500000	89.4323   	6.500000	0.0788909 	
7.000000	96.2377   	7.000000	87.5664   	7.000000	89.5942   	7.000000	89.5942   	7.000000	89.5943   	7.000000	87.4924   	7.000000	0.0739764 	
7.500000	93.5171   	7.500000	85.695    	7.500000	87.7574   	7.500000	87.7574   	7.500000	87.7574   	7.500000	85.6253   	7.500000	0.0696707 	
8.000000	90.9525   	8.000000	83.8916   	8.000000	85.9933   	8.000000	85.9933   	8.000000	85.9933   	8.000000	83.8257   	8.000000	0.0658653 	
8.500000	88.5335   	8.500000	82.1585   	8.500000	84.2988   	8.500000	84.2988   	8.500000	84.2989   	8.500000	82.096    	8.500000	0.0624763 	
9.000000	86.2498   	9.000000	80.4947   	9.000000	82.6708   	9.000000	82.6708   	9.000000	82.6709   	9.000000	80.4352   	9.000000	0.0594377 	
9.500000	84.0916   	9.500000	78.8966   	9.500000	81.106    	9.500000	81.106    	9.500000	81.106    	9.500000	78.8399   	9.500000	0.0566967 	
10.000000	82.0496   	10.000000	74.1437   	10.000000	79.6011   	10.000000	79.6011   	10.000000	79.6012   	10.000000	74.0895   	10.000000	0.054211  	
11.000000	78.2803   	11.000000	72.3454   	11.000000	75.9588   	11.000000	76.9041   	11.000000	77.7233   	11.000000	72.2956   	11.000000	0.0498724 	
12.000000	74.8807   	12.000000	70.5717   	12.000000	72.6618   	12.000000	74.4132   	12.000000	75.854    	12.000000	70.5255   	12.000000	0.0462099 	
13.000000	71.7996   	13.000000	68.8434   	13.000000	69.6661   	13.000000	72.1094   	13.000000	74.0206   	13.000000	68.8003   	13.000000	0.0430743 	
14.000000	68.9941   	14.000000	67.1719   	14.000000	66.9351   	14.000000	69.9751   	14.000000	72.2391   	14.000000	67.1315   	14.000000	0.0403579 	
15.000000	66.4285   	15.000000	65.5622   	15.000000	64.4378   	15.000000	67.9943   	15.000000	70.5191   	15.000000	65.5242   	15.000000	0.0379804 	
16.000000	64.0727   	16.000000	64.0169   	16.000000	62.1479   	16.000000	66.1526   	16.000000	68.8657   	16.000000	63.9811   	16.000000	0.0358812 	
17.000000	61.9016   	17.000000	62.5364   	17.000000	60.0423   	17.000000	64.4372   	17.000000	67.2815   	17.000000	62.5024   	17.000000	0.0340132 	
18.000000	59.8938   	18.000000	61.1194   	18.000000	58.1012   	18.000000	62.8367   	18.000000	65.763    	18.000000	61.0871   	18.000000	0.0323397 	
19.000000	58.0309   	19.000000	59.7639   	19.000000	56.3082   	19.000000	61.3411   	19.000000	64.3136   	19.000000	59.7331   	19.000000	0.0308313 	
20.000000	56.2976   	20.000000	58.4675   	20.000000	54.6494   	20.000000	59.9413   	20.000000	62.9324   	20.000000	58.438    	20.000000	0.0294643 	
21.000000	54.6802   	21.000000	57.2273   	21.000000	53.1123   	21.000000	58.6295   	21.000000	61.6107   	21.000000	57.1991   	21.000000	0.0282193 	
22.000000	53.1672   	22.000000	56.0405   	22.000000	51.6859   	22.000000	57.3984   	22.000000	60.354    	22.000000	56.0135   	22.000000	0.0270806 	
23.000000	51.7486   	23.000000	54.9045   	23.000000	50.3595   	23.000000	56.2416   	23.000000	59.1544   	23.000000	54.8784   	23.000000	0.0260347 	
24.000000	50.4154   	24.000000	53.8163   	24.000000	49.1231   	24.000000	55.1535   	24.000000	58.0125   	24.000000	53.7912   	24.000000	0.0250706 	
25.000000	49.1599   	25.000000	52.7733   	25.000000	47.9694   	25.000000	54.1289   	25.000000	56.924    	25.000000	52.7491   	25.000000	0.0241789 	
27.000000	46.8556   	27.000000	50.8131   	27.000000	45.889    	27.000000	52.2521   	27.000000	54.8991   	27.000000	50.7905   	27.000000	0.0225819 	
29.000000	44.7899   	29.000000	49.0054   	29.000000	44.0772   	29.000000	50.579    	29.000000	53.061    	29.000000	48.9842   	29.000000	0.0211922 	
31.000000	42.9265   	31.000000	47.3336   	31.000000	42.6226   	31.000000	48.903    	31.000000	51.0391   	31.000000	47.3137   	31.000000	0.0199714 	
33.000000	41.2361   	33.000000	45.7835   	33.000000	41.4088   	33.000000	47.1954   	33.000000	48.8854   	33.000000	45.7646   	33.000000	0.01889   	
35.000000	39.695    	35.000000	44.3425   	35.000000	40.2766   	35.000000	45.6168   	35.000000	46.939    	35.000000	44.3245   	35.000000	0.0179249 	
38.000000	37.6214   	38.000000	42.3617   	38.000000	38.704    	38.000000	43.46     	38.000000	44.3416   	38.000000	42.345    	38.000000	0.0166571 	
41.000000	35.7877   	41.000000	40.5703   	41.000000	37.2595   	41.000000	41.5213   	41.000000	42.0606   	41.000000	40.5548   	41.000000	0.0155644 	
44.000000	34.1535   	44.000000	38.9425   	44.000000	35.9389   	44.000000	39.7686   	44.000000	40.0369   	44.000000	38.9279   	44.000000	0.0146125 	
47.000000	32.6869   	47.000000	37.4568   	47.000000	34.7213   	47.000000	38.176    	47.000000	38.2271   	47.000000	37.443    	47.000000	0.0137753 	
50.000000	31.3626   	50.000000	36.0952   	50.000000	33.5948   	50.000000	36.7222   	50.000000	36.5979   	50.000000	36.0822   	50.000000	0.013033  	
55.000000	29.4181   	55.000000	34.0621   	55.000000	31.8972   	55.000000	34.561    	55.000000	34.2101   	55.000000	34.0502   	55.000000	0.0119661 	
60.000000	27.7413   	60.000000	32.2771   	60.000000	30.3955   	60.000000	32.6728   	60.000000	32.154    	60.000000	32.2661   	60.000000	0.0110676 	
65.000000	26.2789   	65.000000	30.6972   	65.000000	29.0488   	65.000000	31.0087   	65.000000	30.3645   	65.000000	30.6869   	65.000000	0.0103001 	
70.000000	24.9912   	70.000000	29.2887   	70.000000	27.8379   	70.000000	29.5307   	70.000000	28.7919   	70.000000	29.2791   	70.000000	0.00963641	
75.000000	23.8478   	75.000000	28.0251   	75.000000	26.7465   	75.000000	28.2092   	75.000000	27.4974   	75.000000	28.016    	75.000000	0.00905659	
80.000000	22.8251   	80.000000	26.8849   	80.000000	25.7554   	80.000000	27.0206   	80.000000	26.3424   	80.000000	26.8764   	80.000000	0.00854546	
85.000000	21.9045   	85.000000	25.8509   	85.000000	24.8504   	85.000000	25.9458   	85.000000	25.3054   	85.000000	25.8428   	85.000000	0.00809133	
90.000000	21.0708   	90.000000	24.9088   	90.000000	24.0208   	90.000000	24.9691   	90.000000	24.3688   	90.000000	24.9012   	90.000000	0.00768504	
95.000000	20.3122   	95.000000	24.0469   	95.000000	23.2576   	95.000000	24.0778   	95.000000	23.5199   	95.000000	24.0396   	95.000000	0.0073193 	
100.000000	19.6185   	100.000000	23.2554   	100.000000	22.5555   	100.000000	23.2612   	100.000000	22.7466   	100.000000	23.2484   	100.000000	0.00698824	
105.000000	18.9815   	105.000000	22.5259   	105.000000	21.9053   	105.000000	22.5102   	105.000000	22.0375   	105.000000	22.5192   	105.000000	0.00668709	
110.000000	18.3944   	110.000000	21.8514   	110.000000	21.301    	110.000000	21.8174   	110.000000	21.387    	110.000000	21.845    	110.000000	0.00641192	
115.000000	17.8514   	115.000000	21.2259   	115.000000	20.74     	115.000000	21.1762   	115.000000	20.785    	115.000000	21.2198   	115.000000	0.00615945	
120.000000	17.3474   	120.000000	20.6444   	120.000000	20.2165   	120.000000	20.5811   	120.000000	20.2301   	120.000000	20.6384   	120.000000	0.00592694	
125.000000	16.8785   	125.000000	20.1022   	125.000000	19.7272   	125.000000	20.0274   	125.000000	19.7138   	125.000000	20.0965   	125.000000	0.00571209	
130.000000	16.4408   	130.000000	19.5956   	130.000000	19.2696   	130.000000	19.5108   	130.000000	19.2349   	130.000000	19.5901   	130.000000	0.00551293	
135.000000	16.0313   	135.000000	19.1212   	135.000000	18.8375   	135.000000	19.0279   	135.000000	18.7867   	135.000000	19.1159   	135.000000	0.00532777	
140.000000	15.6473   	140.000000	18.676    	140.000000	18.4328   	140.000000	18.5755   	140.000000	18.3693   	140.000000	18.6708   	140.000000	0.00515517	
145.000000	15.2865   	145.000000	18.2574   	145.000000	18.0522   	145.000000	18.1507   	145.000000	17.9759   	145.000000	18.2524   	145.000000	0.00499388	
150.000000	14.9466   	150.000000	17.8631   	150.000000	17.6908   	150.000000	17.7513   	150.000000	17.6075   	150.000000	17.8582   	150.000000	0.0048428 	
155.000000	14.4551   	155.000000	17.4911   	155.000000	17.3509   	155.000000	17.3749   	155.000000	17.2594   	155.000000	17.4864   	155.000000	0.00470098	
160.000000	14.1738   	160.000000	17.1395   	160.000000	17.0296   	160.000000	17.0196   	160.000000	16.9312   	160.000000	17.1349   	160.000000	0.00456758	
165.000000	13.9077   	165.000000	16.8067   	165.000000	16.7233   	165.000000	16.6838   	165.000000	16.6221   	165.000000	16.8022   	165.000000	0.00444186	
170.000000	13.6555   	170.000000	16.4912   	170.000000	16.4325   	170.000000	16.366    	170.000000	16.3279   	170.000000	16.4869   	170.000000	0.00432317	
175.000000	13.4162   	175.000000	16.1918   	175.000000	16.1569   	175.000000	16.0647   	175.000000	16.0502   	175.000000	16.1876   	175.000000	0.00421092	
180.000000	13.1888   	180.000000	15.9073   	180.000000	15.895    	180.000000	15.7786   	180.000000	15.7866   	180.000000	15.9032   	180.000000	0.00410461	
185.000000	12.9725   	185.000000	15.6365   	185.000000	15.6452   	185.000000	15.5068   	185.000000	15.5352   	185.000000	15.6325   	185.000000	0.00400375	
190.000000	12.7664   	190.000000	15.3786   	190.000000	15.4065   	190.000000	15.2481   	190.000000	15.2967   	190.000000	15.3747   	190.000000	0.00390794	
195.000000	12.5698   	195.000000	15.1326   	195.000000	15.1789   	195.000000	15.0017   	195.000000	15.0695   	195.000000	15.1288   	195.000000	0.0038168 	
200.000000	12.382    	200.000000	14.8978   	200.000000	14.9617   	200.000000	14.7667   	200.000000	14.8519   	200.000000	14.894    	200.000000	0.00373   	
210.000000	12.0308   	210.000000	14.4586   	210.000000	14.554    	210.000000	14.3279   	210.000000	14.4471   	210.000000	14.455    	210.000000	0.00356819	
220.000000	11.7086   	220.000000	14.056    	220.000000	14.1799   	220.000000	13.9264   	220.000000	14.0748   	220.000000	14.0526   	220.000000	0.00342039	
230.000000	11.4119   	230.000000	13.6856   	230.000000	13.8353   	230.000000	13.5578   	230.000000	13.7336   	230.000000	13.6823   	230.000000	0.00328483	
240.000000	11.1377   	240.000000	13.3438   	240.000000	13.516    	240.000000	13.2183   	240.000000	13.4181   	240.000000	13.3407   	240.000000	0.00316004	
250.000000	10.8837   	250.000000	13.0275   	250.000000	13.2208   	250.000000	12.9046   	250.000000	13.1266   	250.000000	13.0244   	250.000000	0.00304475	
260.000000	10.6476   	260.000000	12.7339   	260.000000	12.9466   	260.000000	12.6139   	260.000000	12.8557   	260.000000	12.7309   	260.000000	0.00293791	
270.000000	10.4276   	270.000000	12.4607   	270.000000	12.6907   	270.000000	12.3439   	270.000000	12.6041   	270.000000	12.4578   	270.000000	0.00283861	
280.000000	10.2221   	280.000000	12.2059   	280.000000	12.4523   	280.000000	12.0925   	280.000000	12.3687   	280.000000	12.2032   	280.000000	0.00274607	
290.000000	10.0298   	290.000000	11.9678   	290.000000	12.2286   	290.000000	11.8578   	290.000000	12.1497   	290.000000	11.9651   	290.000000	0.00265962	
300.000000	9.84939   	300.000000	11.7448   	300.000000	12.0193   	300.000000	11.6384   	300.000000	11.9433   	300.000000	11.7422   	300.000000	0.00257865	
310.000000	9.67983   	310.000000	11.5355   	310.000000	11.8231   	310.000000	11.4328   	310.000000	11.7504   	310.000000	11.533    	310.000000	0.00250267	
320.000000	9.52017   	320.000000	11.3388   	320.000000	11.638    	320.000000	11.2398   	320.000000	11.5687   	320.000000	11.3364   	320.000000	0.00243121	
330.000000	9.3696    	330.000000	11.1536   	330.000000	11.4641   	330.000000	11.0583   	330.000000	11.3974   	330.000000	11.1512   	330.000000	0.00236389	
340.000000	9.22735   	340.000000	10.9789   	340.000000	11.3002   	340.000000	10.8873   	340.000000	11.2365   	340.000000	10.9766   	340.000000	0.00230034	
350.000000	9.09278   	350.000000	10.8139   	350.000000	11.145    	350.000000	10.7261   	350.000000	11.0838   	350.000000	10.8117   	350.000000	0.00224025	
360.000000	8.96529   	360.000000	10.6578   	360.000000	10.9976   	360.000000	10.5737   	360.000000	10.9396   	360.000000	10.6557   	360.000000	0.00218335	
370.000000	8.84434   	370.000000	10.51     	370.000000	10.8578   	370.000000	10.4296   	370.000000	10.8035   	370.000000	10.5079   	370.000000	0.00212938	
380.000000	8.72946   	380.000000	10.3699   	380.000000	10.7259   	380.000000	10.2931   	380.000000	10.6734   	380.000000	10.3678   	380.000000	0.00207812	
390.000000	8.62022   	390.000000	10.2368   	390.000000	10.6008   	390.000000	10.1637   	390.000000	10.5504   	390.000000	10.2348   	390.000000	0.00202936	
400.000000	8.51621   	400.000000	10.1103   	400.000000	10.4816   	400.000000	10.0408   	400.000000	10.4337   	400.000000	10.1084   	400.000000	0.00198294	
410.000000	8.41709   	410.000000	9.98999   	410.000000	10.3679   	410.000000	9.92395   	410.000000	10.322    	410.000000	9.98805   	410.000000	0.00193867	
420.000000	8.32253   	420.000000	9.87536   	420.000000	10.2599   	420.000000	9.8128    	420.000000	10.2158   	420.000000	9.87346   	420.000000	0.00189642	
430.000000	8.23224   	430.000000	9.76607   	430.000000	10.1568   	430.000000	9.70694   	430.000000	10.1148   	430.000000	9.76421   	430.000000	0.00185604	
440.000000	8.14593   	440.000000	9.66177   	440.000000	10.0582   	440.000000	9.60601   	440.000000	10.0181   	440.000000	9.65995   	440.000000	0.00181741	
450.000000	8.06338   	450.000000	9.56215   	450.000000	9.96383   	450.000000	9.50971   	450.000000	9.92559   	450.000000	9.56037   	450.000000	0.00178043	
460.000000	7.98434   	460.000000	9.46692   	460.000000	9.87402   	460.000000	9.41773   	460.000000	9.83735   	460.000000	9.46518   	460.000000	0.00174497	
470.000000	7.90862   	470.000000	9.37581   	470.000000	9.78836   	470.000000	9.32982   	470.000000	9.75315   	470.000000	9.3741    	470.000000	0.00171096	
480.000000	7.83601   	480.000000	9.28858   	480.000000	9.70626   	480.000000	9.24572   	480.000000	9.67199   	480.000000	9.2869    	480.000000	0.0016783 	
490.000000	7.76634   	490.000000	9.205     	490.000000	9.62737   	490.000000	9.16521   	490.000000	9.5943    	490.000000	9.20335   	490.000000	0.00164691	
500.000000	7.69945   	500.000000	9.12486   	500.000000	9.55158   	500.000000	9.08808   	500.000000	9.51999   	500.000000	9.12324   	500.000000	0.00161673	
520.000000	7.57339   	520.000000	8.97415   	520.000000	9.40897   	520.000000	8.9432    	520.000000	9.38008   	520.000000	8.97259   	520.000000	0.00155968	
540.000000	7.45675   	540.000000	8.83506   	540.000000	9.27752   	540.000000	8.80969   	540.000000	9.25076   	540.000000	8.83355   	540.000000	0.00150667	
560.000000	7.34858   	560.000000	8.7064    	560.000000	9.15594   	560.000000	8.68637   	560.000000	9.13132   	560.000000	8.70494   	560.000000	0.00145728	
580.000000	7.24807   	580.000000	8.58713   	580.000000	9.04305   	580.000000	8.5722    	580.000000	9.02023   	580.000000	8.58572   	580.000000	0.00141114	
600.000000	7.15449   	600.000000	8.47636   	600.000000	8.93822   	600.000000	8.46628   	600.000000	8.91754   	600.000000	8.47499   	600.000000	0.00136795	
620.000000	7.06723   	620.000000	8.37329   	620.000000	8.84077   	620.000000	8.36783   	620.000000	8.82135   	620.000000	8.37196   	620.000000	0.00132742	
640.000000	6.98573   	640.000000	8.27722   	640.000000	8.75      	640.000000	8.27615   	640.000000	8.73196   	640.000000	8.27593   	640.000000	0.00128932	
660.000000	6.9095    	660.000000	8.18755   	660.000000	8.66519   	660.000000	8.19064   	660.000000	8.64845   	660.000000	8.18629   	660.000000	0.00125342	
680.000000	6.8381    	680.000000	8.10372   	680.000000	8.58575   	680.000000	8.11075   	680.000000	8.5701    	680.000000	8.1025    	680.000000	0.00121954	
700.000000	6.77116   	700.000000	8.02525   	700.000000	8.51138   	700.000000	8.03601   	700.000000	8.49697   	700.000000	8.02406   	700.000000	0.00118752	
720.000000	6.70831   	720.000000	7.95172   	720.000000	8.44173   	720.000000	7.96598   	720.000000	8.42812   	720.000000	7.95056   	720.000000	0.00115719	
740.000000	6.64926   	740.000000	7.88272   	740.000000	8.37631   	740.000000	7.9003    	740.000000	8.36343   	740.000000	7.8816    	740.000000	0.00112844	
760.000000	6.59372   	760.000000	7.81793   	760.000000	8.31471   	760.000000	7.83861   	760.000000	8.30285   	760.000000	7.81683   	760.000000	0.00110113	
780.000000	6.54144   	780.000000	7.75702   	780.000000	8.25673   	780.000000	7.7806    	780.000000	8.24557   	780.000000	7.75594   	780.000000	0.00107516	
800.000000	6.49219   	800.000000	7.69971   	800.000000	8.20216   	800.000000	7.726     	800.000000	8.19159   	800.000000	7.69866   	800.000000	0.00105044	
820.000000	6.44576   	820.000000	7.64574   	820.000000	8.15074   	820.000000	7.67456   	820.000000	8.14086   	820.000000	7.64472   	820.000000	0.00102687	
840.000000	6.40197   	840.000000	7.59489   	840.000000	8.10216   	840.000000	7.62605   	840.000000	8.09289   	840.000000	7.59389   	840.000000	0.00100437	
860.000000	6.36064   	860.000000	7.54695   	860.000000	8.0562    	860.000000	7.58026   	860.000000	8.04741   	860.000000	7.54596   	860.000000	0.000982876	
880.000000	6.32163   	880.000000	7.50171   	880.000000	8.01274   	880.000000	7.537     	880.000000	8.00456   	880.000000	7.50074   	880.000000	0.000962316	
900.000000	6.28477   	900.000000	7.459     	900.000000	7.97166   	900.000000	7.49611   	900.000000	7.96416   	900.000000	7.45806   	900.000000	0.00094263	
920.000000	6.24995   	920.000000	7.41867   	920.000000	7.93282   	920.000000	7.45742   	920.000000	7.92556   	920.000000	7.41775   	920.000000	0.000923764	
940.000000	6.21703   	940.000000	7.38057   	940.000000	7.89601   	940.000000	7.42079   	940.000000	7.88908   	940.000000	7.37966   	940.000000	0.000905667	
960.000000	6.18592   	960.000000	7.34455   	960.000000	7.86108   	960.000000	7.38609   	960.000000	7.85462   	960.000000	7.34366   	960.000000	0.000888292	
980.000000	6.1565    	980.000000	7.3105    	980.000000	7.82789   	980.000000	7.3532    	980.000000	7.82198   	980.000000	7.30963   	980.000000	0.000871595	
1000.000000	6.12869   	1000.000000	7.2783    	1000.000000	7.79638   	1000.000000	7.322     	1000.000000	7.79073   	1000.000000	7.27745   	1000.000000	0.000855538	
1020.000000	6.10239   	1020.000000	7.24785   	1020.000000	7.76649   	1020.000000	7.29239   	1020.000000	7.76103   	1020.000000	7.24701   	1020.000000	0.000840084	
1040.000000	6.07752   	1040.000000	7.21904   	1040.000000	7.73816   	1040.000000	7.26429   	1040.000000	7.73291   	1040.000000	7.21822   	1040.000000	0.0008252 	
1060.000000	6.05401   	1060.000000	7.19179   	1060.000000	7.71128   	1060.000000	7.23759   	1060.000000	7.70626   	1060.000000	7.19098   	1060.000000	0.000810853	
1080.000000	6.03179   	1080.000000	7.166     	1080.000000	7.68574   	1080.000000	7.21222   	1080.000000	7.68064   	1080.000000	7.16521   	1080.000000	0.000797015	
1100.000000	6.01079   	1100.000000	7.14161   	1100.000000	7.66142   	1100.000000	7.1881    	1100.000000	7.65635   	1100.000000	7.14083   	1100.000000	0.000783659	
1120.000000	5.99095   	1120.000000	7.11854   	1120.000000	7.63822   	1120.000000	7.16517   	1120.000000	7.63331   	1120.000000	7.11777   	1120.000000	0.00077076	
1140.000000	5.97221   	1140.000000	7.09672   	1140.000000	7.61608   	1140.000000	7.14335   	1140.000000	7.61145   	1140.000000	7.09596   	1140.000000	0.000758295	
1160.000000	5.95453   	1160.000000	7.07609   	1160.000000	7.59498   	1160.000000	7.12259   	1160.000000	7.59053   	1160.000000	7.07534   	1160.000000	0.000746241	
1180.000000	5.93785   	1180.000000	7.05658   	1180.000000	7.57488   	1180.000000	7.10283   	1180.000000	7.57053   	1180.000000	7.05585   	1180.000000	0.000734579	
1200.000000	5.92212   	1200.000000	7.03815   	1200.000000	7.55576   	1200.000000	7.08401   	1200.000000	7.55153   	1200.000000	7.03743   	1200.000000	0.000723289	
1220.000000	5.9073    	1220.000000	7.02074   	1220.000000	7.53758   	1220.000000	7.0661    	1220.000000	7.53349   	1220.000000	7.02003   	1220.000000	0.000712354	
1240.000000	5.89336   	1240.000000	7.00431   	1240.000000	7.52029   	1240.000000	7.04903   	1240.000000	7.51635   	1240.000000	7.00361   	1240.000000	0.000701757	
1260.000000	5.88025   	1260.000000	6.9888    	1260.000000	7.50382   	1260.000000	7.03277   	1260.000000	7.49988   	1260.000000	6.98811   	1260.000000	0.000691482	
1280.000000	5.86793   	1280.000000	6.97418   	1280.000000	7.48812   	1280.000000	7.01728   	1280.000000	7.48414   	1280.000000	6.9735    	1280.000000	0.000681515	
1300.000000	5.85638   	1300.000000	6.9604    	1300.000000	7.47313   	1300.000000	7.00252   	1300.000000	7.46918   	1300.000000	6.95973   	1300.000000	0.000671842	
1320.000000	5.84555   	1320.000000	6.94743   	1320.000000	7.4588    	1320.000000	6.98845   	1320.000000	7.45497   	1320.000000	6.94677   	1320.000000	0.00066245	
1340.000000	5.83543   	1340.000000	6.93523   	1340.000000	7.4451    	1340.000000	6.97505   	1340.000000	7.44145   	1340.000000	6.93458   	1340.000000	0.000653326	
1360.000000	5.82598   	1360.000000	6.92377   	1360.000000	7.43202   	1360.000000	6.96227   	1360.000000	7.4285    	1360.000000	6.92313   	1360.000000	0.00064446	
1380.000000	5.81717   	1380.000000	6.91302   	1380.000000	7.41952   	1380.000000	6.95009   	1380.000000	7.41607   	1380.000000	6.91238   	1380.000000	0.00063584	
1400.000000	5.80898   	1400.000000	6.90294   	1400.000000	7.4076    	1400.000000	6.93848   	1400.000000	7.40424   	1400.000000	6.90231   	1400.000000	0.000627456	
1420.000000	5.80138   	1420.000000	6.89351   	1420.000000	7.39624   	1420.000000	6.92742   	1420.000000	7.393     	1420.000000	6.89289   	1420.000000	0.000619299	
1440.000000	5.79436   	1440.000000	6.88471   	1440.000000	7.38542   	1440.000000	6.91688   	1440.000000	7.38231   	1440.000000	6.88409   	1440.000000	0.000611358	
1460.000000	5.78789   	1460.000000	6.8765    	1460.000000	7.37511   	1460.000000	6.90683   	1460.000000	7.37216   	1460.000000	6.87589   	1460.000000	0.000603626	
1480.000000	5.78195   	1480.000000	6.86886   	1480.000000	7.36531   	1480.000000	6.89726   	1480.000000	7.36237   	1480.000000	6.86826   	1480.000000	0.000596095	
1500.000000	5.77652   	1500.000000	6.86177   	1500.000000	7.35597   	1500.000000	6.88814   	1500.000000	7.35301   	1500.000000	6.86119   	1500.000000	0.000588756	
1520.000000	5.77158   	1520.000000	6.85522   	1520.000000	7.34707   	1520.000000	6.87946   	1520.000000	7.34418   	1520.000000	6.85464   	1520.000000	0.000581602	
1540.000000	5.76712   	1540.000000	6.84917   	1540.000000	7.3386    	1540.000000	6.87119   	1540.000000	7.3358    	1540.000000	6.8486    	1540.000000	0.000574627	
1560.000000	5.76311   	1560.000000	6.84361   	1560.000000	7.33053   	1560.000000	6.86332   	1560.000000	7.32785   	1560.000000	6.84304   	1560.000000	0.000567823	
1580.000000	5.75955   	1580.000000	6.83852   	1580.000000	7.32284   	1580.000000	6.85583   	1580.000000	7.3203    	1580.000000	6.83796   	1580.000000	0.000561184	
1600.000000	5.75641   	1600.000000	6.83389   	1600.000000	7.31552   	1600.000000	6.8487    	1600.000000	7.31304   	1600.000000	6.83334   	1600.000000	0.000554704	
1620.000000	5.75369   	1620.000000	6.82969   	1620.000000	7.30854   	1620.000000	6.84192   	1620.000000	7.30609   	1620.000000	6.82915   	1620.000000	0.000548378	
1640.000000	5.75136   	1640.000000	6.82592   	1640.000000	7.30189   	1640.000000	6.83548   	1640.000000	7.29949   	1640.000000	6.82538   	1640.000000	0.0005422 	
1660.000000	5.74942   	1660.000000	6.82255   	1660.000000	7.29556   	1660.000000	6.82936   	1660.000000	7.29324   	1660.000000	6.82201   	1660.000000	0.000536164	
1680.000000	5.74786   	1680.000000	6.81957   	1680.000000	7.28954   	1680.000000	6.82355   	1680.000000	7.28733   	1680.000000	6.81904   	1680.000000	0.000530266	
1700.000000	5.74665   	1700.000000	6.81697   	1700.000000	7.28382   	1700.000000	6.81803   	1700.000000	7.28172   	1700.000000	6.81645   	1700.000000	0.000524502	
1750.000000	5.74515   	1750.000000	6.81204   	1750.000000	7.27073   	1750.000000	6.80545   	1750.000000	7.26883   	1750.000000	6.81153   	1750.000000	0.000510643	
1800.000000	5.74566   	1800.000000	6.80921   	1800.000000	7.25925   	1800.000000	6.79448   	1800.000000	7.25751   	1800.000000	6.80871   	1800.000000	0.000497524	
1850.000000	5.74805   	1850.000000	6.8083    	1850.000000	7.24925   	1850.000000	6.78496   	1850.000000	7.24776   	1850.000000	6.80782   	1850.000000	0.000485085	
1900.000000	5.75218   	1900.000000	6.80917   	1900.000000	7.24059   	1900.000000	6.77676   	1900.000000	7.23924   	1900.000000	6.80869   	1900.000000	0.000473275	
1950.000000	5.75793   	1950.000000	6.81167   	1950.000000	7.23314   	1950.000000	6.76977   	1950.000000	7.23191   	1950.000000	6.81121   	1950.000000	0.000462047	
2000.000000	5.76519   	2000.000000	6.81569   	2000.000000	7.2268    	2000.000000	6.76387   	2000.000000	7.22577   	2000.000000	6.81524   	2000.000000	0.000451357	
2100.000000	5.78387   	2100.000000	6.82786   	2100.000000	7.21707   	2100.000000	6.75498   	2100.000000	7.21628   	2100.000000	6.82743   	2100.000000	0.000431445	
2200.000000	5.80752   	2200.000000	6.84489   	2200.000000	7.21073   	2200.000000	6.74944   	2200.000000	7.21028   	2200.000000	6.84447   	2200.000000	0.000413273	
2300.000000	5.83558   	2300.000000	6.86615   	2300.000000	7.20725   	2300.000000	6.74672   	2300.000000	7.20695   	2300.000000	6.86575   	2300.000000	0.00039662	
2400.000000	5.86757   	2400.000000	6.89111   	2400.000000	7.2062    	2400.000000	6.74636   	2400.000000	7.20615   	2400.000000	6.89073   	2400.000000	0.000381301	
2500.000000	5.90308   	2500.000000	6.91933   	2500.000000	7.20721   	2500.000000	6.748     	2500.000000	7.20726   	2500.000000	6.91896   	2500.000000	0.00036716	
2600.000000	5.94176   	2600.000000	6.95042   	2600.000000	7.20996   	2600.000000	6.75135   	2600.000000	7.2102    	2600.000000	6.95007   	2600.000000	0.000354066	
2700.000000	5.98332   	2700.000000	6.98407   	2700.000000	7.21418   	2700.000000	6.75615   	2700.000000	7.21449   	2700.000000	6.98373   	2700.000000	0.000341903	
2800.000000	6.0275    	2800.000000	7.01999   	2800.000000	7.21967   	2800.000000	6.76218   	2800.000000	7.22017   	2800.000000	7.01966   	2800.000000	0.000330577	
2900.000000	6.07407   	2900.000000	7.05795   	2900.000000	7.22624   	2900.000000	6.76927   	2900.000000	7.22677   	2900.000000	7.05763   	2900.000000	0.000320001	
3000.000000	6.12286   	3000.000000	7.09774   	3000.000000	7.23372   	3000.000000	6.77725   	3000.000000	7.23438   	3000.000000	7.09743   	3000.000000	0.000310103	
3200.000000	6.22639   	3200.000000	7.18209   	3200.000000	7.25094   	3200.000000	6.79542   	3200.000000	7.25174   	3200.000000	7.1818    	3200.000000	0.000292095	
3400.000000	6.33696   	3400.000000	7.27186   	3400.000000	7.27048   	3400.000000	6.81583   	3400.000000	7.27142   	3400.000000	7.27159   	3400.000000	0.000276126	
3600.000000	6.45368   	3600.000000	7.36611   	3600.000000	7.29171   	3600.000000	6.83788   	3600.000000	7.2928    	3600.000000	7.36585   	3600.000000	0.000261866	
3800.000000	6.57584   	3800.000000	7.46411   	3800.000000	7.31417   	3800.000000	6.86109   	3800.000000	7.31531   	3800.000000	7.46386   	3800.000000	0.000249052	
4000.000000	6.70288   	4000.000000	7.56525   	4000.000000	7.33748   	4000.000000	6.88511   	4000.000000	7.33865   	4000.000000	7.56502   	4000.000000	0.000237472	
4200.000000	6.83433   	4200.000000	7.66908   	4200.000000	7.36133   	4200.000000	6.90966   	4200.000000	7.3626    	4200.000000	7.66885   	4200.000000	0.000226955	
4400.000000	6.9698    	4400.000000	7.7752    	4400.000000	7.3855    	4400.000000	6.93454   	4400.000000	7.38681   	4400.000000	7.77498   	4400.000000	0.000217358	
4600.000000	7.10897   	4600.000000	7.88328   	4600.000000	7.40983   	4600.000000	6.95959   	4600.000000	7.41126   	4600.000000	7.88307   	4600.000000	0.000208566	
4800.000000	7.25159   	4800.000000	7.99306   	4800.000000	7.43419   	4800.000000	6.98468   	4800.000000	7.43572   	4800.000000	7.99286   	4800.000000	0.000200479	
5000.000000	7.39741   	5000.000000	8.10432   	5000.000000	7.4585    	5000.000000	7.00973   	5000.000000	7.46016   	5000.000000	8.10413   	5000.000000	0.000193015	
5250.000000	7.58392   	5250.000000	8.24518   	5250.000000	7.4887    	5250.000000	7.04085   	5250.000000	7.49052   	5250.000000	8.24499   	5250.000000	0.000184457	
5500.000000	7.77483   	5500.000000	8.38774   	5500.000000	7.51861   	5500.000000	7.07167   	5500.000000	7.52057   	5500.000000	8.38757   	5500.000000	0.000176648	
6000.000000	8.16885   	6000.000000	8.67701   	6000.000000	7.57737   	6000.000000	7.13212   	6000.000000	7.57948   	6000.000000	8.67685   	6000.000000	0.000162914	
6500.000000	8.57784   	6500.000000	8.97057   	6500.000000	7.63449   	6500.000000	7.1907    	6500.000000	7.6365    	6500.000000	8.97042   	6500.000000	0.000151221	
7000.000000	9.00059   	7000.000000	9.2673    	7000.000000	7.68908   	7000.000000	7.24723   	7000.000000	7.69145   	7000.000000	9.26716   	7000.000000	0.00014114	
7500.000000	9.43624   	7500.000000	9.56643   	7500.000000	7.74198   	7500.000000	7.30169   	7500.000000	7.74429   	7500.000000	9.56629   	7500.000000	0.000132356	
8000.000000	9.88413   	8000.000000	9.86735   	8000.000000	7.79279   	8000.000000	7.35408   	8000.000000	7.79503   	8000.000000	9.86722   	8000.000000	0.000124633	
8500.000000	10.3437   	8500.000000	10.1696   	8500.000000	7.84133   	8500.000000	7.40449   	8500.000000	7.84371   	8500.000000	10.1695   	8500.000000	0.000117787	
9000.000000	10.8147   	9000.000000	10.4729   	9000.000000	7.88778   	9000.000000	7.45299   	9000.000000	7.89044   	9000.000000	10.4728   	9000.000000	0.000111676	
9500.000000	11.2967   	9500.000000	10.777    	9500.000000	7.93252   	9500.000000	7.49968   	9500.000000	7.93535   	9500.000000	10.7769   	9500.000000	0.000106185	
10000.000000	11.7894   	10000.000000	11.0816   	10000.000000	7.97573   	10000.000000	7.54466   	10000.000000	7.97845   	10000.000000	11.0815   	10000.000000	0.000101225	
11000.000000	12.8065   	11000.000000	11.6919   	11000.000000	8.05716   	11000.000000	7.62985   	11000.000000	8.05981   	11000.000000	11.6918   	11000.000000	9.26127e-05	
12000.000000	13.8647   	12000.000000	12.3029   	12000.000000	8.13226   	12000.000000	7.70929   	12000.000000	8.13522   	12000.000000	12.3028   	12000.000000	8.53884e-05	
13000.000000	14.9632   	13000.000000	12.9139   	13000.000000	8.20221   	13000.000000	7.78362   	13000.000000	8.20533   	13000.000000	12.9139   	13000.000000	7.92392e-05	
14000.000000	16.1016   	14000.000000	13.5247   	14000.000000	8.26791   	14000.000000	7.8534    	14000.000000	8.27071   	14000.000000	13.5246   	14000.000000	7.39395e-05	
15000.000000	17.2794   	15000.000000	14.1349   	15000.000000	8.32964   	15000.000000	7.91913   	15000.000000	8.33186   	15000.000000	14.1348   	15000.000000	6.93232e-05	
16000.000000	18.4965   	16000.000000	14.7444   	16000.000000	8.38729   	16000.000000	7.98122   	16000.000000	8.38922   	16000.000000	14.7443   	16000.000000	6.52651e-05	
17000.000000	19.7527   	17000.000000	15.353    	17000.000000	8.44114   	17000.000000	8.04003   	17000.000000	8.44316   	17000.000000	15.3529   	17000.000000	6.16686e-05	
18000.000000	21.0479   	18000.000000	15.9607   	18000.000000	8.49166   	18000.000000	8.09587   	18000.000000	8.49402   	18000.000000	15.9606   	18000.000000	5.84587e-05	
19000.000000	22.3821   	19000.000000	16.5674   	19000.000000	8.53927   	19000.000000	8.14903   	19000.000000	8.542     	19000.000000	16.5673   	19000.000000	5.55756e-05	
20000.000000	23.7554   	20000.000000	17.1731   	20000.000000	8.58438   	20000.000000	8.19974   	20000.000000	8.58743   	20000.000000	17.173    	20000.000000	5.29714e-05	
21000.000000	25.1678   	21000.000000	17.7777   	21000.000000	8.62731   	21000.000000	8.24821   	21000.000000	8.63051   	21000.000000	17.7777   	21000.000000	5.06071e-05	
22000.000000	26.6193   	22000.000000	18.3814   	22000.000000	8.66826   	22000.000000	8.29463   	22000.000000	8.67139   	22000.000000	18.3813   	22000.000000	4.84507e-05	
23000.000000	28.1102   	23000.000000	18.984    	23000.000000	8.70715   	23000.000000	8.33915   	23000.000000	8.71033   	23000.000000	18.984    	23000.000000	4.64757e-05	
24000.000000	29.6404   	24000.000000	19.5857   	24000.000000	8.74418   	24000.000000	8.38192   	24000.000000	8.74734   	24000.000000	19.5856   	24000.000000	4.46599e-05	
25000.000000	31.2102   	25000.000000	20.1863   	25000.000000	8.77956   	25000.000000	8.42308   	25000.000000	8.78272   	25000.000000	20.1863   	25000.000000	4.29846e-05	
26000.000000	32.8197   	26000.000000	20.786    	26000.000000	8.81334   	26000.000000	8.46274   	26000.000000	8.81643   	26000.000000	20.786    	26000.000000	4.1434e-05	
27000.000000	34.469    	27000.000000	21.3848   	27000.000000	8.84557   	27000.000000	8.50099   	27000.000000	8.84874   	27000.000000	21.3847   	27000.000000	3.99946e-05	
28000.000000	36.1583   	28000.000000	21.9826   	28000.000000	8.87641   	28000.000000	8.53795   	28000.000000	8.87959   	28000.000000	21.9825   	28000.000000	3.86546e-05	
29000.000000	37.8878   	29000.000000	22.5794   	29000.000000	8.90603   	29000.000000	8.57368   	29000.000000	8.90922   	29000.000000	22.5794   	29000.000000	3.7404e-05	
30000.000000	39.6576   	30000.000000	23.1754   	30000.000000	8.93448   	30000.000000	8.60827   	30000.000000	8.9376    	30000.000000	23.1754   	30000.000000	3.62341e-05	
32000.000000	43.319    	32000.000000	24.3647   	32000.000000	8.98806   	32000.000000	8.67431   	32000.000000	8.99108   	32000.000000	24.3647   	32000.000000	3.41068e-05	
34000.000000	47.1442   	34000.000000	25.5507   	34000.000000	9.03757   	34000.000000	8.73653   	34000.000000	9.04051   	34000.000000	25.5507   	34000.000000	3.22218e-05	
36000.000000	51.1346   	36000.000000	26.7335   	36000.000000	9.08336   	36000.000000	8.79536   	36000.000000	9.08638   	36000.000000	26.7335   	36000.000000	3.05398e-05	
38000.000000	55.2919   	38000.000000	27.9132   	38000.000000	9.1259    	38000.000000	8.85114   	38000.000000	9.1291    	38000.000000	27.9132   	38000.000000	2.90293e-05	
40000.000000	59.6179   	40000.000000	29.09     	40000.000000	9.16559   	40000.000000	8.90417   	40000.000000	9.16895   	40000.000000	29.09     	40000.000000	2.76651e-05	
42000.000000	64.1142   	42000.000000	30.264    	42000.000000	9.20279   	42000.000000	8.95471   	42000.000000	9.20623   	42000.000000	30.2639   	42000.000000	2.64268e-05	
44000.000000	68.7827   	44000.000000	31.4352   	44000.000000	9.23785   	44000.000000	9.00298   	44000.000000	9.24121   	44000.000000	31.4352   	44000.000000	2.52975e-05	
46000.000000	73.625    	46000.000000	32.604    	46000.000000	9.2711    	46000.000000	9.04918   	46000.000000	9.27407   	46000.000000	32.6039   	46000.000000	2.42634e-05	
48000.000000	78.6432   	48000.000000	33.7702   	48000.000000	9.30265   	48000.000000	9.09347   	48000.000000	9.30503   	48000.000000	33.7702   	48000.000000	2.33128e-05	
50000.000000	83.8389   	50000.000000	34.9341   	50000.000000	9.33234   	50000.000000	9.136     	50000.000000	9.33426   	50000.000000	34.934    	50000.000000	2.24358e-05	
