! 144Nd energy loss (dE/dX) in He
! apply ZOOM for details
Energy (MeV/u)1	0 - [He-base] F.Hubert et al, AD&ND Tables 46(1990)1	Energy (MeV/u)2	1 - [H -base] J.F.Ziegler et al,Pergamon Press,NY(low energy)	Energy (MeV/u)3	2 - ATIMA 1.2 LS-theory (recommended for high energy)	Energy (MeV/u)4	3 - ATIMA 1.2 without LS-correction	Energy (MeV/u)5	4 - ATIMA 1.4 H.Weick, improved mean charge formula for HI	Energy (MeV/u)6	5 - electrical component of [1] - J.F.Ziegler et al	Energy (MeV/u)7	6 - nuclear component of [1] - J.F.Ziegler et al	
0.001000	0.000269147	0.001000	0.00033144	0.001000	0.000281297	0.001000	0.000281297	0.001000	0.000281306	0.001000	7.98983e-05	0.001000	0.000251542	
0.002000	0.000282441	0.002000	0.000349132	0.002000	0.000287594	0.002000	0.000287594	0.002000	0.000287602	0.002000	0.000103615	0.002000	0.000245516	
0.005000	0.000283967	0.005000	0.000352827	0.005000	0.000273253	0.005000	0.000273253	0.005000	0.000273259	0.005000	0.0001461 	0.005000	0.000206726	
0.008000	0.000282337	0.008000	0.000351571	0.008000	0.00026146	0.008000	0.00026146	0.008000	0.000261465	0.008000	0.000174259	0.008000	0.000177311	
0.010000	0.000282349	0.010000	0.000351884	0.010000	0.000256495	0.010000	0.000256495	0.010000	0.000256499	0.010000	0.000189469	0.010000	0.000162415	
0.015000	0.00028527	0.015000	0.000355946	0.015000	0.000250585	0.015000	0.000250585	0.015000	0.000250589	0.015000	0.000220583	0.015000	0.000135363	
0.020000	0.000290542	0.020000	0.000362729	0.020000	0.000250065	0.020000	0.000250065	0.020000	0.000250068	0.020000	0.000245711	0.020000	0.000117019	
0.025000	0.000296913	0.025000	0.000370795	0.025000	0.000252389	0.025000	0.000252389	0.025000	0.000252392	0.025000	0.000267156	0.025000	0.000103639	
0.030000	0.000303783	0.030000	0.000379439	0.030000	0.000256325	0.030000	0.000256325	0.030000	0.000256328	0.030000	0.000286061	0.030000	9.33781e-05	
0.035000	0.000310849	0.035000	0.000388302	0.035000	0.00026122	0.035000	0.00026122	0.035000	0.000261222	0.035000	0.000303084	0.035000	8.52176e-05	
0.040000	0.00031795	0.040000	0.000397194	0.040000	0.000266701	0.040000	0.000266701	0.040000	0.000266703	0.040000	0.000318647	0.040000	7.85466e-05	
0.045000	0.000324998	0.045000	0.000406011	0.045000	0.000272543	0.045000	0.000272543	0.045000	0.000272544	0.045000	0.000333037	0.045000	7.29746e-05	
0.050000	0.000331947	0.050000	0.000414698	0.050000	0.000278602	0.050000	0.000278602	0.050000	0.000278604	0.050000	0.000346459	0.050000	6.82393e-05	
0.055000	0.000338769	0.055000	0.000423223	0.055000	0.000284788	0.055000	0.000284788	0.055000	0.000284789	0.055000	0.000359066	0.055000	6.41575e-05	
0.060000	0.000345452	0.060000	0.000431572	0.060000	0.000291038	0.060000	0.000291038	0.060000	0.000291039	0.060000	0.000370975	0.060000	6.05968e-05	
0.070000	0.000358385	0.070000	0.000447722	0.070000	0.000303575	0.070000	0.000303575	0.070000	0.000303576	0.070000	0.000393052	0.070000	5.46704e-05	
0.080000	0.000370746	0.080000	0.000463155	0.080000	0.00031601	0.080000	0.00031601	0.080000	0.000316012	0.080000	0.000413234	0.080000	4.99208e-05	
0.090000	0.000389165	0.090000	0.000477912	0.090000	0.000328247	0.090000	0.000328247	0.090000	0.000328249	0.090000	0.000431895	0.090000	4.6017e-05	
0.100000	0.000423565	0.100000	0.000495645	0.100000	0.000343246	0.100000	0.000343246	0.100000	0.000343247	0.100000	0.000452902	0.100000	4.27435e-05	
0.120000	0.000475893	0.120000	0.000593404	0.120000	0.00042804	0.120000	0.00042804	0.120000	0.000428041	0.120000	0.000556203	0.120000	3.72005e-05	
0.140000	0.000522008	0.140000	0.00068507	0.140000	0.000511558	0.140000	0.000511558	0.140000	0.000511559	0.140000	0.000651789	0.140000	3.32812e-05	
0.160000	0.000564543	0.160000	0.000769225	0.160000	0.00059091	0.160000	0.00059091	0.160000	0.000590911	0.160000	0.000739047	0.160000	3.01784e-05	
0.180000	0.000605327	0.180000	0.000845878	0.180000	0.000664782	0.180000	0.000664782	0.180000	0.000664783	0.180000	0.000818223	0.180000	2.76543e-05	
0.200000	0.000645333	0.200000	0.000915509	0.200000	0.000732649	0.200000	0.000732649	0.200000	0.00073265	0.200000	0.000889952	0.200000	2.55563e-05	
0.250000	0.000721001	0.250000	0.00106322	0.250000	0.000876601	0.250000	0.000876601	0.250000	0.000876602	0.250000	0.00104165	0.250000	2.15759e-05	
0.300000	0.000795371	0.300000	0.00118564	0.300000	0.000989094	0.300000	0.000989094	0.300000	0.000989095	0.300000	0.00116689	0.300000	1.87499e-05	
0.350000	0.00086653	0.350000	0.0012939 	0.350000	0.00107802	0.350000	0.00107802	0.350000	0.00107802	0.350000	0.00127727	0.350000	1.66293e-05	
0.400000	0.000930722	0.400000	0.00138329	0.400000	0.00115008	0.400000	0.00115008	0.400000	0.00115008	0.400000	0.00136832	0.400000	1.49736e-05	
0.450000	0.000988388	0.450000	0.00145808	0.450000	0.00121014	0.450000	0.00121014	0.450000	0.00121014	0.450000	0.00144444	0.450000	1.36415e-05	
0.500000	0.00104009	0.500000	0.00152136	0.500000	0.0012615 	0.500000	0.0012615 	0.500000	0.0012615 	0.500000	0.00150882	0.500000	1.25443e-05	
0.600000	0.00109051	0.600000	0.00162196	0.600000	0.00134629	0.600000	0.00134629	0.600000	0.00134629	0.600000	0.00161112	0.600000	1.08386e-05	
0.700000	0.00114019	0.700000	0.00172918	0.700000	0.00141483	0.700000	0.00141483	0.700000	0.00141483	0.700000	0.00171961	0.700000	9.56923e-06	
0.800000	0.00121665	0.800000	0.00181952	0.800000	0.00147208	0.800000	0.00147208	0.800000	0.00147208	0.800000	0.00181094	0.800000	8.58455e-06	
0.900000	0.00127963	0.900000	0.00188979	0.900000	0.00152071	0.900000	0.00152071	0.900000	0.00152072	0.900000	0.001882  	0.900000	7.79652e-06	
1.000000	0.00133176	1.000000	0.00194482	1.000000	0.00156593	1.000000	0.00156593	1.000000	0.00156593	1.000000	0.00193767	1.000000	7.15035e-06	
1.250000	0.00141581	1.250000	0.00202573	1.250000	0.00167832	1.250000	0.00167832	1.250000	0.00167832	1.250000	0.00201978	1.250000	5.94645e-06	
1.500000	0.00145241	1.500000	0.00204268	1.500000	0.00175355	1.500000	0.00175355	1.500000	0.00175355	1.500000	0.00203757	1.500000	5.10937e-06	
1.750000	0.00147295	1.750000	0.00204494	1.750000	0.00180371	1.750000	0.00180371	1.750000	0.00180371	1.750000	0.00204045	1.750000	4.49106e-06	
2.000000	0.00148281	2.000000	0.0020381 	2.000000	0.00183635	2.000000	0.00183635	2.000000	0.00183635	2.000000	0.00203408	2.000000	4.01427e-06	
2.250000	0.0014864 	2.250000	0.00202355	2.250000	0.00185645	2.250000	0.00185645	2.250000	0.00185645	2.250000	0.00201991	2.250000	3.63456e-06	
2.500000	0.00231412	2.500000	0.00200464	2.500000	0.00186738	2.500000	0.00186738	2.500000	0.00186738	2.500000	0.00200132	2.500000	3.3245e-06	
3.000000	0.00226544	3.000000	0.0019622 	3.000000	0.00187061	3.000000	0.00187061	3.000000	0.00187061	3.000000	0.00195935	3.000000	2.84742e-06	
3.500000	0.00220372	3.500000	0.00191703	3.500000	0.00185817	3.500000	0.00185817	3.500000	0.00185817	3.500000	0.00191453	3.500000	2.49644e-06	
4.000000	0.00213754	4.000000	0.00186111	4.000000	0.00183667	4.000000	0.00183667	4.000000	0.00183667	4.000000	0.00185888	4.000000	2.22668e-06	
4.500000	0.00207106	4.500000	0.00180938	4.500000	0.00180994	4.500000	0.00180994	4.500000	0.00180994	4.500000	0.00180737	4.500000	2.01244e-06	
5.000000	0.00200628	5.000000	0.00176258	5.000000	0.00178026	5.000000	0.00178026	5.000000	0.00178026	5.000000	0.00176074	5.000000	1.83789e-06	
5.500000	0.00194416	5.500000	0.00171949	5.500000	0.00174905	5.500000	0.00174905	5.500000	0.00174905	5.500000	0.0017178 	5.500000	1.69276e-06	
6.000000	0.0018851 	6.000000	0.00167934	6.000000	0.00171721	6.000000	0.00171721	6.000000	0.00171721	6.000000	0.00167777	6.000000	1.57007e-06	
6.500000	0.00182921	6.500000	0.00164285	6.500000	0.00168143	6.500000	0.00168143	6.500000	0.00168143	6.500000	0.00164139	6.500000	1.4649e-06	
7.000000	0.00177643	7.000000	0.00160776	7.000000	0.00164678	7.000000	0.00164678	7.000000	0.00164678	7.000000	0.00160639	7.000000	1.37368e-06	
7.500000	0.00172664	7.500000	0.00157397	7.500000	0.00161347	7.500000	0.00161347	7.500000	0.00161347	7.500000	0.00157267	7.500000	1.29375e-06	
8.000000	0.00167968	8.000000	0.00154144	8.000000	0.00158146	8.000000	0.00158146	8.000000	0.00158146	8.000000	0.00154022	8.000000	1.22312e-06	
8.500000	0.00163535	8.500000	0.00151015	8.500000	0.00155069	8.500000	0.00155069	8.500000	0.00155069	8.500000	0.00150899	8.500000	1.1602e-06	
9.000000	0.00159348	9.000000	0.00148006	9.000000	0.0015211 	9.000000	0.0015211 	9.000000	0.0015211 	9.000000	0.00147896	9.000000	1.10379e-06	
9.500000	0.00155389	9.500000	0.00145113	9.500000	0.00149265	9.500000	0.00149265	9.500000	0.00149265	9.500000	0.00145008	9.500000	1.05291e-06	
10.000000	0.00151642	10.000000	0.0013641 	10.000000	0.00146527	10.000000	0.00146527	10.000000	0.00146527	10.000000	0.00136309	10.000000	1.00676e-06	
11.000000	0.00144721	11.000000	0.00133169	11.000000	0.00139863	11.000000	0.00141622	11.000000	0.00143167	11.000000	0.00133076	11.000000	9.26218e-07	
12.000000	0.00138475	12.000000	0.00129963	12.000000	0.00133827	12.000000	0.00137087	12.000000	0.00139808	12.000000	0.00129877	12.000000	8.58219e-07	
13.000000	0.0013281 	13.000000	0.00126831	13.000000	0.00128339	13.000000	0.0013289 	13.000000	0.00136503	13.000000	0.00126751	13.000000	8.00003e-07	
14.000000	0.0012765 	14.000000	0.00123795	14.000000	0.00123332	14.000000	0.00128999	14.000000	0.00133284	14.000000	0.00123721	14.000000	7.49567e-07	
15.000000	0.00122929	15.000000	0.00120869	15.000000	0.00118752	15.000000	0.00125386	15.000000	0.0013017 	15.000000	0.00120798	15.000000	7.05423e-07	
16.000000	0.00118592	16.000000	0.00118057	16.000000	0.00114551	16.000000	0.00122025	16.000000	0.00127171	16.000000	0.0011799 	16.000000	6.66445e-07	
17.000000	0.00114594	17.000000	0.0011536 	17.000000	0.00110685	17.000000	0.00118893	17.000000	0.00124294	17.000000	0.00115296	17.000000	6.3176e-07	
18.000000	0.00110895	18.000000	0.00112776	18.000000	0.0010712 	18.000000	0.00115969	18.000000	0.00121532	18.000000	0.00112716	18.000000	6.00686e-07	
19.000000	0.00107463	19.000000	0.00110303	19.000000	0.00103826	19.000000	0.00113236	19.000000	0.00118893	19.000000	0.00110246	19.000000	5.72676e-07	
20.000000	0.00104268	20.000000	0.00107936	20.000000	0.0010078 	20.000000	0.00110677	20.000000	0.00116377	20.000000	0.00107881	20.000000	5.47292e-07	
21.000000	0.00101286	21.000000	0.0010567 	21.000000	0.00097957	21.000000	0.00108279	21.000000	0.00113966	21.000000	0.00105618	21.000000	5.24174e-07	
22.000000	0.000984957	22.000000	0.00103501	22.000000	0.000953325	22.000000	0.00106027	22.000000	0.00111672	22.000000	0.00103451	22.000000	5.03027e-07	
23.000000	0.000958789	23.000000	0.00101424	23.000000	0.000928903	23.000000	0.00103911	23.000000	0.00109481	23.000000	0.00101375	23.000000	4.83604e-07	
24.000000	0.000934193	24.000000	0.000994326	24.000000	0.000906182	24.000000	0.00101919	24.000000	0.00107393	24.000000	0.00099386	24.000000	4.65701e-07	
25.000000	0.000911027	25.000000	0.000975236	25.000000	0.000885029	25.000000	0.00100044	25.000000	0.00105402	25.000000	0.000974786	25.000000	4.49142e-07	
27.000000	0.000868496	27.000000	0.000939336	27.000000	0.000846867	27.000000	0.00096608	27.000000	0.00101695	27.000000	0.000938916	27.000000	4.19483e-07	
29.000000	0.000830356	29.000000	0.000906203	29.000000	0.000813458	29.000000	0.00093544	29.000000	0.000983264	29.000000	0.00090581	29.000000	3.93675e-07	
31.000000	0.000795941	31.000000	0.000875545	31.000000	0.000786707	31.000000	0.000904701	31.000000	0.000946044	31.000000	0.000875173	31.000000	3.71003e-07	
33.000000	0.000764713	33.000000	0.0008471 	33.000000	0.00076463	33.000000	0.000873338	33.000000	0.000906288	33.000000	0.000846749	33.000000	3.50918e-07	
35.000000	0.000736235	35.000000	0.000820642	35.000000	0.000743944	35.000000	0.000844333	35.000000	0.000870355	35.000000	0.000820309	35.000000	3.32995e-07	
38.000000	0.000697907	38.000000	0.000784254	38.000000	0.000715138	38.000000	0.000804682	38.000000	0.000822397	38.000000	0.000783944	38.000000	3.09448e-07	
41.000000	0.000664004	41.000000	0.000751324	41.000000	0.000688768	41.000000	0.000769021	41.000000	0.000780279	41.000000	0.000751035	41.000000	2.89154e-07	
44.000000	0.00063378	44.000000	0.000721383	44.000000	0.000664589	44.000000	0.000736764	44.000000	0.000742891	44.000000	0.000721112	44.000000	2.71472e-07	
47.000000	0.000606648	47.000000	0.000694041	47.000000	0.000642237	47.000000	0.000707439	47.000000	0.000709438	47.000000	0.000693785	47.000000	2.55922e-07	
50.000000	0.000582145	50.000000	0.000668972	50.000000	0.000621599	50.000000	0.000680656	50.000000	0.000679303	50.000000	0.00066873	50.000000	2.42135e-07	
55.000000	0.000546156	55.000000	0.000631517	55.000000	0.000590547	55.000000	0.000640822	55.000000	0.000635117	55.000000	0.000631295	55.000000	2.22318e-07	
60.000000	0.000515111	60.000000	0.000598612	60.000000	0.000562865	60.000000	0.000605998	60.000000	0.000597035	60.000000	0.000598407	60.000000	2.05629e-07	
65.000000	0.00048803	65.000000	0.00056947	65.000000	0.00053815	65.000000	0.000575289	65.000000	0.000563866	65.000000	0.000569279	65.000000	1.91371e-07	
70.000000	0.000464177	70.000000	0.000543477	70.000000	0.0005159 	70.000000	0.000548001	70.000000	0.000534681	70.000000	0.000543298	70.000000	1.79043e-07	
75.000000	0.000442994	75.000000	0.000520146	75.000000	0.000495809	75.000000	0.000523592	75.000000	0.000510634	75.000000	0.000519978	75.000000	1.68273e-07	
80.000000	0.000424042	80.000000	0.000499086	80.000000	0.000477532	80.000000	0.000501628	80.000000	0.000489188	80.000000	0.000498927	80.000000	1.58778e-07	
85.000000	0.000406979	85.000000	0.000479979	85.000000	0.000460899	85.000000	0.000481758	85.000000	0.000469915	85.000000	0.000479829	85.000000	1.50341e-07	
90.000000	0.000391526	90.000000	0.000462565	90.000000	0.000445589	90.000000	0.000463697	90.000000	0.000452528	90.000000	0.000462422	90.000000	1.42794e-07	
95.000000	0.000377459	95.000000	0.000446628	95.000000	0.00043155	95.000000	0.000447209	95.000000	0.000436767	95.000000	0.000446492	95.000000	1.35999e-07	
100.000000	0.000364596	100.000000	0.000431987	100.000000	0.00041858	100.000000	0.000432098	100.000000	0.000422401	100.000000	0.000431857	100.000000	1.29849e-07	
105.000000	0.000352784	105.000000	0.000418489	105.000000	0.000406611	105.000000	0.000418198	105.000000	0.000409244	105.000000	0.000418365	105.000000	1.24255e-07	
110.000000	0.000341894	110.000000	0.000406007	110.000000	0.000395443	110.000000	0.000405371	110.000000	0.000397184	110.000000	0.000405888	110.000000	1.19143e-07	
115.000000	0.000331821	115.000000	0.000394429	115.000000	0.000385095	115.000000	0.000393497	115.000000	0.00038601	115.000000	0.000394315	115.000000	1.14452e-07	
120.000000	0.000322472	120.000000	0.000383661	120.000000	0.00037544	120.000000	0.000382475	120.000000	0.000375708	120.000000	0.000383551	120.000000	1.10133e-07	
125.000000	0.000313771	125.000000	0.00037362	125.000000	0.000366376	125.000000	0.000372216	125.000000	0.000366126	125.000000	0.000373514	125.000000	1.06141e-07	
130.000000	0.00030565	130.000000	0.000364236	130.000000	0.000357909	130.000000	0.000362645	130.000000	0.00035724	130.000000	0.000364134	130.000000	1.02441e-07	
135.000000	0.000298052	135.000000	0.000355447	135.000000	0.00034996	135.000000	0.000353696	135.000000	0.000348923	135.000000	0.000355348	135.000000	9.90011e-08	
140.000000	0.000290925	140.000000	0.000347197	140.000000	0.000342471	140.000000	0.000345309	140.000000	0.00034118	140.000000	0.000347101	140.000000	9.57945e-08	
145.000000	0.000284227	145.000000	0.000339439	145.000000	0.000335414	145.000000	0.000337435	145.000000	0.000333883	145.000000	0.000339346	145.000000	9.27978e-08	
150.000000	0.000277919	150.000000	0.00033213	150.000000	0.000328763	150.000000	0.000330027	150.000000	0.00032706	150.000000	0.00033204	150.000000	8.99909e-08	
155.000000	0.00026879	155.000000	0.000325233	155.000000	0.000322469	155.000000	0.000323047	155.000000	0.000320615	155.000000	0.000325145	155.000000	8.7356e-08	
160.000000	0.000263568	160.000000	0.000318713	160.000000	0.000316503	160.000000	0.000316459	160.000000	0.000314538	160.000000	0.000318628	160.000000	8.48775e-08	
165.000000	0.000258628	165.000000	0.000312542	165.000000	0.000310846	165.000000	0.00031023	165.000000	0.000308807	165.000000	0.000312459	165.000000	8.25418e-08	
170.000000	0.000253947	170.000000	0.000306691	170.000000	0.000305485	170.000000	0.000304334	170.000000	0.000303355	170.000000	0.000306611	170.000000	8.03365e-08	
175.000000	0.000249504	175.000000	0.000301138	175.000000	0.000300391	175.000000	0.000298743	175.000000	0.000298207	175.000000	0.000301059	175.000000	7.82511e-08	
180.000000	0.000245283	180.000000	0.000295859	180.000000	0.000295532	180.000000	0.000293436	180.000000	0.000293323	180.000000	0.000295783	180.000000	7.62757e-08	
185.000000	0.000241266	185.000000	0.000290835	185.000000	0.000290904	185.000000	0.000288391	185.000000	0.000288665	185.000000	0.000290761	185.000000	7.44019e-08	
190.000000	0.000237438	190.000000	0.000286049	190.000000	0.000286497	190.000000	0.00028359	190.000000	0.000284247	190.000000	0.000285977	190.000000	7.26217e-08	
195.000000	0.000233788	195.000000	0.000281484	195.000000	0.000282284	195.000000	0.000279016	195.000000	0.000280037	195.000000	0.000281413	195.000000	7.09284e-08	
200.000000	0.000230301	200.000000	0.000277125	200.000000	0.00027825	200.000000	0.000274654	200.000000	0.000276006	200.000000	0.000277056	200.000000	6.93156e-08	
210.000000	0.000223778	210.000000	0.000268973	210.000000	0.000270709	210.000000	0.000266508	210.000000	0.000268508	210.000000	0.000268907	210.000000	6.63092e-08	
220.000000	0.000217794	220.000000	0.000261499	220.000000	0.000263769	220.000000	0.000259054	220.000000	0.000261613	220.000000	0.000261435	220.000000	6.35631e-08	
230.000000	0.000212282	230.000000	0.000254622	230.000000	0.00025738	230.000000	0.00025221	230.000000	0.000255294	230.000000	0.000254561	230.000000	6.10443e-08	
240.000000	0.00020719	240.000000	0.000248274	240.000000	0.000251473	240.000000	0.000245904	240.000000	0.000249452	240.000000	0.000248216	240.000000	5.87255e-08	
250.000000	0.000202471	250.000000	0.000242398	250.000000	0.000246007	250.000000	0.000240077	250.000000	0.000244056	250.000000	0.000242342	250.000000	5.65833e-08	
260.000000	0.000198084	260.000000	0.000236944	260.000000	0.000240917	260.000000	0.000234677	260.000000	0.000239038	260.000000	0.00023689	260.000000	5.45982e-08	
270.000000	0.000193997	270.000000	0.000231869	270.000000	0.000236164	270.000000	0.000229661	270.000000	0.00023438	270.000000	0.000231816	270.000000	5.27531e-08	
280.000000	0.00019018	280.000000	0.000227135	280.000000	0.000231743	280.000000	0.00022499	280.000000	0.000230022	280.000000	0.000227084	280.000000	5.10336e-08	
290.000000	0.000186606	290.000000	0.000222711	290.000000	0.000227595	290.000000	0.00022063	290.000000	0.000225966	290.000000	0.000222661	290.000000	4.94272e-08	
300.000000	0.000183253	300.000000	0.000218566	300.000000	0.000223714	300.000000	0.000216552	300.000000	0.000222144	300.000000	0.000218518	300.000000	4.79228e-08	
310.000000	0.000180102	310.000000	0.000214677	310.000000	0.000220076	310.000000	0.000212731	310.000000	0.000218571	310.000000	0.00021463	310.000000	4.65109e-08	
320.000000	0.000177135	320.000000	0.00021102	320.000000	0.000216642	320.000000	0.000209144	320.000000	0.000215206	320.000000	0.000210975	320.000000	4.51831e-08	
330.000000	0.000174337	330.000000	0.000207577	330.000000	0.000213408	330.000000	0.000205771	330.000000	0.000212035	330.000000	0.000207533	330.000000	4.39321e-08	
340.000000	0.000171693	340.000000	0.00020433	340.000000	0.000210363	340.000000	0.000202593	340.000000	0.000209054	340.000000	0.000204287	340.000000	4.27512e-08	
350.000000	0.000169192	350.000000	0.000201262	350.000000	0.000207488	350.000000	0.000199596	350.000000	0.000206222	350.000000	0.000201221	350.000000	4.16347e-08	
360.000000	0.000166823	360.000000	0.000198361	360.000000	0.000204761	360.000000	0.000196764	360.000000	0.000203549	360.000000	0.00019832	360.000000	4.05773e-08	
370.000000	0.000164574	370.000000	0.000195613	370.000000	0.000202173	370.000000	0.000194085	370.000000	0.000201028	370.000000	0.000195573	370.000000	3.95744e-08	
380.000000	0.000162439	380.000000	0.000193007	380.000000	0.000199722	380.000000	0.000191547	380.000000	0.00019862	380.000000	0.000192968	380.000000	3.86219e-08	
390.000000	0.000160408	390.000000	0.000190532	390.000000	0.000197395	390.000000	0.000189141	390.000000	0.00019634	390.000000	0.000190495	390.000000	3.7716e-08	
400.000000	0.000158475	400.000000	0.00018818	400.000000	0.000195174	400.000000	0.000186856	400.000000	0.00019418	400.000000	0.000188143	400.000000	3.68533e-08	
410.000000	0.000156632	410.000000	0.000185942	410.000000	0.000193061	410.000000	0.000184684	410.000000	0.00019211	410.000000	0.000185906	410.000000	3.60307e-08	
420.000000	0.000154874	420.000000	0.00018381	420.000000	0.000191057	420.000000	0.000182617	420.000000	0.000190142	420.000000	0.000183775	420.000000	3.52455e-08	
430.000000	0.000153196	430.000000	0.000181777	430.000000	0.00018915	430.000000	0.000180649	430.000000	0.000188271	430.000000	0.000181743	430.000000	3.44952e-08	
440.000000	0.000151591	440.000000	0.000179837	440.000000	0.000187326	440.000000	0.000178772	440.000000	0.00018648	440.000000	0.000179804	440.000000	3.37774e-08	
450.000000	0.000150057	450.000000	0.000177984	450.000000	0.000185578	450.000000	0.000176981	450.000000	0.000184766	450.000000	0.000177951	450.000000	3.30901e-08	
460.000000	0.000148587	460.000000	0.000176213	460.000000	0.000183902	460.000000	0.000175271	460.000000	0.00018313	460.000000	0.000176181	460.000000	3.24313e-08	
470.000000	0.000147179	470.000000	0.000174518	470.000000	0.000182298	470.000000	0.000173636	470.000000	0.00018157	470.000000	0.000174487	470.000000	3.17992e-08	
480.000000	0.000145829	480.000000	0.000172896	480.000000	0.000180766	480.000000	0.000172072	480.000000	0.000180066	480.000000	0.000172864	480.000000	3.11923e-08	
490.000000	0.000144534	490.000000	0.000171341	490.000000	0.000179304	490.000000	0.000170575	490.000000	0.000178626	490.000000	0.00017131	490.000000	3.0609e-08	
500.000000	0.00014329	500.000000	0.00016985	500.000000	0.000177903	500.000000	0.000169141	500.000000	0.000177249	500.000000	0.00016982	500.000000	3.0048e-08	
520.000000	0.000140946	520.000000	0.000167046	520.000000	0.000175257	520.000000	0.000166446	520.000000	0.000174655	520.000000	0.000167017	520.000000	2.89879e-08	
540.000000	0.000138777	540.000000	0.000164458	540.000000	0.000172813	540.000000	0.000163963	540.000000	0.000172258	540.000000	0.00016443	540.000000	2.80028e-08	
560.000000	0.000136766	560.000000	0.000162064	560.000000	0.000170557	560.000000	0.000161669	560.000000	0.000170043	560.000000	0.000162037	560.000000	2.7085e-08	
580.000000	0.000134897	580.000000	0.000159845	580.000000	0.000168466	580.000000	0.000159546	580.000000	0.000167982	580.000000	0.000159819	580.000000	2.62277e-08	
600.000000	0.000133157	600.000000	0.000157784	600.000000	0.000166519	600.000000	0.000157576	600.000000	0.000166076	600.000000	0.000157759	600.000000	2.5425e-08	
620.000000	0.000131534	620.000000	0.000155866	620.000000	0.000164702	620.000000	0.000155744	620.000000	0.000164291	620.000000	0.000155842	620.000000	2.46719e-08	
640.000000	0.000130018	640.000000	0.000154079	640.000000	0.00016301	640.000000	0.000154039	640.000000	0.000162633	640.000000	0.000154055	640.000000	2.39637e-08	
660.000000	0.000128601	660.000000	0.00015241	660.000000	0.000161432	660.000000	0.000152448	660.000000	0.000161084	660.000000	0.000152386	660.000000	2.32966e-08	
680.000000	0.000127273	680.000000	0.00015085	680.000000	0.000159957	680.000000	0.000150962	680.000000	0.000159631	680.000000	0.000150827	680.000000	2.26671e-08	
700.000000	0.000126028	700.000000	0.00014939	700.000000	0.000158576	700.000000	0.000149572	700.000000	0.000158274	700.000000	0.000149367	700.000000	2.20719e-08	
720.000000	0.000124859	720.000000	0.000148021	720.000000	0.000157281	720.000000	0.000148269	720.000000	0.000156997	720.000000	0.000148  	720.000000	2.15083e-08	
740.000000	0.000123761	740.000000	0.000146737	740.000000	0.000156066	740.000000	0.000147047	740.000000	0.000155797	740.000000	0.000146716	740.000000	2.0974e-08	
760.000000	0.000122728	760.000000	0.000145531	760.000000	0.000154926	760.000000	0.0001459 	760.000000	0.000154673	760.000000	0.000145511	760.000000	2.04665e-08	
780.000000	0.000121755	780.000000	0.000144398	780.000000	0.000153851	780.000000	0.000144821	780.000000	0.00015361	780.000000	0.000144378	780.000000	1.99839e-08	
800.000000	0.000120839	800.000000	0.000143331	800.000000	0.000152836	800.000000	0.000143805	800.000000	0.000152608	800.000000	0.000143311	800.000000	1.95244e-08	
820.000000	0.000119976	820.000000	0.000142327	820.000000	0.000151877	820.000000	0.000142848	820.000000	0.000151667	820.000000	0.000142307	820.000000	1.90863e-08	
840.000000	0.000119161	840.000000	0.00014138	840.000000	0.000150972	840.000000	0.000141945	840.000000	0.000150777	840.000000	0.000141361	840.000000	1.86682e-08	
860.000000	0.000118392	860.000000	0.000140488	860.000000	0.000150118	860.000000	0.000141094	860.000000	0.000149932	860.000000	0.000140469	860.000000	1.82688e-08	
880.000000	0.000117667	880.000000	0.000139646	880.000000	0.000149311	880.000000	0.000140289	880.000000	0.000149137	880.000000	0.000139628	880.000000	1.78867e-08	
900.000000	0.000116981	900.000000	0.000138851	900.000000	0.000148548	900.000000	0.000139528	900.000000	0.000148387	900.000000	0.000138833	900.000000	1.75208e-08	
920.000000	0.000116333	920.000000	0.0001381 	920.000000	0.000147826	920.000000	0.000138808	920.000000	0.000147671	920.000000	0.000138083	920.000000	1.71702e-08	
940.000000	0.000115721	940.000000	0.000137391	940.000000	0.000147142	940.000000	0.000138127	940.000000	0.000146994	940.000000	0.000137374	940.000000	1.68339e-08	
960.000000	0.000115142	960.000000	0.000136721	960.000000	0.000146493	960.000000	0.000137481	960.000000	0.000146354	960.000000	0.000136704	960.000000	1.65109e-08	
980.000000	0.000114595	980.000000	0.000136087	980.000000	0.000145877	980.000000	0.000136869	980.000000	0.000145748	980.000000	0.000136071	980.000000	1.62006e-08	
1000.000000	0.000114078	1000.000000	0.000135488	1000.000000	0.000145291	1000.000000	0.000136289	1000.000000	0.000145168	1000.000000	0.000135472	1000.000000	1.59022e-08	
1020.000000	0.000113589	1020.000000	0.000134921	1020.000000	0.000144735	1020.000000	0.000135738	1020.000000	0.000144616	1020.000000	0.000134905	1020.000000	1.5615e-08	
1040.000000	0.000113126	1040.000000	0.000134384	1040.000000	0.000144208	1040.000000	0.000135215	1040.000000	0.000144094	1040.000000	0.000134369	1040.000000	1.53384e-08	
1060.000000	0.000112689	1060.000000	0.000133877	1060.000000	0.000143707	1060.000000	0.000134718	1060.000000	0.000143599	1060.000000	0.000133862	1060.000000	1.50717e-08	
1080.000000	0.000112276	1080.000000	0.000133397	1080.000000	0.000143231	1080.000000	0.000134246	1080.000000	0.000143123	1080.000000	0.000133382	1080.000000	1.48146e-08	
1100.000000	0.000111885	1100.000000	0.000132943	1100.000000	0.000142777	1100.000000	0.000133798	1100.000000	0.000142672	1100.000000	0.000132929	1100.000000	1.45663e-08	
1120.000000	0.000111516	1120.000000	0.000132514	1120.000000	0.000142346	1120.000000	0.000133371	1120.000000	0.000142244	1120.000000	0.000132499	1120.000000	1.43266e-08	
1140.000000	0.000111167	1140.000000	0.000132108	1140.000000	0.000141935	1140.000000	0.000132965	1140.000000	0.000141838	1140.000000	0.000132093	1140.000000	1.40949e-08	
1160.000000	0.000110838	1160.000000	0.000131724	1160.000000	0.000141543	1160.000000	0.000132579	1160.000000	0.000141449	1160.000000	0.00013171	1160.000000	1.38709e-08	
1180.000000	0.000110528	1180.000000	0.00013136	1180.000000	0.000141169	1180.000000	0.000132211	1180.000000	0.000141078	1180.000000	0.000131347	1180.000000	1.36542e-08	
1200.000000	0.000110236	1200.000000	0.000131017	1200.000000	0.000140814	1200.000000	0.000131861	1200.000000	0.000140725	1200.000000	0.000131004	1200.000000	1.34443e-08	
1220.000000	0.00010996	1220.000000	0.000130693	1220.000000	0.000140475	1220.000000	0.000131528	1220.000000	0.000140389	1220.000000	0.00013068	1220.000000	1.32411e-08	
1240.000000	0.000109701	1240.000000	0.000130387	1240.000000	0.000140152	1240.000000	0.00013121	1240.000000	0.000140071	1240.000000	0.000130374	1240.000000	1.30442e-08	
1260.000000	0.000109457	1260.000000	0.000130099	1260.000000	0.000139845	1260.000000	0.000130907	1260.000000	0.000139765	1260.000000	0.000130086	1260.000000	1.28532e-08	
1280.000000	0.000109228	1280.000000	0.000129827	1280.000000	0.000139551	1280.000000	0.000130619	1280.000000	0.000139472	1280.000000	0.000129814	1280.000000	1.2668e-08	
1300.000000	0.000109013	1300.000000	0.00012957	1300.000000	0.000139272	1300.000000	0.000130345	1300.000000	0.000139194	1300.000000	0.000129558	1300.000000	1.24882e-08	
1320.000000	0.000108811	1320.000000	0.000129329	1320.000000	0.000139006	1320.000000	0.000130083	1320.000000	0.00013893	1320.000000	0.000129316	1320.000000	1.23136e-08	
1340.000000	0.000108623	1340.000000	0.000129102	1340.000000	0.000138752	1340.000000	0.000129833	1340.000000	0.000138679	1340.000000	0.000129089	1340.000000	1.2144e-08	
1360.000000	0.000108447	1360.000000	0.000128888	1360.000000	0.00013851	1360.000000	0.000129596	1360.000000	0.000138438	1360.000000	0.000128876	1360.000000	1.19793e-08	
1380.000000	0.000108284	1380.000000	0.000128688	1380.000000	0.00013828	1380.000000	0.000129369	1380.000000	0.000138207	1380.000000	0.000128676	1380.000000	1.1819e-08	
1400.000000	0.000108131	1400.000000	0.0001285 	1400.000000	0.000138059	1400.000000	0.000129153	1400.000000	0.000137987	1400.000000	0.000128489	1400.000000	1.16632e-08	
1420.000000	0.00010799	1420.000000	0.000128325	1420.000000	0.000137849	1420.000000	0.000128947	1420.000000	0.000137779	1420.000000	0.000128313	1420.000000	1.15116e-08	
1440.000000	0.000107859	1440.000000	0.000128161	1440.000000	0.000137649	1440.000000	0.000128751	1440.000000	0.00013758	1440.000000	0.00012815	1440.000000	1.1364e-08	
1460.000000	0.000107739	1460.000000	0.000128008	1460.000000	0.000137457	1460.000000	0.000128564	1460.000000	0.000137391	1460.000000	0.000127997	1460.000000	1.12203e-08	
1480.000000	0.000107629	1480.000000	0.000127866	1480.000000	0.000137274	1480.000000	0.000128386	1480.000000	0.000137209	1480.000000	0.000127855	1480.000000	1.10803e-08	
1500.000000	0.000107528	1500.000000	0.000127734	1500.000000	0.0001371 	1500.000000	0.000128217	1500.000000	0.000137035	1500.000000	0.000127723	1500.000000	1.09439e-08	
1520.000000	0.000107436	1520.000000	0.000127612	1520.000000	0.000136934	1520.000000	0.000128055	1520.000000	0.000136872	1520.000000	0.000127601	1520.000000	1.0811e-08	
1540.000000	0.000107353	1540.000000	0.0001275 	1540.000000	0.000136776	1540.000000	0.000127901	1540.000000	0.000136716	1540.000000	0.000127489	1540.000000	1.06813e-08	
1560.000000	0.000107278	1560.000000	0.000127396	1560.000000	0.000136625	1560.000000	0.000127755	1560.000000	0.000136568	1560.000000	0.000127386	1560.000000	1.05549e-08	
1580.000000	0.000107212	1580.000000	0.000127301	1580.000000	0.000136481	1580.000000	0.000127615	1580.000000	0.000136428	1580.000000	0.000127291	1580.000000	1.04315e-08	
1600.000000	0.000107154	1600.000000	0.000127215	1600.000000	0.000136345	1600.000000	0.000127483	1600.000000	0.000136293	1600.000000	0.000127205	1600.000000	1.03111e-08	
1620.000000	0.000107103	1620.000000	0.000127137	1620.000000	0.000136215	1620.000000	0.000127357	1620.000000	0.000136164	1620.000000	0.000127127	1620.000000	1.01935e-08	
1640.000000	0.00010706	1640.000000	0.000127067	1640.000000	0.000136091	1640.000000	0.000127237	1640.000000	0.000136042	1640.000000	0.000127057	1640.000000	1.00786e-08	
1660.000000	0.000107024	1660.000000	0.000127004	1660.000000	0.000135974	1660.000000	0.000127123	1660.000000	0.000135926	1660.000000	0.000126994	1660.000000	9.96647e-09	
1680.000000	0.000106995	1680.000000	0.000126949	1680.000000	0.000135862	1680.000000	0.000127015	1680.000000	0.000135816	1680.000000	0.000126939	1680.000000	9.85685e-09	
1700.000000	0.000106973	1700.000000	0.0001269 	1700.000000	0.000135756	1700.000000	0.000126912	1700.000000	0.000135712	1700.000000	0.00012689	1700.000000	9.74971e-09	
1750.000000	0.000106945	1750.000000	0.000126808	1750.000000	0.000135513	1750.000000	0.000126678	1750.000000	0.000135472	1750.000000	0.000126799	1750.000000	9.49213e-09	
1800.000000	0.000106955	1800.000000	0.000126756	1800.000000	0.0001353 	1800.000000	0.000126474	1800.000000	0.000135262	1800.000000	0.000126746	1800.000000	9.24829e-09	
1850.000000	0.000106999	1850.000000	0.000126739	1850.000000	0.000135113	1850.000000	0.000126297	1850.000000	0.000135081	1850.000000	0.00012673	1850.000000	9.0171e-09	
1900.000000	0.000107076	1900.000000	0.000126755	1900.000000	0.000134951	1900.000000	0.000126145	1900.000000	0.000134923	1900.000000	0.000126746	1900.000000	8.79759e-09	
1950.000000	0.000107183	1950.000000	0.000126802	1950.000000	0.000134811	1950.000000	0.000126014	1950.000000	0.000134787	1950.000000	0.000126793	1950.000000	8.58889e-09	
2000.000000	0.000107319	2000.000000	0.000126876	2000.000000	0.000134692	2000.000000	0.000125905	2000.000000	0.000134673	2000.000000	0.000126868	2000.000000	8.3902e-09	
2100.000000	0.000107667	2100.000000	0.000127103	2100.000000	0.000134512	2100.000000	0.00012574	2100.000000	0.000134497	2100.000000	0.000127095	2100.000000	8.0201e-09	
2200.000000	0.000108107	2200.000000	0.00012742	2200.000000	0.000134397	2200.000000	0.000125637	2200.000000	0.000134386	2200.000000	0.000127412	2200.000000	7.68235e-09	
2300.000000	0.00010863	2300.000000	0.000127816	2300.000000	0.000134335	2300.000000	0.000125586	2300.000000	0.000134325	2300.000000	0.000127808	2300.000000	7.37282e-09	
2400.000000	0.000109225	2400.000000	0.00012828	2400.000000	0.000134317	2400.000000	0.000125579	2400.000000	0.00013431	2400.000000	0.000128273	2400.000000	7.08808e-09	
2500.000000	0.000109886	2500.000000	0.000128806	2500.000000	0.000134335	2500.000000	0.00012561	2500.000000	0.000134331	2500.000000	0.000128799	2500.000000	6.82525e-09	
2600.000000	0.000110607	2600.000000	0.000129384	2600.000000	0.000134384	2600.000000	0.000125673	2600.000000	0.000134386	2600.000000	0.000129378	2600.000000	6.58185e-09	
2700.000000	0.00011138	2700.000000	0.000130011	2700.000000	0.000134461	2700.000000	0.000125762	2700.000000	0.000134466	2700.000000	0.000130004	2700.000000	6.35579e-09	
2800.000000	0.000112203	2800.000000	0.00013068	2800.000000	0.000134561	2800.000000	0.000125874	2800.000000	0.000134572	2800.000000	0.000130673	2800.000000	6.14525e-09	
2900.000000	0.00011307	2900.000000	0.000131386	2900.000000	0.000134682	2900.000000	0.000126006	2900.000000	0.000134695	2900.000000	0.00013138	2900.000000	5.94868e-09	
3000.000000	0.000113978	3000.000000	0.000132127	3000.000000	0.00013482	3000.000000	0.000126155	3000.000000	0.000134837	3000.000000	0.000132121	3000.000000	5.7647e-09	
3200.000000	0.000115906	3200.000000	0.000133697	3200.000000	0.000135139	3200.000000	0.000126493	3200.000000	0.000135161	3200.000000	0.000133692	3200.000000	5.42996e-09	
3400.000000	0.000117964	3400.000000	0.000135368	3400.000000	0.000135502	3400.000000	0.000126873	3400.000000	0.000135527	3400.000000	0.000135363	3400.000000	5.13314e-09	
3600.000000	0.000120137	3600.000000	0.000137123	3600.000000	0.000135897	3600.000000	0.000127284	3600.000000	0.000135925	3600.000000	0.000137118	3600.000000	4.86809e-09	
3800.000000	0.000122411	3800.000000	0.000138947	3800.000000	0.000136315	3800.000000	0.000127716	3800.000000	0.000136344	3800.000000	0.000138942	3800.000000	4.6299e-09	
4000.000000	0.000124776	4000.000000	0.00014083	4000.000000	0.000136749	4000.000000	0.000128163	4000.000000	0.000136779	4000.000000	0.000140825	4000.000000	4.41465e-09	
4200.000000	0.000127223	4200.000000	0.000142763	4200.000000	0.000137193	4200.000000	0.00012862	4200.000000	0.000137224	4200.000000	0.000142758	4200.000000	4.21915e-09	
4400.000000	0.000129745	4400.000000	0.000144738	4400.000000	0.000137643	4400.000000	0.000129083	4400.000000	0.000137675	4400.000000	0.000144734	4400.000000	4.04076e-09	
4600.000000	0.000132336	4600.000000	0.00014675	4600.000000	0.000138096	4600.000000	0.00012955	4600.000000	0.00013813	4600.000000	0.000146746	4600.000000	3.87732e-09	
4800.000000	0.00013499	4800.000000	0.000148794	4800.000000	0.00013855	4800.000000	0.000130017	4800.000000	0.000138585	4800.000000	0.00014879	4800.000000	3.727e-09 	
5000.000000	0.000137705	5000.000000	0.000150865	5000.000000	0.000139003	5000.000000	0.000130483	5000.000000	0.00013904	5000.000000	0.000150861	5000.000000	3.58826e-09	
5250.000000	0.000141177	5250.000000	0.000153487	5250.000000	0.000139565	5250.000000	0.000131062	5250.000000	0.000139604	5250.000000	0.000153483	5250.000000	3.42917e-09	
5500.000000	0.000144731	5500.000000	0.000156141	5500.000000	0.000140123	5500.000000	0.000131636	5500.000000	0.000140163	5500.000000	0.000156137	5500.000000	3.28401e-09	
6000.000000	0.000152066	6000.000000	0.000161526	6000.000000	0.000141217	6000.000000	0.000132762	6000.000000	0.000141259	6000.000000	0.000161523	6000.000000	3.02872e-09	
6500.000000	0.000159679	6500.000000	0.00016699	6500.000000	0.000142275	6500.000000	0.000133852	6500.000000	0.00014232	6500.000000	0.000166987	6500.000000	2.81134e-09	
7000.000000	0.000167549	7000.000000	0.000172514	7000.000000	0.000143295	7000.000000	0.000134904	7000.000000	0.000143342	7000.000000	0.000172511	7000.000000	2.62394e-09	
7500.000000	0.000175659	7500.000000	0.000178082	7500.000000	0.000144276	7500.000000	0.000135918	7500.000000	0.000144324	7500.000000	0.00017808	7500.000000	2.46067e-09	
8000.000000	0.000183996	8000.000000	0.000183684	8000.000000	0.00014522	8000.000000	0.000136893	8000.000000	0.000145267	8000.000000	0.000183682	8000.000000	2.3171e-09	
8500.000000	0.000192552	8500.000000	0.000189311	8500.000000	0.000146124	8500.000000	0.000137832	8500.000000	0.000146172	8500.000000	0.000189309	8500.000000	2.18983e-09	
9000.000000	0.000201319	9000.000000	0.000194957	9000.000000	0.000146989	9000.000000	0.000138735	9000.000000	0.000147041	9000.000000	0.000194955	9000.000000	2.07622e-09	
9500.000000	0.000210291	9500.000000	0.000200617	9500.000000	0.000147821	9500.000000	0.000139604	9500.000000	0.000147876	9500.000000	0.000200615	9500.000000	1.97416e-09	
10000.000000	0.000219464	10000.000000	0.000206288	10000.000000	0.000148622	10000.000000	0.000140441	10000.000000	0.000148677	10000.000000	0.000206286	10000.000000	1.88195e-09	
11000.000000	0.000238397	11000.000000	0.000217648	11000.000000	0.000150131	11000.000000	0.000142027	11000.000000	0.000150188	11000.000000	0.000217647	11000.000000	1.72184e-09	
12000.000000	0.000258096	12000.000000	0.000229022	12000.000000	0.000151526	12000.000000	0.000143506	12000.000000	0.000151589	12000.000000	0.000229021	12000.000000	1.58754e-09	
13000.000000	0.000278545	13000.000000	0.000240397	13000.000000	0.000152827	13000.000000	0.000144889	13000.000000	0.000152891	13000.000000	0.000240396	13000.000000	1.47322e-09	
14000.000000	0.000299736	14000.000000	0.000251767	14000.000000	0.000154048	14000.000000	0.000146188	14000.000000	0.000154105	14000.000000	0.000251766	14000.000000	1.3747e-09	
15000.000000	0.000321662	15000.000000	0.000263126	15000.000000	0.000155195	15000.000000	0.000147412	15000.000000	0.00015524	15000.000000	0.000263125	15000.000000	1.28888e-09	
16000.000000	0.000344318	16000.000000	0.000274472	16000.000000	0.000156266	16000.000000	0.000148567	16000.000000	0.000156305	16000.000000	0.00027447	16000.000000	1.21344e-09	
17000.000000	0.000367703	17000.000000	0.000285801	17000.000000	0.000157266	17000.000000	0.000149662	17000.000000	0.000157306	17000.000000	0.0002858 	17000.000000	1.14658e-09	
18000.000000	0.000391813	18000.000000	0.000297113	18000.000000	0.000158204	18000.000000	0.000150702	18000.000000	0.000158249	18000.000000	0.000297112	18000.000000	1.0869e-09	
19000.000000	0.000416651	19000.000000	0.000308407	19000.000000	0.000159087	19000.000000	0.000151691	19000.000000	0.000159139	19000.000000	0.000308406	19000.000000	1.0333e-09	
20000.000000	0.000442215	20000.000000	0.000319682	20000.000000	0.000159924	20000.000000	0.000152635	20000.000000	0.000159981	20000.000000	0.000319681	20000.000000	9.84885e-10	
21000.000000	0.000468507	21000.000000	0.000330939	21000.000000	0.000160719	21000.000000	0.000153537	21000.000000	0.00016078	21000.000000	0.000330938	21000.000000	9.40929e-10	
22000.000000	0.000495528	22000.000000	0.000342176	22000.000000	0.000161472	22000.000000	0.000154401	22000.000000	0.000161537	22000.000000	0.000342175	22000.000000	9.00838e-10	
23000.000000	0.000523281	23000.000000	0.000353394	23000.000000	0.000162194	23000.000000	0.00015523	23000.000000	0.000162259	23000.000000	0.000353394	23000.000000	8.6412e-10	
24000.000000	0.000551767	24000.000000	0.000364594	24000.000000	0.000162884	24000.000000	0.000156026	24000.000000	0.000162944	24000.000000	0.000364593	24000.000000	8.30362e-10	
25000.000000	0.000580989	25000.000000	0.000375776	25000.000000	0.000163538	25000.000000	0.000156793	25000.000000	0.000163599	25000.000000	0.000375775	25000.000000	7.99216e-10	
26000.000000	0.00061095	26000.000000	0.000386939	26000.000000	0.000164162	26000.000000	0.000157531	26000.000000	0.000164224	26000.000000	0.000386938	26000.000000	7.70388e-10	
27000.000000	0.000641652	27000.000000	0.000398085	27000.000000	0.00016476	27000.000000	0.000158243	27000.000000	0.000164822	27000.000000	0.000398084	27000.000000	7.43626e-10	
28000.000000	0.000673099	28000.000000	0.000409213	28000.000000	0.000165333	28000.000000	0.000158931	28000.000000	0.000165393	28000.000000	0.000409212	28000.000000	7.18714e-10	
29000.000000	0.000705294	29000.000000	0.000420324	29000.000000	0.000165879	29000.000000	0.000159596	29000.000000	0.000165941	29000.000000	0.000420323	29000.000000	6.95464e-10	
30000.000000	0.000738239	30000.000000	0.000431418	30000.000000	0.000166403	30000.000000	0.00016024	30000.000000	0.000166466	30000.000000	0.000431417	30000.000000	6.73713e-10	
32000.000000	0.000806399	32000.000000	0.000453558	32000.000000	0.000167389	32000.000000	0.000161469	32000.000000	0.000167455	32000.000000	0.000453557	32000.000000	6.34162e-10	
34000.000000	0.000877605	34000.000000	0.000475635	34000.000000	0.000168306	34000.000000	0.000162627	34000.000000	0.000168369	34000.000000	0.000475635	34000.000000	5.99117e-10	
36000.000000	0.000951887	36000.000000	0.000497653	36000.000000	0.000169155	36000.000000	0.000163722	36000.000000	0.000169217	36000.000000	0.000497653	36000.000000	5.67844e-10	
38000.000000	0.00102928	38000.000000	0.000519614	38000.000000	0.000169943	38000.000000	0.000164761	38000.000000	0.000170006	38000.000000	0.000519613	38000.000000	5.3976e-10	
40000.000000	0.00110981	40000.000000	0.00054152	40000.000000	0.000170676	40000.000000	0.000165748	40000.000000	0.000170742	40000.000000	0.000541519	40000.000000	5.14397e-10	
42000.000000	0.00119351	42000.000000	0.000563374	42000.000000	0.000171362	42000.000000	0.000166689	42000.000000	0.00017143	42000.000000	0.000563373	42000.000000	4.91374e-10	
44000.000000	0.00128041	44000.000000	0.000585178	44000.000000	0.000172009	44000.000000	0.000167587	44000.000000	0.000172076	44000.000000	0.000585177	44000.000000	4.70378e-10	
46000.000000	0.00137056	46000.000000	0.000606934	46000.000000	0.000172622	46000.000000	0.000168447	46000.000000	0.000172683	46000.000000	0.000606933	46000.000000	4.51151e-10	
48000.000000	0.00146397	48000.000000	0.000628644	48000.000000	0.000173204	48000.000000	0.000169272	48000.000000	0.000173254	48000.000000	0.000628643	48000.000000	4.33477e-10	
50000.000000	0.00156069	50000.000000	0.00065031	50000.000000	0.000173752	50000.000000	0.000170063	50000.000000	0.000173794	50000.000000	0.000650309	50000.000000	4.17172e-10	
