-1.6102 -6.02896 741.862 1041.74 110 46 1.85643 
8.41547 -9.43653 271.944 2211.27 103 43 3.03725 
1.26545 -3.43757 206.963 2423.11 117 49 0.627379 
15.0396 -13.6357 961.831 863.629 112 47 1.79722 
26.9471 -0.800757 92.981 2803.38 112 47 0.184842 
12.3438 -4.30702 409.894 2071.42 127 53 0.740897 
6.11066 -0.802632 163.966 2451.68 115 48 2.9258 
14.1465 7.77012 503.915 1993.29 107 45 2.65219 
16.7509 -11.0416 529.865 2053.07 117 49 2.92109 
2.8011 -1.85561 895.817 932.278 115 48 0.506713 
4.14054 -19.8168 949.89 745.961 105 44 1.84587 
30.9912 1.01104 602.872 1665.38 107 45 0.0287082 
17.2462 2.48272 212.955 2677.06 117 49 1.68513 
29.9087 -12.0839 617.858 1668.31 124 52 2.82169 
-7.59345 -5.74944 274.963 2220.83 124 52 0.61521 
9.45753 3.8227 303.935 2320.41 117 49 2.97147 
10.2684 -17.5182 769.894 1714.83 117 49 3.05031 
9.28792 -7.65022 205.941 2802.01 115 48 2.77861 
10.5692 -23.5843 410.894 2126.55 115 48 0.695317 
2.44253 5.2527 110.982 2591.78 127 53 1.62381 
11.4771 8.49028 198.973 2473.89 122 51 2.6429 
-0.828801 4.30711 862.863 1364.42 110 46 2.62129 
11.4931 -6.37448 146.971 2594.99 115 48 2.80943 
-4.06221 -14.5933 36.9945 2650.31 117 49 1.87077 
28.2936 -8.22314 784.826 1112.34 117 49 2.91877 
7.69278 -20.66 282.942 2253.99 115 48 2.54888 
23.9365 11.7633 746.872 1777.08 124 52 2.31926 
6.20476 -4.33104 452.919 2125.78 115 48 2.99247 
10.7521 -0.654911 366.934 2292.31 115 48 0.121927 
17.7185 -6.69518 298.95 2172.35 115 48 2.4074 
8.91081 -6.15926 253.95 2305.18 110 46 0.248712 
14.05 -24.6799 500.916 2004.82 115 48 0.223743 
17.6465 -7.60533 372.943 2288.72 115 48 0.384799 
21.0358 -10.1847 981.838 904.536 110 46 2.97686 
20.0361 -14.1683 394.945 2203.36 107 45 0.487379 
-4.62376 -2.96172 126.973 2605.18 119 50 3.0401 
2.69489 -4.04166 855.877 1134.65 115 48 0.0638529 
11.8931 -2.89825 425.886 1901.42 117 49 0.360317 
7.46779 -3.48058 694.869 1371.26 119 50 0.635479 
11.1211 -13.082 430.952 1769.51 103 43 2.30363 
31.5404 1.98113 964.807 494.931 110 46 0.583237 
2.25584 -5.1766 722.791 1294.22 119 50 1.22774 
26.8717 -9.14868 165.957 2559.1 115 48 0.478746 
-7.86709 -8.48189 631.908 1739.55 110 46 2.95607 
-0.207579 -14.9484 75.9815 2660 117 49 1.16257 
6.96006 -5.11142 8.99725 2754.44 117 49 0.503526 
17.1102 -7.66559 672.891 1477.32 115 48 0.935323 
12.4405 -5.66309 556.869 1720.12 115 48 0.0672545 
26.063 -11.8399 55.9942 2654.1 127 53 2.08009 
3.34177 -8.63305 648.878 1420.8 115 48 1.84251 
12.3748 -18.7786 828.867 1277.74 115 48 3.06321 
12.6064 3.08567 421.903 2163.55 122 51 1.08906 
-1.9206 2.25481 317.959 2397.84 119 50 0.256293 
20.6366 -17.6427 423.925 2170.71 112 47 0.0596344 
-9.01918 -4.27779 145.966 2742.6 107 45 2.98743 
9.67645 -2.51532 516.907 1914.02 107 45 2.33379 
27.911 2.03723 303.927 2434.44 110 46 1.98278 
6.87392 -18.5129 244.948 2269.27 122 51 2.96744 
14.3247 -5.99659 445.938 1992.62 112 47 0.684355 
25.0995 -3.77024 820.874 1520.29 122 51 0.113149 
-17.3503 -11.5203 514.901 1779.37 119 50 2.87303 
-12.045 -10.9627 252.936 2440.25 127 53 1.05205 
41.8274 -5.42242 760.876 1184.8 117 49 0.69008 
16.9797 -17.6366 464.906 2042.91 105 44 2.17602 
-6.21525 -18.274 114.98 2732.19 107 45 2.36475 
5.5399 8.95579 328.949 2305.39 119 50 2.74678 
18.2261 -26.2695 897.814 1134.25 112 47 3.10538 
-4.78781 2.19053 76.9911 2678.87 117 49 0.372385 
17.876 -20.7413 816.794 1436.99 112 47 2.08487 
-4.29411 -26.4114 730.889 1266.71 112 47 2.82364 
-4.48733 -16.2521 212.958 2583.26 115 48 2.98138 
26.2458 -1.6379 849.863 1406.62 115 48 2.36981 
16.6516 7.92204 744.839 1103.32 119 50 0.249635 
12.0359 -1.992 853.835 1532.62 110 46 0.465211 
13.3373 -10.2755 834.787 1042.94 105 44 0.071486 
8.83751 9.89251 485.865 1730.13 117 49 0.628731 
5.98364 5.32551 95.9818 3012.56 112 47 1.18851 
8.46729 -27.9001 441.929 1804.01 127 53 1.44538 
3.24562 -4.42817 697.904 1487.86 119 50 2.96862 
1.22257 -3.04758 20.9956 2922.33 117 49 1.85367 
8.04839 -0.875508 567.912 1684.88 117 49 1.87542 
3.85105 -5.29369 81.981 2884.77 115 48 2.51 
12.3233 -10.52 347.954 2420.92 103 43 0.576456 
0.914261 5.20768 276.927 2537.55 112 47 0.718554 
13.0948 -8.72523 300.95 2458.48 122 51 2.13034 
14.1732 -4.0281 200.951 2788.19 107 45 0.287574 
6.31394 -18.8336 422.899 2046.72 110 46 0.738482 
12.5976 -9.25035 637.882 1426.92 117 49 2.45333 
5.76517 -1.51626 393.92 2388.21 117 49 0.647935 
20.0328 -15.18 474.847 2101.69 107 45 2.17983 
7.59135 -9.00723 350.938 2117.28 119 50 2.66857 
9.44202 -17.9885 324.936 2000.32 103 43 1.30555 
6.46183 -23.5181 688.897 1541.77 122 51 1.69606 
10.9142 -17.2638 905.871 1056.98 112 47 1.02879 
18.04 4.44735 673.861 1276.42 112 47 1.30742 
6.31951 -7.94308 326.91 2222.96 115 48 0.379214 
26.7883 -8.67393 897.775 1213.71 117 49 2.59572 
11.3908 -9.07709 877.832 681.692 112 47 2.58448 
4.62332 -7.98383 442.886 2027.51 105 44 2.764 
-0.043561 1.22592 445.923 2313.7 112 47 2.94269 
0.970402 -2.81824 77.9868 2737.93 115 48 0.939674 
0.614307 -13.6931 186.961 2464.75 107 45 1.28066 
17.8729 -6.04429 821.879 1212.09 115 48 0.166006 
-10.4342 -16.5424 424.926 1777.92 124 52 1.02904 
-5.70049 -10.5223 413.947 2068.66 119 50 2.80148 
5.14096 -4.16179 276.952 2367.66 117 49 2.404 
4.10799 -6.01521 150.965 2593.68 112 47 0.414721 
8.11617 3.29211 568.904 1693.86 115 48 0.256842 
7.15446 3.57442 300.932 2364.25 107 45 2.93359 
-4.26557 -0.282175 603.898 1351.71 110 46 0.36296 
2.38802 0.551855 791.87 1150.05 115 48 3.0003 
27.9227 -6.56028 675.827 1501.34 119 50 1.78785 
6.62015 -1.36429 9.9983 2908.64 124 52 2.64723 
10.1215 3.12254 786.826 1596.09 117 49 2.61658 
8.14652 -3.14512 909.818 896.927 119 50 1.00617 
18.391 -20.4955 514.91 1967.46 119 50 0.715396 
9.83831 -9.99119 573.899 2070.33 115 48 3.07493 
20.0426 -8.36486 731.855 1062.06 117 49 1.092 
-7.26768 -6.91494 881.804 1217.04 117 49 0.894752 
29.0754 3.30046 623.879 1665.54 119 50 2.50877 
-8.46632 -14.2206 190.971 2802.54 110 46 3.05922 
15.0348 9.85923 337.92 1889.51 112 47 0.340005 
12.4044 -12.0251 834.842 937.211 112 47 1.53569 
15.4279 -6.68538 889.841 1075.35 110 46 1.09467 
17.439 -2.68321 477.875 2095.55 124 52 2.16886 
9.87161 -6.5289 187.963 2667.56 107 45 0.760889 
-18.2149 -0.832943 224.945 2550.62 117 49 1.97805 
10.4696 4.02962 49.9903 2911.06 110 46 2.92352 
13.4571 -3.73762 399.94 2459.49 129 54 2.73316 
-1.26592 -7.1653 0 2995.06 119 50 2.98624 
27.1607 2.10377 722.823 1435.5 117 49 2.02749 
18.927 -10.7156 510.855 2031.28 110 46 2.88772 
29.4322 -10.7963 662.895 1480.46 117 49 0.460613 
15.8908 8.19395 570.897 1663.89 115 48 2.89426 
7.39272 2.39999 969.796 730.339 117 49 2.68399 
21.6532 -13.8601 759.871 1494.78 112 47 2.19033 
11.5687 -2.17823 518.915 1966.24 112 47 1.1567 
24.8501 4.70708 342.94 2253.51 115 48 1.34272 
1.52909 -16.5188 292.92 2343.38 110 46 0.62697 
6.62691 -15.4644 453.937 1789.01 110 46 0.453033 
4.11088 -10.6837 396.937 2325.3 117 49 0.229712 
-0.376881 -19.5196 447.909 2311.59 103 43 0.414005 
0.446213 -4.59235 814.874 1049.56 103 43 1.58248 
9.92747 -4.36058 517.924 1950.95 119 50 0.724982 
-10.1389 5.16854 511.941 1698.49 115 48 2.34661 
18.2851 -15.7509 494.842 2115.11 122 51 0.265675 
18.0294 -4.24438 544.91 1863.98 115 48 0.746206 
13.948 1.46863 767.908 1467.2 119 50 0.158668 
17.668 -6.76657 763.89 1004.8 124 52 2.51408 
-17.4701 -11.0148 226.952 2397.41 110 46 1.87538 
15.3977 -14.4007 774.867 1219.66 110 46 2.08301 
11.2256 1.10539 182.963 2792.84 117 49 0.259245 
32.2669 -15.5801 711.877 1380.52 119 50 1.18736 
-6.48428 7.83196 393.936 1952.95 112 47 0.0657802 
6.67622 -13.75 774.817 1106.1 105 44 0.85914 
18.9736 -16.4401 471.922 1804.79 105 44 0.533918 
7.54952 -10.6413 28.9965 2737.77 112 47 1.65439 
-1.28766 -10.3859 15.9971 2790.29 119 50 2.75931 
23.0031 -17.6224 847.875 956.462 117 49 2.88202 
10.5608 -7.95906 269.964 2279.48 115 48 2.33283 
3.42103 -4.98749 295.948 2421.88 110 46 0.758622 
3.31853 -9.77395 414.937 2046.07 117 49 1.57874 
-10.0687 -1.49476 43.9925 3047.22 110 46 2.11067 
7.98777 0.616277 482.919 1990.91 110 46 2.20367 
-1.76402 -5.76145 339.951 2135.64 110 46 1.0211 
-3.09502 -14.5737 18.9966 2864.8 119 50 2.67053 
12.3637 -8.32468 820.831 1415.1 110 46 2.93125 
11.6452 -9.12898 716.851 2003.85 122 51 0.699499 
16.4098 -7.871 643.832 1565.77 124 52 2.70323 
-4.32764 -4.41994 262.947 2071.33 112 47 3.01443 
-5.35868 1.99859 169.962 2609.58 119 50 1.04391 
-6.65345 8.77576 311.93 2153.17 119 50 3.12221 
-4.29559 -7.81764 18.9974 2915.12 110 46 2.99524 
9.40332 1.31964 325.93 2403.56 105 44 1.93865 
11.2154 -6.73202 395.94 2222 107 45 2.15642 
30.9204 -6.50082 542.881 1894.56 112 47 3.04907 
-6.11158 7.54872 0 3286.26 115 48 1.27314 
31.7579 9.2862 828.854 1301.8 110 46 2.51235 
9.81787 3.67886 663.894 1608.47 119 50 1.56172 
1.62753 8.47449 874.858 1027.98 117 49 2.38355 
-8.23597 -10.8695 67.9867 2912.42 115 48 0.0926516 
6.29085 2.31108 113.973 2760.11 110 46 1.53943 
20.1497 -14.1809 198.959 2291.94 105 44 2.16368 
14.522 -4.03479 278.936 2492.05 112 47 1.3806 
3.05 2.41508 143.982 2625.46 119 50 1.5251 
-3.89082 12.319 5.99882 3022.47 107 45 2.71158 
-21.4225 -18.3362 602.921 2071.73 124 52 2.99527 
25.8194 -6.32617 431.901 2130.53 112 47 2.65138 
10.1583 -19.0725 448.963 1788.76 107 45 2.70077 
12.166 -13.6713 497.902 1604.81 105 44 1.55875 
13.2654 -7.06522 713.793 1369.15 107 45 0.992162 
-1.78884 -15.2782 485.906 1880.17 110 46 2.69493 
-3.34936 16.1072 788.865 1211.91 107 45 2.46922 
10.6266 -0.66462 953.793 1191.77 112 47 0.122594 
15.4161 -4.27055 697.79 1746.36 115 48 2.98935 
7.98131 -4.18855 396.888 1950.6 117 49 0.155787 
17.6209 -0.545203 838.884 1167.21 119 50 0.892017 
16.9686 -2.77608 303.95 2291.7 110 46 2.93556 
13.2389 -4.20909 889.861 908.627 112 47 0.626321 
13.0142 -8.31026 86.9845 2985.73 117 49 0.59372 
8.24904 0.0302842 953.811 1001.87 127 53 1.79623 
14.1595 -6.23941 933.823 632.819 103 43 1.71486 
12.0682 -10.8533 562.892 1715.64 115 48 2.81071 
34.1187 -1.26214 832.808 1124.81 110 46 2.53808 
7.13976 -3.62406 388.929 2180.9 112 47 0.0266547 
17.8344 -7.58161 446.905 2018.76 119 50 2.15402 
19.7451 -4.97794 728.841 1703.26 107 45 0.778207 
-13.4065 -12.6736 517.872 1964.02 105 44 0.330905 
-6.8718 -2.31738 267.936 2664.95 119 50 1.05777 
10.2128 -9.25266 0 2697.14 119 50 1.73783 
11.5014 -8.17664 158.973 2537.16 110 46 2.77631 
-1.60807 -4.18178 101.981 2825.59 112 47 2.96528 
16.2551 3.28408 794.848 1283.44 117 49 2.75206 
13.8423 -8.70548 829.797 1142.65 112 47 2.12158 
24.2627 -1.32525 595.9 1650.3 112 47 3.10406 
13.318 -10.127 898.808 1301.8 119 50 2.42491 
13.0237 -16.7963 82.9858 2581.05 107 45 0.469668 
24.5618 -8.86593 685.927 901.839 129 54 2.75326 
1.57778 0.325206 687.831 1663.83 110 46 0.243356 
16.2638 -16.9087 381.923 2448.65 117 49 2.15479 
7.22708 -0.713218 359.906 2369.08 117 49 0.46661 
12.8105 -13.5639 734.848 1467.69 122 51 2.66567 
9.51807 12.4341 841.848 708.374 112 47 3.04636 
5.70315 -4.90555 349.926 2203.8 112 47 1.70841 
-0.221159 -7.25109 652.878 1538.55 110 46 2.22651 
38.2049 -17.8114 926.837 976.61 112 47 3.1155 
19.1289 9.10101 905.877 970.928 119 50 0.538654 
13.7287 -9.28829 582.891 1855.09 119 50 2.97712 
3.47334 -3.66839 424.904 2320.05 117 49 2.49912 
-8.01146 -4.42889 191.968 2413.15 117 49 0.42715 
-1.37671 0.948855 476.928 1946.73 119 50 0.146306 
13.9799 -13.7777 236.962 2523.66 103 43 3.09436 
32.9107 9.38789 815.81 977.692 103 43 2.63552 
14.7767 1.64421 338.931 2263.09 119 50 3.03741 
28.5798 -2.85072 890.868 969.753 112 47 0.710816 
2.21574 -11.2923 541.881 1629.92 107 45 2.91526 
-5.71244 -2.02487 0 2926.23 122 51 1.82726 
17.1701 -0.69616 632.859 1607.71 110 46 3.00544 
2.69022 -11.5323 136.975 2777.97 110 46 0.95947 
10.3258 -0.493933 498.895 1933.01 115 48 0.0889263 
-1.51349 -1.49244 204.956 2641.88 117 49 0.374139 
-4.28066 7.8841 358.898 2425.99 117 49 2.5297 
13.0612 -8.56732 538.873 1745.05 110 46 2.07616 
4.10224 3.44545 323.92 2224.89 112 47 1.4594 
5.66143 -13.5593 290.955 2263.83 103 43 1.58583 
-7.46684 8.47052 521.906 1983.19 110 46 0.436414 
11.1271 -5.77271 729.88 1386.29 103 43 1.68929 
-1.27757 -3.8183 207.975 2599.8 115 48 2.92758 
4.77326 -5.42625 775.866 1250.58 119 50 0.430642 
-9.92395 -12.6833 691.898 1335.79 112 47 0.108559 
5.32631 -2.62673 481.888 2162.15 117 49 1.83914 
11.9691 -18.0542 166.982 2369.36 103 43 3.14103 
11.6414 -6.88449 240.955 2580.08 112 47 1.02952 
21.0488 1.02351 407.897 2099.66 115 48 1.68025 
6.96302 -6.75732 856.802 1174.56 119 50 0.327806 
35.9257 2.40292 981.85 772.955 122 51 3.01312 
-2.23626 7.31992 840.85 1230.93 103 43 0.568876 
12.5075 -5.04049 906.798 754.131 110 46 1.65728 
10.0725 -4.2881 980.829 816.312 112 47 0.837501 
31.2146 7.73623 523.85 2237.19 112 47 0.884724 
21.7049 2.31862 684.794 1595.51 117 49 1.48385 
7.86085 -5.86036 717.856 1333.89 115 48 2.0174 
1.72795 -4.98846 67.9884 2939.52 115 48 2.79233 
-2.89631 -5.09757 194.971 2606.82 115 48 2.65869 
11.7093 2.93151 560.91 1926.33 115 48 2.28576 
-0.683725 12.4311 698.92 1958.75 115 48 3.08557 
9.32561 -1.62783 980.782 916.188 112 47 2.16934 
27.8798 2.52305 606.852 2020.22 107 45 0.855021 
27.7059 -12.3098 798.865 879.534 107 45 3.13425 
15.2625 9.50503 626.84 1582.54 112 47 2.83055 
13.7161 -4.18828 590.909 1795.99 115 48 0.0844265 
7.42571 3.36327 410.943 2104.52 112 47 0.235641 
14.1499 0.278524 974.744 573.181 122 51 0.675518 
9.85135 -15.1772 61.9897 2993.13 119 50 2.88918 
22.7249 -3.86556 573.901 2094.19 117 49 0.29047 
21.6427 -6.41813 871.885 842.65 115 48 0.616563 
17.7443 -5.25275 573.888 1682.64 110 46 0.0843329 
26.1631 3.09401 297.924 2394.41 105 44 0.162413 
8.67385 -12.8995 114.982 2918.16 105 44 2.09498 
11.589 -20.7366 533.874 1613.63 107 45 1.0837 
14.0332 1.42189 632.892 1424 103 43 0.251661 
-2.7225 3.88096 295.953 2340.44 112 47 1.76036 
25.5806 -6.25052 877.808 812.039 103 43 2.28121 
13.7362 -4.54572 530.89 1956.62 110 46 2.18421 
5.04755 -14.9866 640.891 1429.4 117 49 2.62541 
19.3485 -16.418 752.821 1210.77 122 51 1.67917 
8.27429 8.72773 371.925 1990.24 119 50 0.0671407 
13.7405 -6.67874 50.9893 2902.69 115 48 0.672504 
3.50097 -3.30627 153.975 2665.03 115 48 0.180893 
-8.95819 -8.481 903.883 1149.79 115 48 0.027255 
5.31752 3.33995 754.822 1227.54 110 46 0.396322 
11.9736 6.9303 764.883 1337.44 103 43 2.78606 
18.9393 -2.60833 919.817 968.794 112 47 2.93084 
5.50212 -6.32769 615.874 1661.63 119 50 0.365896 
-6.94587 -8.56273 345.94 1991.67 115 48 0.277239 
-0.106865 0.129738 597.875 1593.67 122 51 0.471174 
25.6951 -10.0963 139.981 2818.32 115 48 2.67689 
-12.0835 -20.7867 90.9746 2719.83 112 47 1.78704 
17.5717 -1.48078 672.871 1679.21 115 48 1.90034 
1.49428 -0.617292 390.912 1940.61 112 47 2.9126 
-5.74282 -4.91736 0 2823.91 124 52 0.436797 
27.3281 -16.2237 877.853 900.703 112 47 1.70942 
26.7158 11.7865 952.844 813.59 105 44 0.132479 
2.52779 -1.29052 377.931 2160.99 122 51 0.488953 
-14.7089 -13.3349 198.958 2480.33 117 49 1.02809 
13.1041 -5.04255 792.823 1320.38 129 54 0.0193377 
20.115 -3.03216 958.8 887.183 119 50 0.427192 
26.1299 -12.1507 844.86 1016.31 119 50 3.06791 
16.4369 1.21457 645.841 1296.17 122 51 0.172102 
12.6906 -6.23495 51.9893 2686.55 117 49 1.78362 
-8.06515 -7.5943 220.972 2518.51 117 49 0.671401 
36.9336 -1.33756 847.862 1245.46 110 46 2.32855 
-14.7405 3.90905 746.846 1324.27 119 50 0.0859267 
-11.2088 2.90742 150.981 2729.7 119 50 0.0926848 
-6.77543 -13.277 317.933 2468.65 107 45 1.40997 
-9.62722 -6.73579 212.964 2337.11 124 52 2.96618 
3.41052 -4.04144 326.918 2403.81 117 49 0.0538115 
1.68732 -0.824114 175.96 2517.97 122 51 2.90472 
15.6379 -19.312 361.915 2500.41 117 49 0.182446 
30.315 -3.81916 568.942 1861.05 107 45 2.77469 
9.87338 -3.28583 175.958 2726.45 112 47 0.0368261 
10.4483 -22.5426 814.874 1359.73 112 47 0.249445 
8.83488 -14.1221 904.863 900.131 122 51 2.55894 
6.25733 1.52657 411.908 2163.65 122 51 0.128127 
-1.11183 -3.00762 392.936 2079.09 103 43 0.350724 
-4.86365 -14.3777 740.829 1652.57 119 50 1.24902 
12.4568 3.56413 283.94 2324.1 115 48 2.13989 
-2.05446 4.95985 251.955 2569.24 103 43 0.153508 
21.0463 -13.898 852.814 1122.9 112 47 0.232218 
2.34339 -4.49666 1.99969 2969.72 107 45 0.108766 
16.407 -13.0647 228.963 2437.21 115 48 0.484266 
1.87194 1.50056 323.934 2152.9 107 45 0.105806 
9.72954 -10.037 96.9789 2780.31 112 47 2.88152 
21.7312 -1.63694 768.87 1553.42 117 49 1.09567 
21.8172 -26.4185 970.821 645.31 112 47 0.491825 
9.39115 -2.81399 816.848 1271.96 107 45 1.13867 
-0.088695 -13.7596 124.978 2543.54 112 47 0.134391 
2.16036 -6.03276 22.9968 2845.9 112 47 2.05389 
11.7281 -6.03879 149.978 2708.47 119 50 0.417965 
10.306 -5.51114 393.943 1923.51 122 51 1.09397 
15.2025 -0.674527 566.859 1865.77 124 52 0.332669 
17.5882 0.905411 474.925 1761.71 119 50 2.90597 
12.2825 -9.04814 213.953 2696.66 115 48 0.545814 
7.44942 -11.5071 887.878 1332.11 117 49 0.0314529 
-20.6476 -11.1353 367.932 2177.1 119 50 2.9739 
15.892 12.698 71.9851 2991.04 110 46 0.802443 
-3.25832 -3.2116 149.974 2867.07 117 49 1.78216 
17.4739 -10.5399 634.922 1466.17 117 49 1.15528 
-6.53625 0.644414 312.932 2127.27 119 50 3.13529 
25.6834 9.61697 830.867 1190.09 124 52 2.36211 
3.30771 -8.74059 109.971 2784.11 110 46 1.22629 
6.39399 -0.127316 623.886 1777.96 119 50 2.74509 
3.18305 3.12933 213.963 2492.95 115 48 2.9363 
-5.8301 -2.24821 216.944 2661.23 105 44 3.07811 
25.5852 -6.35771 947.746 846.709 117 49 1.91471 
11.3519 3.29943 891.91 1168.86 119 50 0.377653 
25.8739 -19.3148 370.926 2212.54 119 50 2.64622 
-4.22334 -6.70412 695.888 1472.39 112 47 1.08753 
-4.61566 -11.4442 212.947 2616.62 105 44 2.1697 
10.5023 -1.22129 916.786 806.898 115 48 1.76168 
2.80918 -2.15085 240.964 2353.57 117 49 1.1514 
4.66076 -7.9672 244.972 2445.79 117 49 2.54803 
-6.88017 -8.63809 843.876 1460.27 107 45 0.0380152 
17.8565 -13.3217 237.947 2154.8 117 49 0.727874 
0.435464 -11.4591 423.915 2021.1 117 49 2.76708 
-3.26948 -5.86456 369.917 2000.98 107 45 2.77113 
9.86037 -13.6886 489.905 1543.57 110 46 2.82778 
1.22047 7.7975 45.9894 2848.41 110 46 0.336738 
19.1242 7.60256 948.678 573.384 117 49 3.02067 
19.2517 -3.69248 673.868 1454.86 122 51 2.9856 
3.52589 -7.63465 210.968 2340.55 115 48 0.0174267 
8.35113 4.26494 876.833 823.061 110 46 0.577936 
17.501 -12.0948 594.884 1607.74 112 47 2.97712 
14.9912 0.0538716 735.844 1358.07 107 45 3.03152 
33.3704 12.7696 969.81 985.281 112 47 1.61435 
25.6439 -19.1505 0 3061.6 112 47 1.82272 
-11.5395 4.33456 386.928 2050.96 122 51 3.05857 
8.39543 -13.0328 114.983 2884.15 115 48 0.304044 
8.84892 -6.45778 778.878 1319.82 107 45 2.25354 
32.5509 2.78252 933.774 680.295 115 48 0.1614 
13.9968 8.18098 681.863 1549.82 110 46 2.15654 
14.586 -14.839 0 2972.83 103 43 2.94046 
15.9181 5.67525 504.899 2168.1 115 48 1.20397 
8.54912 -4.37147 620.905 1605.29 110 46 1.13314 
18.84 -17.1262 350.947 2283.02 119 50 0.920099 
-13.457 -17.1544 169.97 2698.51 122 51 0.77533 
11.6246 -13.2692 736.874 1234.12 122 51 0.975483 
26.8684 -8.73049 948.749 1161.68 127 53 3.0607 
3.79158 -13.0337 205.962 2495.71 129 54 2.52301 
25.0549 -7.28181 638.845 1609.96 119 50 0.74433 
9.56091 -14.0962 828.878 1149.92 110 46 2.90319 
21.6376 -3.69545 673.882 1675.08 115 48 0.411656 
9.32535 -11.5895 745.901 1409.58 105 44 2.6933 
10.3207 12.7906 654.894 1605.93 112 47 2.75669 
11.319 -11.3881 52.9889 2814.16 119 50 1.31245 
-4.68018 5.37478 210.964 2663.87 110 46 1.77819 
9.21435 2.64322 736.869 1278.33 112 47 1.8766 
10.35 -22.9378 210.958 2391.9 112 47 2.71383 
8.21923 -3.08673 650.864 1963.67 112 47 2.43021 
11.8741 -9.73214 244.956 2648.61 117 49 3.11408 
0.484704 -1.31049 797.861 1010.6 122 51 2.83323 
3.5508 -3.82303 525.904 1822.48 110 46 0.219386 
20.4902 -5.93372 818.888 1346.01 105 44 0.237275 
9.22789 2.63895 424.9 1934 115 48 2.89375 
0.330047 -5.85779 889.775 1367.53 115 48 2.48909 
19.5591 14.1286 626.856 1617.26 119 50 2.83427 
6.77177 -21.5772 330.936 2232.93 117 49 3.05654 
-1.1627 2.97807 185.975 2615.27 115 48 2.93071 
18.9692 -11.7801 511.897 1907.52 117 49 0.463478 
18.8555 -18.7393 575.9 1596.38 119 50 2.29538 
14.1441 -13.5684 830.898 1300.75 117 49 1.87092 
-17.6097 -25.2906 7.99897 2929.89 119 50 0.116498 
19.0403 -27.4038 811.856 1183.79 122 51 2.7811 
10.9748 -11.6104 219.962 2308.71 107 45 0.707707 
3.00994 -2.20512 770.831 1728.95 112 47 1.02609 
1.36695 -1.61213 143.978 2743.25 115 48 1.5296 
10.9427 -14.9904 941.816 867.474 115 48 1.76678 
10.603 2.68249 434.916 1933.82 129 54 2.02678 
-10.4528 -5.08309 386.938 2061.07 119 50 3.07538 
15.8552 -6.86737 876.845 722.473 107 45 2.50994 
8.75406 -12.1177 321.963 2275.36 110 46 2.40152 
10.6503 2.58506 678.901 1352.8 115 48 0.0456913 
0.222452 16.7991 605.886 1863.49 124 52 0.325187 
16.8773 -23.9534 747.843 1106.35 105 44 2.82928 
5.5027 -11.5779 352.923 2291.64 119 50 0.585335 
28.9619 -0.67209 784.882 1243.01 122 51 0.0816422 
-0.431782 0.882839 804.797 1213.04 122 51 0.957514 
12.4364 -2.95501 494.882 1866.53 115 48 0.963021 
14.3968 -29.3789 401.943 2167.2 105 44 0.882852 
11.5921 -9.20046 61.9906 2624.92 103 43 0.731013 
14.1668 -21.8742 806.84 1333.2 117 49 2.11813 
13.0532 -0.497722 220.969 2723.28 119 50 3.11788 
7.74703 -22.4434 294.961 2392.07 107 45 0.632765 
-5.54024 0.190027 49.9893 3002.92 115 48 2.03242 
14.1199 -5.88102 575.889 1582.48 115 48 3.03786 
-14.2385 -4.17906 153.971 2612.94 112 47 0.720219 
8.05219 -8.41122 513.899 1868.81 117 49 2.5656 
0.110276 2.09256 263.954 2685.55 115 48 0.401431 
-17.3726 -14.5887 380.923 2184.48 117 49 2.22143 
6.00841 0.11168 980.823 774.523 112 47 0.631853 
16.1625 -6.47094 841.762 1070.84 107 45 2.0711 
14.1053 -12.427 839.793 795.61 117 49 2.77104 
-1.10533 -18.0145 33.9918 2594.37 110 46 0.492874 
11.9709 -23.9429 581.881 1568.48 119 50 0.00410279 
3.20827 -21.8659 732.904 1366.87 107 45 0.74186 
-4.80061 -19.7533 466.936 1535.61 119 50 1.70007 
7.91174 -2.02654 124.975 2615.82 110 46 2.74227 
30.7555 -0.29351 948.772 639.013 110 46 1.91877 
14.7044 -0.719272 758.832 1083.36 112 47 1.44728 
5.1469 -4.74662 159.972 2610.13 124 52 1.84382 
19.0269 -15.0284 705.839 1577.59 119 50 3.05456 
9.60369 7.45389 231.944 2693.23 117 49 0.974323 
6.23583 5.25243 232.955 2808.03 124 52 1.47515 
10.812 6.70329 606.85 1497.74 115 48 2.52304 
-1.02188 -14.2488 92.982 2755.54 115 48 2.28541 
19.166 -11.7821 337.925 2233.51 107 45 1.61332 
2.25745 1.01144 333.906 2199.37 112 47 3.12268 
14.9828 -13.5616 142.977 2776.22 112 47 2.00765 
3.63587 -9.13664 232.958 2336.82 105 44 0.955484 
26.7486 0.109977 681.866 1296.91 112 47 0.116025 
-2.90056 -19.2659 600.878 1721.46 110 46 0.00186666 
18.5715 -2.94485 830.829 1009.4 117 49 1.05479 
14.8994 -8.46094 726.853 1525.31 122 51 2.9119 
24.9885 -12.1266 760.883 1368.77 107 45 0.719205 
21.8684 -4.47784 926.76 768.531 119 50 2.77847 
17.7517 -8.80051 542.901 1826.85 119 50 1.76952 
-8.67503 -11.0766 843.858 1424.12 112 47 0.107095 
4.76486 -6.98819 138.98 2682.26 112 47 0.436989 
14.7063 -5.22511 519.907 1598.33 115 48 1.44462 
-2.84798 -8.21621 9.99896 2842.65 112 47 2.70005 
8.59716 -9.17555 81.991 2811.38 131 55 2.35954 
-1.36328 -17.5547 241.972 2674.53 110 46 1.20324 
3.28441 1.55423 442.864 2347.12 122 51 0.510257 
16.1355 -21.5734 632.872 1447.36 105 44 3.0799 
30.6053 -5.51466 648.839 1449.62 103 43 0.245103 
21.3417 -6.19173 979.767 1091.49 103 43 1.64207 
4.61424 -5.26905 541.894 1960.33 127 53 0.929278 
24.4645 -0.151238 759.868 1446.34 115 48 0.343353 
-0.99753 -11.307 269.928 2207.9 112 47 2.99482 
-3.67985 -14.8395 987.805 1092.06 107 45 0.911232 
19.5897 -16.0104 831.91 724.302 112 47 0.337509 
12.0691 -15.4492 682.84 1718.02 119 50 1.73765 
5.93986 -2.34335 786.921 995.081 119 50 2.92633 
17.3375 -4.95706 629.868 1227.63 103 43 1.56101 
-24.7225 -21.8669 303.945 2361.27 115 48 0.287882 
10.1709 -8.93369 78.9852 2795.04 117 49 2.62724 
6.9251 -2.61668 654.89 1372.96 110 46 0.251796 
4.65729 0.784639 209.954 2414.66 115 48 2.56432 
-6.67516 -12.2258 111.985 3012.61 110 46 0.19481 
0.468943 -0.31014 375.911 2278.31 117 49 2.83887 
-16.0354 -11.4567 507.908 1906.43 107 45 1.74295 
26.3585 -16.4874 934.864 1217.06 105 44 2.98713 
16.0397 -4.4083 645.87 1554.9 122 51 0.097803 
4.7721 -6.78305 309.97 2589.3 117 49 0.199486 
12.4008 9.33237 819.921 1297.36 110 46 0.0909951 
21.8573 -15.7499 458.898 2243.36 110 46 3.08382 
24.8332 -12.9117 116.982 2461.58 115 48 3.05282 
-12.5105 5.05761 114.963 2607.14 117 49 1.88124 
25.7349 0.235819 939.772 768.124 127 53 0.5144 
-7.76376 -15.5204 153.975 2379.59 105 44 0.518434 
21.5215 -12.2128 506.864 1813.44 103 43 0.443559 
27.2364 -1.6014 963.776 581.167 115 48 0.0501674 
4.40625 -4.03624 742.813 1021.85 110 46 0.0440121 
2.09355 -12.2788 6.99897 3013.11 115 48 3.0076 
6.43756 -0.32617 614.853 1803.14 119 50 0.629156 
2.60557 -5.67254 28.9947 2773.88 119 50 2.42685 
27.8896 -9.14109 763.828 1342.81 117 49 1.98183 
13.8946 -0.0289458 458.879 2171.22 115 48 2.0916 
-7.13687 6.34359 458.921 2060.34 110 46 0.0614694 
6.31831 -2.77996 459.935 2095.61 110 46 1.84794 
27.6634 -8.3476 969.844 649.583 112 47 0.174432 
32.3986 -4.09057 938.797 863.113 112 47 0.462749 
28.0717 0.234188 808.797 1446.29 110 46 1.74001 
-0.67739 -3.53133 334.954 2303.27 117 49 2.12126 
27.7468 -3.34272 645.852 1487.69 112 47 1.91254 
22.7957 -1.65783 649.878 1681.39 119 50 0.733924 
7.67343 1.64676 205.96 2378.29 115 48 3.1224 
-1.90003 2.85632 152.974 2689.99 129 54 0.425288 
17.3457 -20.3828 785.883 1243.19 119 50 2.93924 
27.6627 -1.74838 824.837 1045.38 119 50 1.5926 
-7.20061 -1.72328 262.941 2461.67 112 47 2.99253 
3.31078 -13.1442 537.883 1807.4 110 46 2.46439 
5.99482 1.90438 89.9821 2729.72 105 44 2.57217 
9.48358 -13.3471 934.831 953.913 112 47 0.787354 
5.93224 3.57431 139.966 3027.07 117 49 3.13952 
13.4375 -10.0929 581.922 1662.95 117 49 2.57395 
5.73636 -0.594002 984.862 466.164 115 48 3.07302 
-6.3601 1.5477 103.982 2876.13 115 48 2.05867 
15.4495 -8.57345 325.949 2410.48 103 43 2.89511 
0.69718 -12.1651 128.981 2835.03 115 48 2.3796 
16.4655 6.08054 858.844 1085.19 105 44 0.652125 
8.89653 -13.8997 573.859 1838.98 117 49 0.540816 
19.0262 4.42771 813.88 1169.3 119 50 2.74467 
3.46076 5.53479 211.952 2812.11 110 46 1.55133 
-17.1797 -16.9203 30.9953 3013.23 107 45 1.19183 
-7.00527 -18.5521 280.956 2157.19 112 47 0.677092 
10.3653 -13.5747 487.9 1770.67 107 45 0.0782449 
9.11567 -5.69197 598.886 1489.33 107 45 1.1361 
18.1502 1.36296 945.847 678.978 110 46 1.67181 
-3.15958 -10.2129 21.9957 2784.4 107 45 2.9368 
6.14044 -7.82018 38.9938 2814.52 122 51 2.17429 
-5.11919 -9.66883 949.806 808.639 122 51 0.202018 
-14.9351 9.13833 292.942 2442.77 112 47 0.795276 
25.2745 9.84971 805.848 1500.35 122 51 1.77349 
23.4794 -17.6259 834.843 1181.06 107 45 2.7214 
16.4881 -22.5529 963.855 595.008 110 46 0.272577 
5.84421 -3.20705 398.917 2298.13 107 45 2.59821 
13.9556 2.80564 643.866 1707.21 107 45 2.7062 
5.92434 2.44116 574.881 1306.6 112 47 0.107274 
-25.2676 -28.3124 12.998 2665.88 107 45 2.66975 
2.26225 10.767 777.869 1451.23 122 51 0.749271 
-2.88669 -4.654 674.879 1501.26 110 46 0.343357 
21.1977 -0.694006 74.9881 2537.08 115 48 0.28912 
17.1953 -0.325031 718.818 1069.34 119 50 1.75274 
13.5852 0.185631 808.923 850.128 127 53 3.1276 
15.3919 -11.4601 598.887 1612.84 110 46 0.367487 
-0.317046 -1.49999 726.85 1640.47 112 47 0.338038 
5.86393 -3.04235 787.89 1495.83 107 45 2.51597 
14.0701 -17.2272 271.904 2416.7 103 43 0.261967 
-4.99454 -13.9169 0 3019.78 115 48 0.165156 
10.6726 -19.3328 390.906 1962.46 117 49 2.56325 
-7.57418 -3.54882 256.955 2571.88 117 49 1.27887 
1.96461 -10.2772 203.949 2551.3 117 49 2.3107 
19.972 -14.1289 683.886 1429.66 110 46 0.0115283 
-5.91222 -21.7094 92.9804 2638.3 112 47 2.16251 
12.1699 -11.1021 855.796 1214.32 122 51 0.601506 
21.7736 0.647992 499.904 1672.01 112 47 0.188204 
29.7712 3.45778 846.719 1309.42 103 43 0.224493 
12.5429 -0.999893 499.886 1914.77 110 46 2.89395 
4.83906 -10.9411 251.956 2334.72 105 44 2.91233 
5.1611 -3.98885 125.984 2569.05 122 51 2.54057 
28.6141 -9.49373 911.812 1077.4 117 49 1.94031 
5.34037 -11.7723 203.949 2651.95 119 50 0.911805 
20.638 -10.0335 904.87 1353.52 112 47 0.23506 
-2.47452 -6.8766 21.996 3151.65 112 47 3.03673 
10.7046 -8.62248 740.883 1652.75 107 45 0.583968 
-11.3665 7.59015 252.958 2093.15 119 50 1.28214 
1.16008 0.923727 416.957 2277.03 124 52 0.15395 
27.7405 -0.128831 711.866 1240.14 117 49 0.193307 
6.71138 -21.254 208.97 2430.47 115 48 0.412212 
24.3803 -1.80048 365.907 2081.78 115 48 0.276398 
-0.0540713 -15.1585 83.9796 2587.15 119 50 0.297161 
12.3902 0.739816 449.938 1731.62 110 46 3.00874 
11.2505 4.06425 146.974 2727.46 122 51 2.35143 
19.9684 -27.7007 438.948 1711.77 117 49 2.77585 
0.552903 -3.74607 634.883 1729.42 105 44 1.08867 
1.33649 -12.9878 15.9971 2853.48 112 47 0.264592 
17.7475 -4.28696 354.909 2032.08 112 47 2.99637 
11.8447 -7.43753 448.878 1724.18 117 49 1.88066 
23.3741 -6.01789 665.876 1479.33 122 51 2.97788 
12.7206 -5.24185 654.89 1687.84 103 43 3.05447 
1.18568 -9.22209 294.94 2105.95 112 47 2.50285 
10.4303 -6.71761 463.91 1583.24 117 49 1.32936 
19.8123 -7.45148 689.855 1229.76 110 46 0.82021 
13.1705 -6.85404 830.893 1065.92 122 51 2.92206 
17.4762 -4.07436 626.902 1879.1 117 49 1.76705 
-0.4181 -19.0895 141.974 2445.99 110 46 0.593962 
0.854577 -20.9572 271.954 2504.97 119 50 0.50654 
15.0609 -18.7606 444.912 2024.22 117 49 2.17528 
-10.7516 -4.9628 295.962 2166.21 110 46 1.54053 
-5.14002 -11.5032 673.847 1729.44 107 45 2.78891 
12.268 -1.23047 101.977 2750.16 124 52 0.334943 
13.1273 -9.47796 363.944 2224.89 107 45 0.190728 
-4.39473 -1.90365 111.975 2695.36 110 46 0.776635 
3.17056 -8.88224 283.932 2611.62 117 49 1.52731 
20.4828 -17.8867 590.869 1918.45 117 49 0.327613 
11.8153 -14.7929 394.929 2134.65 110 46 0.703675 
10.8414 0.134962 810.832 1221.67 119 50 1.54878 
18.9017 -2.16067 976.842 798.372 112 47 0.457674 
5.40986 2.85587 324.907 2087.42 115 48 2.68255 
23.4942 -11.7194 804.866 1178.99 112 47 2.02936 
24.9663 -14.4065 525.9 1719.74 105 44 1.22114 
11.9079 -14.7424 498.887 1949 119 50 0.0423929 
33.965 6.19859 884.819 1093.21 124 52 3.13421 
-4.38055 -0.518294 0.999837 2873.78 117 49 2.15143 
-3.19848 6.23431 603.9 1610.96 119 50 2.80424 
23.8105 -4.10411 705.835 1432.56 117 49 0.0449014 
20.828 -10.7295 616.833 1683.1 103 43 1.52883 
33.2075 -8.28406 839.819 1046.74 110 46 0.173204 
14.5795 7.249 610.882 1524.13 107 45 2.31657 
-17.8716 11.6604 454.92 2294.67 122 51 0.450628 
19.8472 -8.60828 292.883 2399.59 115 48 0.0241214 
8.31472 7.35744 299.941 2405.44 117 49 2.68252 
15.4583 2.9919 561.906 1422.82 110 46 3.1224 
1.04932 -3.20113 867.882 1252.52 115 48 2.59366 
33.3528 1.07329 558.883 1678.93 107 45 1.45508 
26.2744 -4.61536 807.865 1169.09 112 47 2.31777 
13.9288 6.16225 532.885 1792.6 115 48 0.136855 
-7.19076 5.08353 836.786 1480.08 110 46 0.751833 
12.7037 -0.87339 665.877 1449.41 122 51 2.46657 
19.668 -14.7717 972.787 825.619 107 45 0.739294 
15.6753 -6.81309 804.846 1241.69 107 45 1.35014 
-8.94183 1.85777 379.931 2293.67 105 44 2.45655 
9.35679 -8.99027 773.852 1298.55 117 49 0.0469927 
3.2457 -10.9075 247.943 2357.18 103 43 2.42481 
9.40359 0.640349 843.873 651.58 107 45 2.37914 
18.5114 0.619544 945.84 780.795 107 45 3.13913 
-3.85663 -13.2156 217.936 2418.49 122 51 2.76087 
2.64327 -6.10997 287.954 2302.83 107 45 2.16246 
32.3383 3.0466 947.81 557.415 122 51 2.11867 
23.5196 1.61418 754.894 1470.61 117 49 2.69686 
21.1057 7.83623 783.765 1234.4 119 50 0.372972 
16.094 -11.018 836.802 1013.36 112 47 0.529896 
13.1924 -1.27926 673.773 1402.06 107 45 0.067339 
16.2748 0.337937 154.967 2642.31 107 45 2.39734 
7.74224 -26.7071 154.975 2616.14 119 50 2.71134 
19.3508 -6.33509 769.863 1293.14 112 47 0.298519 
13.7207 0.737243 558.88 1647.99 110 46 2.6764 
4.83167 -11.9113 876.843 969.01 112 47 3.12282 
14.249 -18.945 676.844 1393.23 122 51 0.246347 
11.1399 -4.939 295.946 2350.78 115 48 1.66812 
13.6434 -13.2773 411.92 1925.04 107 45 1.95592 
12.5596 -6.34297 272.971 2305.46 105 44 2.29618 
-11.2578 4.95803 244.976 2483.31 119 50 0.0159404 
23.5538 -10.4913 621.894 1419.06 110 46 0.870616 
-2.60274 -16.9939 268.927 2388.93 107 45 0.636199 
2.02216 -4.04165 899.891 867.61 124 52 0.850436 
3.61243 -7.47404 145.984 2580.46 119 50 0.0987062 
15.9964 -6.24666 266.937 2613.82 107 45 0.706819 
20.4838 -21.0677 792.817 1409.16 119 50 2.2085 
-20.9791 2.99556 398.974 2128.44 115 48 0.777095 
8.97058 -11.7079 161.96 2714.15 117 49 0.828775 
9.3014 -1.79878 727.878 1459.46 117 49 2.16276 
-9.64624 -22.5799 28.9908 2864.66 127 53 0.908529 
22.3647 2.15169 457.927 2008.91 115 48 0.263678 
21.0553 -18.0719 699.837 1679.48 117 49 0.311227 
33.4464 -7.66784 587.876 1876.43 107 45 2.40437 
5.43016 -5.66665 488.906 2016.11 105 44 0.242741 
11.103 -8.75242 471.924 1834.67 112 47 2.97221 
-16.102 -11.7684 152.974 2732.54 110 46 0.186243 
-17.1272 -14.3068 472.926 2330.25 115 48 0.726626 
-25.6186 -5.17019 83.9775 2570.66 112 47 1.74939 
11.0197 -12.4972 917.775 767.398 105 44 0.0716342 
15.4915 -17.8872 985.774 1080.2 117 49 1.79408 
26.2847 -6.10081 738.844 1317.98 117 49 2.01379 
11.3973 -11.1085 479.928 2043.57 115 48 1.08904 
-0.233977 1.63115 190.965 2529.04 119 50 1.07285 
8.4725 -6.00597 174.962 2739.38 112 47 3.09488 
-3.32268 -9.8588 0 2834.38 115 48 1.90029 
-6.90599 -6.78877 389.94 2320.54 105 44 2.69312 
11.6755 -3.68178 785.832 1075.69 117 49 3.0826 
15.6748 8.44515 954.854 961.108 117 49 0.202242 
-5.41682 -10.6744 52.9915 2981.93 105 44 2.23702 
4.8488 -0.454295 47.9898 2534.49 112 47 0.653877 
-9.50896 -2.26244 621.882 1904.22 112 47 2.5088 
-1.85503 0.604359 205.955 2271.53 107 45 0.364528 
14.3629 1.5313 684.866 1352.28 115 48 0.477162 
6.99858 -11 561.881 1592.9 127 53 2.20945 
-7.46134 -6.16231 856.854 1064.75 115 48 1.9998 
4.30289 -13.3723 64.9875 2691.89 110 46 2.80616 
16.9664 -36.2058 805.812 1479.28 124 52 0.311609 
8.24232 2.4775 211.954 2590.05 119 50 2.26559 
33.4466 -5.20452 940.818 396.658 107 45 2.63229 
-0.113874 -14.5845 195.965 2600.81 115 48 2.47509 
2.87467 0.245432 290.964 2457.37 117 49 2.88733 
6.02479 -2.04211 730.867 1488.08 117 49 2.09713 
12.855 1.03521 611.863 1175.98 117 49 0.229515 
-4.09612 -0.499814 106.976 2981.87 119 50 0.531472 
11.9711 -10.325 18.9962 3086.32 117 49 1.30101 
8.34727 -14.3532 310.927 2472.27 119 50 0.142734 
4.909 -5.98115 353.932 2262.33 112 47 2.5991 
9.31784 -10.1854 150.968 2574.42 112 47 0.0231114 
-5.725 -17.2704 619.895 1447 115 48 0.927771 
13.4947 1.90533 556.91 1833.33 115 48 2.61204 
30.0792 2.83443 982.828 921.009 115 48 3.13955 
9.17477 4.65118 452.902 2032.82 117 49 2.81328 
-1.288 -15.1744 822.867 878.752 115 48 2.29467 
3.97237 -8.43248 565.923 1730.87 117 49 2.79972 
10.2864 -13.819 550.882 1422.59 110 46 2.84975 
9.20681 6.11952 523.87 1588.62 105 44 0.766998 
5.71148 -5.26855 311.948 2373.54 119 50 2.03914 
21.0437 -2.49899 916.773 918.714 119 50 1.0733 
-2.03734 -1.20069 776.848 1214.08 110 46 2.37209 
-20.992 -1.96157 140.965 2774.53 115 48 0.0162263 
3.48464 -8.42359 370.907 2223.34 110 46 2.74082 
4.43438 -14.5338 301.94 2277.16 115 48 2.45271 
12.0849 -14.6458 946.898 910.907 122 51 0.829238 
7.23482 -4.51012 185.973 2425.4 115 48 0.0255226 
-4.20394 -1.11399 70.9873 2956.53 107 45 0.177883 
10.4045 5.37769 345.924 2212.13 107 45 0.0576066 
-5.74598 -15.7096 36.991 2891.39 107 45 3.06885 
17.4625 -2.19111 651.898 1833.34 103 43 2.98604 
9.37513 -9.11958 411.932 2042.24 117 49 1.12664 
-2.1548 -12.614 17.9955 2755.75 115 48 1.55312 
12.9195 -10.6313 736.902 1365.74 112 47 2.9955 
8.61774 6.86476 618.904 1774.43 127 53 0.891134 
4.80522 -4.64105 691.834 1122.75 110 46 1.34342 
27.1364 -13.1656 728.869 1487.5 105 44 0.882261 
10.978 -12.9675 611.906 1859.01 119 50 1.25316 
17.1981 -4.82952 612.877 1746.61 119 50 2.69861 
-17.4269 -0.264526 112.97 3115.07 117 49 2.0179 
15.3607 -15.048 561.865 1725.55 117 49 2.59626 
18.0411 3.2294 738.829 1151.66 115 48 3.02974 
2.18586 -2.41556 504.922 2221.72 110 46 0.128381 
19.4808 -13.777 488.911 1768.39 110 46 2.76186 
17.3619 -8.13435 672.882 1627.67 122 51 2.63973 
12.2955 -9.43425 620.892 1956.55 119 50 2.15066 
8.68236 -2.31107 911.84 1009.73 117 49 1.36271 
19.2228 -1.41384 625.855 1571.49 112 47 0.316086 
12.2548 -13.2979 0 2896.95 112 47 2.32996 
40.0912 -16.7967 669.875 1472.47 112 47 2.85296 
0.092204 -14.2445 231.945 2409.62 117 49 1.29915 
8.13995 -3.02017 54.9915 2916.08 112 47 2.62903 
-4.90924 -7.00105 46.9881 2853.39 112 47 0.00120306 
-0.133869 -5.79605 76.9855 2743.24 115 48 1.50418 
18.0594 1.03313 615.868 1404.73 119 50 0.0939982 
6.04752 -11.9583 123.979 2478.75 119 50 2.92533 
14.8532 -5.6569 670.871 1320.9 112 47 2.65086 
15.666 2.99221 469.907 2324.1 122 51 2.12032 
4.45396 2.11819 306.927 2285.97 107 45 0.923568 
26.4464 6.66637 878.777 1088.8 105 44 2.56807 
15.5201 -17.3122 271.963 2680.21 117 49 3.02466 
32.2 -7.60196 979.85 848.517 103 43 2.73964 
13.2076 -8.98398 604.877 1767.75 119 50 2.5995 
8.6005 0.116602 360.924 2055.84 119 50 0.776791 
1.90283 -10.3073 504.903 2067.76 115 48 0.01135 
19.7971 -18.3152 248.95 2429.01 115 48 0.887582 
24.1445 6.7392 792.859 1045.44 107 45 0.44044 
4.80971 -12.6015 524.894 1999.25 117 49 2.91843 
-26.2953 -19.9558 172.977 2676.47 117 49 3.0942 
-9.61115 -5.58358 258.943 2425.74 117 49 2.86947 
4.48825 -8.55739 823.856 1042.43 119 50 1.20737 
9.84625 -6.27583 733.898 1071.68 115 48 1.51969 
6.44857 -20.1585 87.98 2750.02 107 45 0.709663 
26.8902 -7.24272 926.855 923.813 112 47 0.553202 
2.24262 -7.92195 317.952 2258.9 112 47 1.55391 
4.3051 -21.0039 809.893 1121.77 117 49 2.43748 
15.4267 -5.76265 762.838 1147.2 110 46 2.27061 
38.7885 -5.97363 693.855 1583.17 119 50 2.1943 
-10.6549 -19.0636 129.97 2858.08 112 47 2.40192 
10.6806 -13.0371 101.985 2624.66 124 52 2.74779 
-0.465012 -12.5857 681.812 1533.66 115 48 2.12792 
22.2879 -10.9151 821.763 1148.94 122 51 0.172554 
-0.565148 -20.4819 424.908 2124.4 117 49 2.10497 
7.27783 -6.33527 520.942 1871.24 117 49 2.81612 
15.6009 0.0932917 53.9879 3130.11 112 47 0.0815021 
16.8681 0.271225 694.829 1251.19 115 48 2.41025 
16.2556 -0.802089 741.814 1254.66 122 51 1.69406 
7.27886 -25.5352 823.846 1221.65 115 48 0.739712 
19.3949 3.4249 250.931 2781.17 107 45 2.39448 
6.15377 -10.9584 849.848 798.341 115 48 1.23783 
14.9138 -8.35736 576.895 1888.6 117 49 2.84511 
2.29195 -9.42911 818.854 1383.88 112 47 0.873273 
2.59324 -8.26123 912.857 993.805 110 46 3.14099 
1.69116 -11.9365 155.972 2586.59 107 45 1.6763 
26.6763 -0.844614 775.779 1527.65 107 45 1.94141 
33.8515 -8.37929 548.895 1989.81 115 48 2.27685 
17.9996 -15.1005 270.963 2163.92 110 46 2.63025 
-11.4865 -0.864617 680.891 1754.74 110 46 3.00992 
14.036 2.30573 776.801 1237.08 122 51 2.03568 
-11.1706 -3.72635 800.86 1460.6 115 48 0.801939 
6.10851 3.49027 217.968 2649.35 112 47 0.694668 
5.29279 -2.87242 298.939 2428.55 110 46 0.508268 
0.060514 -3.41234 506.894 1947.95 110 46 2.47099 
10.3505 -13.8086 767.823 1379.91 119 50 1.83989 
8.58979 -6.26067 867.832 1050.95 107 45 1.15698 
15.6591 1.32389 804.877 1154.95 117 49 2.58244 
23.3741 1.93941 808.791 1140.61 119 50 2.93424 
1.56922 -9.2138 429.936 2166.84 115 48 1.07586 
4.95147 4.31469 896.865 1022.41 103 43 2.61047 
6.46821 0.807103 344.922 2319.63 107 45 2.85112 
11.9596 -0.745049 286.936 2406.72 115 48 0.18826 
17.2767 -17.6348 338.935 2147.69 117 49 0.0578624 
8.76995 8.99469 871.827 1098.67 107 45 2.60063 
4.61977 -15.2145 657.849 1714.99 119 50 2.89894 
2.02599 1.88841 828.823 1185.71 112 47 1.00409 
39.2485 -15.4504 738.834 1211.62 117 49 2.65139 
14.2309 -9.39608 567.934 1535.57 115 48 1.64358 
0.301947 -16.0586 62.9893 2797.69 110 46 2.8608 
12.3178 -6.58821 569.924 1824.49 110 46 0.758333 
14.9804 5.10803 641.9 1678.81 107 45 0.294991 
22.8432 0.548125 922.825 749.065 122 51 2.80915 
-9.49775 0.265256 590.909 2037.78 105 44 2.2345 
-1.07438 6.0648 612.902 1644.92 122 51 2.23436 
25.8971 -4.61993 701.88 1500.15 115 48 0.541699 
10.7727 -4.45692 121.98 2776.33 112 47 1.21545 
15.2945 -13.6699 99.9878 2469.02 110 46 0.0323358 
12.7418 -3.45258 667.891 1672.82 112 47 1.79192 
-2.04497 0.508199 722.896 1371.75 119 50 3.07616 
30.0573 -2.53744 638.885 1946.42 117 49 0.32118 
17.7224 -9.75328 836.904 804.93 105 44 1.42901 
0.335822 -0.0465952 174.967 2800.42 110 46 0.51503 
23.2026 -3.03181 759.843 1267.63 112 47 1.49012 
-11.9785 -11.4874 482.88 2040.71 124 52 0.158916 
17.5868 -3.47704 500.893 1782.85 119 50 2.17228 
22.1179 -13.7043 985.795 460.023 112 47 0.465331 
0.23664 -5.72627 489.873 2276.21 119 50 1.09565 
27.1128 -3.65266 427.917 1716.53 112 47 2.34442 
5.20359 -0.630669 893.844 1208.34 112 47 0.208672 
-11.6502 -18.6302 184.952 2379.82 117 49 2.98856 
-13.8299 -1.63028 709.878 1378.29 117 49 0.284776 
-14.9015 0.815327 405.953 2028.05 110 46 1.24434 
-7.91476 -5.31 106.978 2495.08 110 46 1.97872 
3.84837 -6.73044 120.979 2744.95 119 50 1.68054 
21.4586 -7.09772 134.967 2720.31 119 50 0.157185 
-6.77829 6.33371 288.934 2454.34 110 46 2.84418 
5.11433 -7.08387 439.915 2287.26 117 49 0.481439 
17.7028 -10.5904 229.947 2553.15 103 43 2.04655 
14.2069 -12.2664 744.85 1437.39 110 46 2.53036 
7.5644 -0.676741 825.857 1261.44 115 48 2.82954 
18.291 -1.28971 857.804 1505.83 110 46 0.758496 
20.3057 0.0800815 537.879 1758.93 112 47 0.0627291 
-1.26516 -10.2167 445.917 1646.52 115 48 2.82991 
11.0729 -21.2931 638.849 1573.97 119 50 0.54499 
24.9917 -12.9122 490.897 1836.02 117 49 3.07677 
-8.06501 -19.1206 75.9815 2710.29 119 50 2.66193 
-17.5691 -4.62882 284.931 2091.47 110 46 0.126128 
8.73975 2.41215 131.968 2840.32 112 47 1.74405 
10.2553 -7.59559 417.93 2116.95 107 45 2.8219 
7.8304 -18.6752 192.968 2478.3 119 50 0.982631 
12.1265 -14.7192 175.965 2513.99 112 47 0.670015 
-1.40455 -4.55258 79.9797 2563.29 107 45 2.92224 
-2.24094 -11.5495 235.959 2458.64 117 49 0.198635 
1.68307 -8.47561 666.883 1799.85 124 52 2.04657 
18.6049 -1.99078 664.912 1618.91 119 50 0.757864 
17.8966 -4.02434 911.824 1037.41 115 48 1.13207 
16.4298 -13.1298 744.843 1535.06 110 46 3.07659 
13.6187 1.89477 99.9757 2735.14 117 49 1.50452 
3.27548 -18.4205 160.958 2648.38 105 44 0.368805 
18.101 -10.3882 658.893 1776.91 107 45 2.58583 
14.9424 0.519233 504.903 1961.77 119 50 2.77049 
-5.17195 -15.5394 351.929 2430.88 119 50 0.328152 
7.39819 3.97248 204.956 2340.11 115 48 0.250942 
-0.640641 -18.3968 100.978 2930.46 110 46 0.365192 
8.35941 4.87205 801.871 1450.98 112 47 0.568316 
11.5768 3.46347 776.87 1599.53 119 50 0.13967 
5.335 -0.379031 766.874 1482.95 107 45 2.88843 
12.332 -9.40066 59.984 2708.3 112 47 0.562613 
6.96301 -5.32083 468.917 1917.82 127 53 3.02164 
28.9108 1.43966 862.809 1250.12 122 51 0.489723 
-9.77379 -10.2191 171.97 2510.29 119 50 0.0672244 
13.492 -12.2829 666.873 1272.81 115 48 2.94528 
-1.98364 -8.90068 370.932 2174.22 115 48 1.04874 
5.08381 -12.7042 300.95 2290.81 119 50 0.409831 
13.8699 -8.19196 478.929 1771.95 112 47 2.66948 
18.4268 -5.7819 661.876 1406.85 115 48 1.15966 
6.55968 -19.3304 254.957 2320.36 110 46 3.03791 
5.93478 -3.98518 841.872 914.381 115 48 1.12678 
6.63504 -20.1274 410.881 1987.23 110 46 2.55121 
13.5833 3.06165 851.843 919.124 117 49 0.418883 
13.9764 -10.9031 965.828 845.872 115 48 1.63101 
2.78211 -2.99781 549.912 1931.87 112 47 2.27187 
21.4203 -4.1589 40.9935 2842.37 112 47 0.441572 
15.2473 -7.01813 785.894 1238.61 117 49 0.46794 
18.9071 -4.15766 547.857 1828.02 117 49 1.72434 
16.4614 -2.24385 470.93 1728.37 119 50 1.0522 
6.47004 -16.2529 317.935 2149.09 117 49 0.349665 
12.3501 -4.29729 314.937 2211.17 115 48 1.16953 
9.04868 1.12012 172.955 2168.11 119 50 0.179657 
18.6135 -8.84675 901.789 656.651 105 44 2.71045 
23.7685 -6.92149 820.914 1176.38 112 47 2.52003 
19.2175 -8.13453 513.916 1811.52 112 47 2.91333 
3.90083 -0.770306 806.845 1138.49 107 45 3.00955 
3.8839 -4.45221 236.941 2596.86 117 49 2.3721 
12.0569 7.03231 611.887 1417.99 117 49 3.018519.0983 1.15965 106.975 2582.35 119 50 2.92719 
5.32378 -6.13705 319.937 2318.15 119 50 0.263844 
0.0827149 -13.5773 3.99924 2943.18 112 47 1.00644 
2.24163 -9.00781 742.839 1509.54 110 46 0.520301 
15-6.82382 0.772268 47.9899 2830.82 119 50 1.55395 
-7.01166 -4.22548 290.936 2464.41 115 48 0.464078 
11.1472 -5.7572 711.877 1500.21 110 46 2.96531 
17.9302 -6.40569 757.859 1014.26 112 47 2.80375 
0.217239 -8.31669 746.811 1544.67 119 50 1.29503 
3.7955 0.805605 212.961 2399.6 117 49 0.189037 
14.3476 -6.47528 545.888 1728.38 119 50 0.14253 
17.1538 -8.85802 899.725 1031.67 112 47 0.271881 
-7.21144 -14.4131 549.87 1746.67 122 51 0.306233 
-5.69383 -0.0826795 0 2878.78 124 52 0.689255 
-1.73344 -20.6734 221.963 2166.82 122 51 0.0205723 
2.27091 -16.1038 561.857 1619.73 117 49 0.981181 
1.18845 -9.76583 732.888 1402.59 115 48 0.642199 
17.7104 -2.51961 601.909 1561.88 122 51 2.09799 
12.3273 -6.96987 727.842 1448.64 110 46 0.00308126 
1.502 -11.3951 186.96 2456.06 124 52 3.11966 
9.56744 -10.0037 214.941 2428.02 115 48 2.26106 
-8.09522 -7.4343 530.938 1958.69 112 47 3.09618 
10.8195 7.31641 878.732 1111.99 107 45 1.59464 
-6.68429 -0.757225 261.947 2408.51 122 51 2.64698 
39.2453 -1.56004 763.773 1126.33 122 51 1.49479 
11.6509 -15.0868 243.95 2429.99 115 48 0.0234405 
10.2343 -33.1042 415.911 1885.71 117 49 0.379671 
35.0133 -6.23666 871.856 825.94 117 49 0.133893 
-3.11935 -24.413 5.99894 2909.21 115 48 2.54158 
18.5563 -13.1935 716.883 1323.67 115 48 0.12122 
7.63696 -10.9029 149.97 2808.03 110 46 1.0563 
7.62376 -6.89793 650.934 1695.46 112 47 2.16411 
9.18898 -18.058 456.925 1899.31 105 44 0.819962 
6.05835 -11.2383 477.926 2191.35 105 44 0.279374 
10.8128 -4.58424 747.843 1334.41 103 43 2.43053 
7.33888 5.71778 826.795 1138.27 122 51 0.394512 
9.37277 -1.02444 471.915 2345.35 122 51 2.36629 
14.7577 -8.06541 884.842 525.304 107 45 3.10644 
-6.1472 -0.913873 638.866 1485.06 117 49 0.945028 
4.22441 5.27313 478.915 2009.74 105 44 1.44803 
17.8974 2.67116 660.927 1247.52 115 48 2.96714 
7.0362 -1.78312 686.9 1766.65 105 44 0.339005 
12.2893 -10.2125 733.859 1498.41 107 45 0.417253 
13.0733 -11.9594 677.897 1509.44 117 49 2.88609 
0.938322 -16.5861 83.9801 2710.92 115 48 3.08313 
19.4147 -9.99352 322.943 2164.87 110 46 1.94032 
5.88911 -1.69758 372.919 2323.26 110 46 3.1063 
11.0118 -1.19834 866.836 812.388 112 47 2.2241 
2.23058 -17.1463 110.976 2776.21 110 46 0.218925 
3.40082 -4.30427 695.895 1457.32 124 52 1.15208 
-12.8789 -7.28113 299.937 2208.31 117 49 3.0943 
-14.5495 -13.2142 293.95 2443.89 115 48 0.352806 
8.99621 -9.79511 866.832 982.086 103 43 2.23371 
11.836 8.57866 707.857 1087.97 117 49 0.490255 
-1.52253 -4.83145 240.947 2681.88 110 46 0.176275 
16.844 -15.3628 511.888 1930.46 129 54 1.02184 
8.81008 -8.52366 887.805 1208.98 124 52 1.07687 
3.15105 -8.08002 60.9886 2820.02 127 53 2.70687 
5.46832 -16.5359 77.9852 2924.83 115 48 2.22797 
26.221 -8.09951 967.794 1015.3 115 48 0.589062 
30.3637 -3.97014 909.898 914.571 110 46 1.24155 
-0.274099 -7.96132 846.891 864.113 112 47 0.568667 
8.16397 -9.51232 317.916 2175.08 115 48 2.73779 
-5.55052 -12.7636 756.865 1494.09 124 52 0.516582 
6.24362 3.71525 375.915 2080.86 112 47 2.43835 
17.5455 -2.7169 989.72 1239.26 110 46 2.01517 
14.9929 -0.47408 334.906 2406.41 117 49 0.110148 
20.7113 2.44563 631.863 1651.28 119 50 0.383895 
7.68425 -4.27115 639.866 1450.3 110 46 0.771092 
2.19706 1.76016 18.9965 2956.28 112 47 0.905389 
18.0331 2.36097 905.777 851.742 107 45 2.97342 
2.12964 13.2945 656.89 1414.95 119 50 0.492261 
2.09387 -6.40025 238.963 2412.56 119 50 0.79292 
14.0107 0.537997 81.9839 2629.9 127 53 1.50062 
-12.6635 -0.0941625 268.951 2396.56 112 47 3.01391 
25.025 -10.0146 787.897 1316.39 112 47 0.188698 
7.97957 -18.8128 445.919 1820.01 115 48 1.93685 
11.3078 -9.62925 982.879 809.246 110 46 1.12969 
-2.05435 6.28206 265.93 2334.99 105 44 2.20156 
8.53252 -1.50496 722.87 1226.84 110 46 3.02142 
31.2507 -7.65871 925.789 1023 124 52 2.58365 
26.9746 -3.95919 842.86 893.849 119 50 0.269191 
11.3644 -21.7079 909.768 775.604 115 48 0.494441 
10.6797 0.317362 399.914 2343.72 112 47 0.061056 
9.09281 -12.5998 657.884 1495.36 105 44 0.475513 
12.5426 -26.2811 857.847 1145.18 119 50 3.10324 
17.4247 -6.85913 612.852 1623.39 110 46 0.343113 
16.8662 9.51563 334.936 2156.38 117 49 3.13276 
12.682 7.43214 674.899 1082.13 112 47 0.660904 
2.8055 -27.8264 303.913 2363.09 110 46 2.49516 
-0.351202 -10.4436 298.954 2437.8 112 47 1.86266 
15.0258 4.34594 799.866 1271.03 105 44 2.1147 
4.51404 1.59913 77.985 3070.76 107 45 0.0236315 
6.68092 2.34225 871.808 1013.59 110 46 2.13503 
9.52467 -11.324 245.942 2616.98 115 48 0.195408 
3.8902 -9.3966 54.9895 3034.6 119 50 0.413365 
-7.56744 -12.1138 479.894 2001.63 115 48 3.11949 
25.6864 1.77247 813.813 881.065 105 44 1.70367 
4.58575 -24.0625 20.9967 2924.72 119 50 0.664204 
16.1617 -7.58132 341.936 2493.33 112 47 2.90638 
-1.91798 -9.6017 30.9937 3007.43 124 52 0.621161 
-12.547 -3.53421 769.856 1165.71 105 44 3.04511 
-0.55195 5.39603 319.916 2061.52 119 50 2.47164 
-4.51379 -13.2427 0 2863.37 119 50 3.00488 
24.7161 0.765882 933.773 1131.2 103 43 0.830205 
.21998 
0.769524 -4.05215 211.972 2737.64 134 56 0.751266 
 
